COORDENADA X	 COORDENADA Y	 TEMPO
0.16681537255742518	0.8663932636529883	0.014461755752563477
0.1682999880850556	0.8629186090242867	0.044461727142333984
0.17124258678570792	0.8604698096207836	0.07446169853210449
0.1682349428568333	0.8573856281033891	0.12446165084838867
0.1691778106294677	0.8500337879506951	0.16446161270141602
0.17169433543412166	0.8498783921020373	0.19446158409118652
0.17147017247407295	0.8472748845531218	0.22446155548095703
0.17213331067592996	0.8482045031758499	0.25446176528930664
0.1727780608075709	0.842838266805277	0.294461727142334
0.17267580537562152	0.8463223258342146	0.3244616985321045
0.17305794784024062	0.8494198940938595	0.3844616413116455
0.16924160948233352	0.8752746552265763	0.414461612701416
0.17017084959425208	0.8830073696607085	0.4444615840911865
0.17010251407174612	0.8851662000699746	0.47446155548095703
0.17149972181908205	0.8868487082204752	0.5144617557525635
0.17285176022229276	0.8862938073190144	0.544461727142334
0.17218232563725264	0.8882272299729833	0.5744616985321045
0.17409552727177682	0.886830131619649	0.6144616603851318
0.3169164622624934	0.861823676648446	0.6744616031646729
0.31847827937346446	0.8664261169607093	0.7144615650177002
0.3180415336840121	0.8685860371627248	0.7444615364074707
0.3192799109138551	0.8703128925491355	0.7744617462158203
0.3196708869760296	0.8736844882023226	0.8144617080688477
0.3208772891449631	0.874574813687714	0.8444616794586182
0.3205400452915972	0.8737403025523881	0.8744616508483887
0.32038616212904647	0.8751231714414738	0.914461612701416
0.31937671031202264	0.8735446311191781	0.9444615840911865
0.31940998737696336	0.8745561567369388	0.974461555480957
0.3201863624984124	0.8742148839494505	1.0144617557525635
0.3193791328614194	0.8740258222639381	1.044461727142334
0.31923419415921844	0.8736223879363109	1.0744616985321045
0.3172828086646117	0.8725622372862663	1.1144616603851318
0.3169557131685138	0.87283426696953	1.1444616317749023
0.31619823097787203	0.8719145616148631	1.1744616031646729
0.3155873335388409	0.8725829742165346	1.2144615650177002
0.3015175601109864	0.8612533794971355	1.2444615364074707
0.2049009528824266	0.8661912384652712	1.2744617462158203
0.20593001648096892	0.8682229049725543	1.3144617080688477
0.2067316786954328	0.870030739577453	1.3444616794586182
0.20802567150378984	0.875468047955976	1.3744616508483887
0.1257153371918518	0.6864926844283541	1.4444615840911865
0.12568072216492185	0.6917653612001003	1.474461555480957
0.12656372683277842	0.697395897416885	1.5144617557525635
0.12612452632024804	0.6972982895975689	1.544461727142334
0.1256052454362162	0.6991097644176505	1.5744616985321045
0.12570494286961825	0.700156354937971	1.6144616603851318
0.12493545452420128	0.7006427022181412	1.6444616317749023
0.12567529581936537	0.7012739968669625	1.6744616031646729
0.12621639918837843	0.7031588702881157	1.7144615650177002
0.11524976149191388	0.7046701189459301	1.7444615364074707
0.11531663727714782	0.7041133195681613	1.7744617462158203
0.11508151660265706	0.7030043353968064	1.8144617080688477
0.1144764838985455	0.7022076904671042	1.8444616794586182
0.117057847591025	0.706685274003795	1.8744616508483887
0.11616785184274211	0.7049495702386666	1.914461612701416
0.11559240226097185	0.7028620790774782	1.9444615840911865
0.11467332533275233	0.7036963808253338	1.974461555480957
0.11193021920644025	0.7039363423378036	2.0144617557525635
0.1116755553370574	0.7055697975693482	2.044461727142334
0.11203791084349728	0.7007286421058982	2.0744616985321045
0.11696984546501703	0.706615508697512	2.114461660385132
0.14430280812358134	0.7346953123448003	2.1444616317749023
0.1451793324812773	0.736231831380039	2.174461603164673
0.14566438710941587	0.7350673036480732	2.2144615650177
0.14538393755329204	0.7383167982448514	2.2444615364074707
0.14132372089742984	0.7473403147836547	2.2744617462158203
0.05650046965303724	0.7285599533771028	2.474461555480957
0.06881376844423613	0.7093657916654288	2.5144617557525635
0.07559154025630194	0.7027969326270689	2.544461727142334
0.07825320139501012	0.7035115379732083	2.5744616985321045
0.08207647821076074	0.6987364109047182	2.614461660385132
0.08870494018015343	0.6912972749140167	2.6444616317749023
0.0954516055362423	0.6911958822581388	2.674461603164673
0.1125591220994744	0.698244511076833	2.7144615650177
0.13079347952829903	0.718500391419497	2.7444615364074707
0.1290380291960948	0.7124477816236506	2.7744617462158203
0.1302616735689871	0.7170905381333949	2.8144617080688477
0.13036477901579377	0.7180995264944623	2.844461679458618
0.1298959347441487	0.7158527049995684	2.8744616508483887
0.1310758650634718	0.7224108836727018	2.914461612701416
0.13023919620669022	0.7231732020908863	2.9444615840911865
0.13297888367948765	0.7243041980472642	2.974461555480957
0.1347177027824861	0.725984592381672	3.0144617557525635
0.13245669708650193	0.72883171605423	3.044461727142334
0.1349318976387679	0.730552057655213	3.0744616985321045
0.12696195367701088	0.723331120878623	3.114461660385132
0.12019695608205287	0.7152161380304554	3.1444616317749023
0.11752296622958361	0.712492731695379	3.174461603164673
0.1161164025853461	0.7117172352531244	3.2144615650177
0.11786024559423139	0.7256839628266404	3.2444615364074707
0.11727673744851178	0.7220858272616497	3.2744617462158203
0.11609583053405281	0.7210604241063	3.3144617080688477
0.11662265681443361	0.7190320423634373	3.344461679458618
0.11635262807145871	0.7181572773077389	3.3744616508483887
0.11668105112654173	0.7164155808739493	3.414461612701416
0.11463645814114114	0.7138899066386917	3.4444615840911865
0.11864169002588593	0.7106900707995674	3.474461555480957
0.15086508205324484	0.7324815154903173	3.5144617557525635
0.158426082473782	0.7326606203781735	3.544461727142334
0.15842259030608088	0.7249553009328114	3.5744616985321045
0.16092472399793697	0.7256731728457843	3.614461660385132
0.16247021407419218	0.7231469791848215	3.6444616317749023
0.16337348543840968	0.7223987753362235	3.674461603164673
0.16312862762867714	0.7248633364057467	3.7144615650177
0.16406780191197284	0.723747525413715	3.7444615364074707
0.1650926139529572	0.7240536987821328	3.7744617462158203
0.16487893619378485	0.723242246025892	3.8144617080688477
0.1641917768084754	0.7288999475132826	3.844461679458618
0.16336148377991183	0.7325848505545216	3.8744616508483887
0.1791672513898771	0.72654496403404	3.914461612701416
0.1840111606926935	0.7315510580293237	3.9444615840911865
0.18412852790900539	0.7314300532388927	3.974461555480957
0.18440198809887978	0.726400462223232	4.0144617557525635
0.18468965206893168	0.7242798669835138	4.044461727142334
0.1838440642140735	0.7262934990775975	4.0744616985321045
0.1897420702436597	0.7244803591423189	4.114461660385132
0.22214743586152438	0.7045925865583645	4.144461631774902
0.22179005803300805	0.7065722063517522	4.174461603164673
0.22101237265690282	0.7064545603212925	4.2144615650177
0.22017044000809438	0.7054832113847661	4.244461536407471
0.22063077055515637	0.7064142220245604	4.27446174621582
0.22167614133763594	0.7019604779806998	4.314461708068848
0.22231139648444068	0.6940242355109049	4.344461679458618
0.25225766075472184	0.6762795305649666	4.374461650848389
0.25494871921003825	0.6752291952375412	4.414461612701416
0.2561384467295317	0.6729203338128628	4.4444615840911865
0.25577567601945067	0.672570786732876	4.474461555480957
0.2549414805230069	0.6717680192269666	4.5144617557525635
0.2553980827802562	0.6710739557935487	4.544461727142334
0.25221029468882117	0.6708767399848856	4.5744616985321045
0.2537675578339445	0.6705073803091283	4.614461660385132
0.23834530023803577	0.6695565995738983	4.644461631774902
0.23632317098117162	0.6717917093945135	4.674461603164673
0.23416619950730555	0.6702981197515746	4.7144615650177
0.23759934673513303	0.6740994488531958	4.744461536407471
0.23617016616442166	0.6714216612632733	4.77446174621582
0.23446001732020963	0.6698892065614184	4.814461708068848
0.2524919027406299	0.6595824235016902	4.844461679458618
0.2624984991068357	0.6539234980429579	4.874461650848389
0.26235784068942014	0.6560312991022934	4.914461612701416
0.2635496874281471	0.6574132571841882	4.9444615840911865
0.2629161800307175	0.659165675533814	4.974461555480957
0.2651407470166443	0.6620197651908375	5.0144617557525635
0.26680560721247254	0.6615625407952427	5.044461727142334
0.26763689781267785	0.662292052964166	5.0744616985321045
0.2923428699040185	0.6667320033930102	5.114461660385132
0.2961437211222672	0.6688667909221816	5.144461631774902
0.29593616315683363	0.6683848869772973	5.174461603164673
0.29633470982121213	0.6659557782930459	5.2144615650177
0.29593565219070583	0.6624603409631913	5.244461536407471
0.29548666286218533	0.6720895651476912	5.27446174621582
0.2948416101498605	0.6711089095349703	5.314461708068848
0.2992403385766223	0.6699138881519223	5.344461679458618
0.3191352982041813	0.6875916104316057	5.374461650848389
0.32082866314651753	0.6877027557676522	5.414461612701416
0.32153585176194976	0.6911094964316272	5.4444615840911865
0.32153878516108836	0.6923735783289398	5.484461545944214
0.32110273947223644	0.693144301474546	5.5144617557525635
0.32170890780211836	0.694612428782147	5.544461727142334
0.32113111235346	0.6967675269654355	5.584461688995361
0.32210425817160654	0.6939260656180034	5.614461660385132
0.32194638487201277	0.6950084315231485	5.644461631774902
0.3291916449374271	0.6971411749749381	5.68446159362793
0.3469503339203297	0.7012881121056675	5.7144615650177
0.3472120040254952	0.6993452012728211	5.744461536407471
0.34827901258896016	0.7013247723643682	5.784461736679077
0.3484405148979719	0.7009563897278528	5.814461708068848
0.3478274260812667	0.6995123627060277	5.844461679458618
0.3474751394147464	0.6994633156607503	5.8844616413116455
0.3470115167936285	0.7016034446392616	5.914461612701416
0.3711414815715008	0.6874032266578317	5.9444615840911865
0.385912385468324	0.6833083532346418	5.984461545944214
0.38614242224421885	0.680920425520505	6.0144617557525635
0.38474612501319355	0.6798152258684684	6.044461727142334
0.3855764671490508	0.6824565405915816	6.084461688995361
0.3843827761568715	0.6816353665347542	6.114461660385132
0.36200586400056706	0.6933940100489415	6.144461631774902
0.3477637324036156	0.6992993192437675	6.18446159362793
0.3512984148564883	0.6992983027615318	6.2144615650177
0.3513983714867128	0.698958021747075	6.244461536407471
0.3519002658488717	0.7013766439318971	6.284461736679077
0.3521652689751236	0.7012916814841602	6.314461708068848
0.35322795133411	0.7019574047301654	6.344461679458618
0.35358614558282975	0.7031046152820815	6.3844616413116455
0.3529952324005418	0.7038321537676268	6.414461612701416
0.3535849182527477	0.7029438979592512	6.4444615840911865
0.35307342136820535	0.7045903563998578	6.484461545944214
0.3529904509738539	0.7035589321136959	6.5144617557525635
0.35357354330655755	0.7034535488007212	6.544461727142334
0.3522770329823174	0.702534035303057	6.584461688995361
0.3522633395642933	0.7033945485145575	6.614461660385132
0.3793381334381777	0.6868981636858863	6.644461631774902
0.3823229122676035	0.6849588214784211	6.68446159362793
0.3815983353877659	0.684933664379028	6.7144615650177
0.381650576256257	0.6831088299675253	6.744461536407471
0.38083162063429354	0.6811300765898831	6.784461736679077
0.3805594048425623	0.6820654936535097	6.814461708068848
0.381450711340642	0.6824600494373791	6.844461679458618
0.3812995547912319	0.6832233747433396	6.8844616413116455
0.38143498266853293	0.6840056456905841	6.914461612701416
0.39576994561462314	0.6572823082891927	6.9444615840911865
0.39865596422696975	0.6482212261928948	6.984461545944214
0.40030523032366383	0.6476058194219131	7.0144617557525635
0.39993197143920156	0.6477784756003613	7.044461727142334
0.3965382159940467	0.6535740472726198	7.084461688995361
0.36423965680831755	0.6847299725259048	7.114461660385132
0.3650869691694227	0.6854004327587875	7.144461631774902
0.36571680553996594	0.6879230960051034	7.18446159362793
0.36529502918167844	0.6891520119825136	7.2144615650177
0.36550767909431947	0.6915794657753503	7.244461536407471
0.36441968385772133	0.6924709589432697	7.284461736679077
0.35244787120033494	0.7024505455887354	7.314461708068848
0.34621446514996496	0.6362632558621846	7.7144615650177
0.3555750093646355	0.6303722250594233	7.744461536407471
0.3598873792101579	0.6304020374077504	7.784461736679077
0.3647352046999735	0.6328383434274163	7.814461708068848
0.3662095151463915	0.6356485272571226	7.844461679458618
0.36892168730800473	0.635443531069237	7.8844616413116455
0.40050526770987366	0.6331004123325119	7.914461612701416
0.40447425372556045	0.6328594708189472	7.9444615840911865
0.4047450728749093	0.6318787566029476	7.984461545944214
0.4058177400413581	0.6273395328720606	8.014461755752563
0.4062436733885484	0.6271142977368461	8.044461727142334
0.40614047182348645	0.6276267046659956	8.084461688995361
0.4062602123292646	0.6267608857045596	8.114461660385132
0.40623893398923305	0.6270061790709807	8.144461631774902
0.407469149382083	0.6275195537454703	8.18446159362793
0.40684970567708423	0.6293355315458439	8.2144615650177
0.4071610550404378	0.6290243740490304	8.24446153640747
0.4052403920156068	0.615198565619685	8.284461736679077
0.39459806828109356	0.563576244176173	8.314461708068848
0.39437146996030226	0.5624086381565516	8.344461679458618
0.39407521209417945	0.5630378472763488	8.384461641311646
0.3934447429885665	0.5650366316646173	8.414461612701416
0.3942519809942556	0.5662224179850583	8.444461584091187
0.3931346609244657	0.5663202192042812	8.484461545944214
0.39325743829114956	0.566312725435434	8.514461755752563
0.3806931763929518	0.541082146985679	8.544461727142334
0.3636445915602025	0.5077083047329177	8.584461688995361
0.3645260582901002	0.5081851877117666	8.614461660385132
0.36555799767767017	0.5080542911297797	8.644461631774902
0.3643260074720996	0.5089856154938149	8.68446159362793
0.36429960717007603	0.509788087952177	8.7144615650177
0.3649633909350016	0.51135114349587	8.74446153640747
0.36416316154760714	0.5100555727620154	8.784461736679077
0.36448016448875786	0.5098696471769659	8.814461708068848
0.36458338164104626	0.5099986213367618	8.844461679458618
0.36638106858110203	0.5103408426302816	8.884461641311646
0.365536859522279	0.5098432491965231	8.914461612701416
0.3632999183896002	0.504660583888724	8.944461584091187
0.3281134749978757	0.4444380518713056	8.984461545944214
0.3260766191696872	0.4434571592201198	9.014461755752563
0.3245724670151328	0.4426260680620865	9.044461727142334
0.32540239475134475	0.4443032970021283	9.084461688995361
0.32389413416683854	0.444155424761148	9.114461660385132
0.32372787699860484	0.44372083719115146	9.144461631774902
0.3239900161286457	0.4442978663267807	9.18446159362793
0.32329851396251263	0.44319554334862044	9.2144615650177
0.3221032193880849	0.4427700841211446	9.24446153640747
0.3220859197253969	0.4442513367118887	9.284461736679077
0.3225571694813686	0.4441615477304732	9.314461708068848
0.3225261156926707	0.4439703515907127	9.344461679458618
0.3220729750022083	0.44338886091894225	9.384461641311646
0.3223322458628252	0.4433104167736817	9.414461612701416
0.3216074053355505	0.4427505985212939	9.444461584091187
0.29875622803130136	0.418607129388961	9.484461545944214
0.26905831748895265	0.3972630331337395	9.514461755752563
0.27059480461699925	0.3982150739396358	9.544461727142334
0.2706474385309363	0.39692377941306656	9.584461688995361
0.2699059856173511	0.3983014724135241	9.614461660385132
0.27015545257470236	0.3993872709508288	9.644461631774902
0.27031592604109894	0.3993526214829536	9.68446159362793
0.2701232042649655	0.39936463973870806	9.7144615650177
0.26865416579721974	0.3999240962377629	9.74446153640747
0.21229018582813206	0.4159974814499413	9.784461736679077
0.20816159803997492	0.42021015664332795	9.814461708068848
0.2072409271370842	0.4210208805462534	9.844461679458618
0.20665722128704261	0.4222455727456138	9.884461641311646
0.20685522075012533	0.42129097208394584	9.914461612701416
0.20664435056973543	0.42087679523463384	9.944461584091187
0.2068985500942841	0.42004801311802265	9.984461545944214
0.20755915228313984	0.42197660762224093	10.014461755752563
0.2080779334936963	0.4220370125335961	10.044461727142334
0.2085115198331519	0.42329550776397595	10.084461688995361
0.20856521607434586	0.4221204827245232	10.114461660385132
0.1863178481297101	0.4326699872918064	10.144461631774902
0.1750059277313868	0.44346509751780444	10.18446159362793
0.17588125124608597	0.44384418637738055	10.2144615650177
0.17589664061527271	0.44392347319086517	10.24446153640747
0.17612813977164746	0.4442969783917238	10.284461736679077
0.17641917185449552	0.445056435018283	10.314461708068848
0.17727600739319216	0.44429162737105293	10.344461679458618
0.1770205788612621	0.4451188544078991	10.384461641311646
0.176992679970239	0.44430507252804374	10.414461612701416
0.17764483882263463	0.44327968235922377	10.444461584091187
0.1757883146790919	0.44787026061349533	10.484461545944214
0.13166212817287556	0.5306802304331929	10.514461755752563
0.1311705272255311	0.5382860078869741	10.544461727142334
0.13101282091313898	0.5431803498069666	10.584461688995361
0.13037861686310345	0.5430387774461833	10.614461660385132
0.13046280822231954	0.5462851039526568	10.644461631774902
0.13138849031119493	0.5441609366573099	10.68446159362793
0.13126885641293665	0.5448595389327405	10.7144615650177
0.13100871263726538	0.5441961743124201	10.74446153640747
0.1428941385578781	0.5450507528807869	10.784461736679077
0.14536612237002106	0.5458821005150889	10.814461708068848
0.14362175572399327	0.5462075860851511	10.844461679458618
0.1438076082215269	0.5464233933430717	10.884461641311646
0.1439077254807117	0.5450980972636577	10.914461612701416
0.1440429425903604	0.5433069407725585	10.944461584091187
0.14478609529493816	0.5454825016014851	10.984461545944214
0.14456977754958147	0.5440564825181639	11.014461755752563
0.1435702795803559	0.5441905114188019	11.044461727142334
0.1436822110020441	0.5451526091224645	11.084461688995361
0.1439659040591837	0.5465279169355584	11.114461660385132
0.1116530719244356	0.6178011563359863	11.144461631774902
0.10751818719321057	0.6380913129494042	11.18446159362793
0.10781793219621677	0.6372128377650367	11.2144615650177
0.10767639074015127	0.6373873844025796	11.24446153640747
0.10692920138279358	0.6365044486435687	11.284461736679077
0.10600935546330863	0.6347802188173162	11.314461708068848
0.10652453813032661	0.634377632742724	11.344461679458618
0.1064655515611413	0.6348449926752078	11.384461641311646
0.10634474425409471	0.6332360851163754	11.414461612701416
0.10607433020546271	0.6321696214905493	11.444461584091187
0.1077838486184969	0.6392985791651513	11.484461545944214
0.1178791035154588	0.6805864536715754	11.514461755752563
0.11821272110376471	0.6834513648183429	11.544461727142334
0.11795305535676438	0.6846919151286819	11.584461688995361
0.11779628228095333	0.6835705759540435	11.614461660385132
0.11831626001711731	0.6821942415616964	11.644461631774902
0.11891280753119653	0.6840492281748843	11.68446159362793
0.11771398182952923	0.6830739130943377	11.7144615650177
0.11084610920639419	0.6817300708150029	11.74446153640747
0.10951052616434012	0.6816973476256879	11.784461736679077
0.10887461829587355	0.6831746870214531	11.814461708068848
0.11019608279327532	0.6822209081861083	11.844461679458618
0.11251541444413717	0.6817727679666347	11.884461641311646
0.14592238413002995	0.6358311567495422	11.914461612701416
0.14638749395706055	0.6367520965575258	11.944461584091187
0.1460999985193291	0.6375459509698606	11.984461545944214
0.1459476074168253	0.6369101689660787	12.014461755752563
0.1468365470502086	0.6384889653634398	12.044461727142334
0.14744544560453224	0.6397195607894554	12.084461688995361
0.14693982089935317	0.673290548775825	12.114461660385132
0.14778519320276676	0.6810035499189502	12.144461631774902
0.14825415199699798	0.6847278881775516	12.18446159362793
0.14831036808509884	0.6851271718007194	12.2144615650177
0.14899658984794992	0.685278760693664	12.24446153640747
0.14939250078155533	0.6857605014994703	12.284461736679077
0.1505142744662436	0.6871911657717731	12.314461708068848
0.14956469991837776	0.6885720962932677	12.344461679458618
0.15077285355738296	0.6885746907148599	12.384461641311646
0.15144527292642998	0.6872267662493043	12.414461612701416
0.15075616594862706	0.6880546479700356	12.444461584091187
0.15046620446448983	0.6875528254233159	12.484461545944214
0.1391918419886706	0.674716437088772	12.514461755752563
0.13803124451321516	0.6724419806251392	12.544461727142334
0.1385611137651978	0.6715106839052585	12.584461688995361
0.13848647129071	0.6731089566269519	12.614461660385132
0.1380909090583292	0.6713516195778136	12.644461631774902
0.13849058481368606	0.6711189800565811	12.68446159362793
0.1380482177338458	0.6708865671174038	12.7144615650177
0.1369972394295248	0.6696668898692225	12.74446153640747
0.1378046927508384	0.6707886762673156	12.784461736679077
0.13759868127637392	0.6712911348063193	12.814461708068848
0.13779499167017803	0.669768413779295	12.844461679458618
0.1378070483799262	0.66945117927263	12.884461641311646
0.14003940212220228	0.6697681856102133	12.914461612701416
0.15967322650640367	0.649030956032535	12.944461584091187
0.16090310301182645	0.6479583255233176	12.984461545944214
0.16076920366606393	0.6510406036740323	13.014461755752563
0.1609476963268044	0.6499204776953249	13.044461727142334
0.16099318276316998	0.6506250237973663	13.084461688995361
0.1603785323048934	0.6510333650254098	13.114461660385132
0.16077500778135462	0.6528443711752518	13.144461631774902
0.1610497217541529	0.6526736194819692	13.18446159362793
0.1603741849103286	0.6525449211822617	13.2144615650177
0.16207784276622483	0.6529294576067634	13.24446153640747
0.16257173571039354	0.6526058215825119	13.284461736679077
0.16248042999651252	0.6524806721491184	13.314461708068848
0.1622274050047409	0.6545089547043031	13.344461679458618
0.16288831031738799	0.6538540596510388	13.384461641311646
0.16222153147294677	0.6550735342448487	13.414461612701416
0.1623723112952595	0.6553577142799282	13.444461584091187
0.16184728036823615	0.656852226670628	13.484461545944214
0.16146037237564306	0.656597926875694	13.514461755752563
0.1613709474459771	0.6549366619719305	13.544461727142334
0.1615467178261112	0.6560012695605424	13.584461688995361
0.16113397446465105	0.6554247197861112	13.614461660385132
0.16082504090931574	0.6559109093438	13.644461631774902
0.16124967941873827	0.6564474025730518	13.68446159362793
0.16111003056348727	0.6569449601619834	13.7144615650177
0.15816983285858122	0.6493321334308023	13.74446153640747
0.15373959810842608	0.6353891883962776	13.784461736679077
0.15353259105763586	0.6316684471679661	13.814461708068848
0.15344366356703662	0.6333379466860947	13.844461679458618
0.15397116929854107	0.6331566135069171	13.884461641311646
0.15366082387654992	0.6340154925891599	13.914461612701416
0.15367975787682475	0.6351046485371467	13.944461584091187
0.15294552822779084	0.6362894781452407	13.984461545944214
0.15570695309904414	0.6356246957901635	14.014461755752563
0.18892515208562544	0.6280072961774225	14.044461727142334
0.1918150908197729	0.628794104581858	14.084461688995361
0.1921005261797322	0.6307324539018968	14.114461660385132
0.19070992855025168	0.6289331759038488	14.144461631774902
0.1910678721114994	0.6290165068490327	14.18446159362793
0.19226685094707002	0.6300363547614224	14.2144615650177
0.19276229793980648	0.6294714113416028	14.24446153640747
0.19318477958808475	0.6307566531674533	14.284461736679077
0.19318295321480955	0.6307830756645412	14.314461708068848
0.1938252127969401	0.6340052874967059	14.344461679458618
0.1936905762398752	0.633564452070459	14.384461641311646
0.1944609881104887	0.6348406229196231	14.414461612701416
0.1944937242455497	0.6356681728404197	14.444461584091187
0.19461323515888176	0.6365507478473196	14.484461545944214
0.18402261109487364	0.634107387167606	14.514461755752563
0.18348389456426004	0.6315892232154156	14.544461727142334
0.18428554638210726	0.6326644431741156	14.584461688995361
0.1843593317842093	0.6323629990535216	14.614461660385132
0.18422203696775694	0.6323793800317582	14.644461631774902
0.1844864331089644	0.6315826308251625	14.68446159362793
0.1845605965311026	0.6337600087278437	14.7144615650177
0.18450259952470147	0.6323494355006367	14.74446153640747
0.1836789053087658	0.6315686486116493	14.784461736679077
0.1706150637332636	0.6041156369098799	14.814461708068848
0.17087595458350321	0.6008602349273369	14.844461679458618
0.17000905309267741	0.6006061370144318	14.884461641311646
0.1700332730150107	0.600845988508026	14.914461612701416
0.16937804132093773	0.6011243321845519	14.944461584091187
0.16863732321279987	0.6003082170663476	14.984461545944214
0.1679098664065773	0.5976407401970519	15.014461755752563
0.16737180210827104	0.6005928134822537	15.044461727142334
0.16725433888770558	0.5996149822042858	15.084461688995361
0.16735051956254157	0.6016161380133674	15.114461660385132
0.16403975903642945	0.6065563510196078	15.144461631774902
0.15768000982072908	0.6258014076395406	15.18446159362793
0.1763422369040298	0.5925815287024884	15.314461708068848
0.1803756678130365	0.6071276959777286	15.344461679458618
0.18278588644295982	0.5999118598675754	15.384461641311646
0.18587062849754335	0.6002054195902561	15.414461612701416
0.18731805395428547	0.598697511864321	15.444461584091187
0.19118196063280912	0.5987162463483785	15.484461545944214
0.1923379355549432	0.5973187435340668	15.514461755752563
0.19330904691427037	0.5942510378048645	15.544461727142334
0.19372350916463593	0.5925576920572851	15.584461688995361
0.19489190933038192	0.5907340892700279	15.614461660385132
0.19512665119218178	0.5883622205035822	15.644461631774902
0.19591730380134098	0.5901443015495541	15.68446159362793
0.19657524361590933	0.5903586735661039	15.7144615650177
0.19602173780559345	0.5910271138002073	15.74446153640747
0.19596887492688786	0.5879637602084854	15.784461736679077
0.1832679652740117	0.5696459100697622	15.814461708068848
0.18193092633747387	0.567728490666961	15.844461679458618
0.18434214075251543	0.5682800696068645	15.884461641311646
0.18428321178367935	0.5699115768664297	15.914461612701416
0.18545243328960156	0.5706420195099762	15.944461584091187
0.1856109396355759	0.5709478185854845	15.984461545944214
0.18618961647545562	0.5729431853825515	16.014461755752563
0.18501368636546106	0.5736537916604698	16.044461727142334
0.18878321364182482	0.576277486751901	16.08446168899536
0.21124741765931843	0.6089821374883765	16.114461660385132
0.2141127058197033	0.6123386555108487	16.144461631774902
0.21358426936345104	0.6116244926972983	16.18446159362793
0.21306994053848982	0.612062450334255	16.2144615650177
0.21417390201553396	0.6118329949690753	16.24446153640747
0.21443734432800768	0.6128559462125813	16.284461736679077
0.21463841455142563	0.6137909369531711	16.314461708068848
0.2147756380175208	0.6152903580093909	16.344461679458618
0.21408940450211963	0.6179363180010347	16.384461641311646
0.2151057119588574	0.617490979176955	16.414461612701416
0.2295988622219041	0.6403475395441894	16.444461584091187
0.2318905824051576	0.6453330371299341	16.484461545944214
0.23231664129367674	0.6472292158669312	16.514461755752563
0.23339729189172537	0.6468039546667207	16.544461727142334
0.2335138209864851	0.6490422658560698	16.58446168899536
0.23432466612128228	0.6494598595882157	16.614461660385132
0.2335741113372771	0.6492726851787435	16.644461631774902
0.23414733680731759	0.6503744478499399	16.68446159362793
0.23342651330354355	0.6513792739059241	16.7144615650177
0.2334765407144603	0.648766993356524	16.74446153640747
0.23384869368166705	0.6487715785485216	16.784461736679077
0.23353601947766858	0.6506366491441417	16.814461708068848
0.23388347010383953	0.650411661779038	16.844461679458618
0.23244386966816616	0.649278727841796	16.884461641311646
0.2323107816515168	0.6511370609901191	16.914461612701416
0.23209908763950973	0.6526579686191502	16.944461584091187
0.23220426340182596	0.6528430532537359	16.984461545944214
0.2316972973859936	0.6518708064818205	17.014461755752563
0.23197576910133513	0.6511732411032806	17.044461727142334
0.2313775862922888	0.6520541793664741	17.08446168899536
0.2335216779890591	0.6477216794768673	17.114461660385132
0.24531435285276681	0.6212522615558994	17.144461631774902
0.2454249348899128	0.6203499385807126	17.18446159362793
0.24567402047136447	0.6204574009703165	17.2144615650177
0.24450188182330385	0.6216897506100266	17.24446153640747
0.24481717841388095	0.6216667164371474	17.284461736679077
0.24532267944091457	0.6240244286328184	17.314461708068848
0.24413213322106805	0.621211621448069	17.344461679458618
0.24390809632821972	0.6223863110236633	17.384461641311646
0.24352075811616022	0.6227172856926086	17.414461612701416
0.22948545532334505	0.6016725404846769	17.444461584091187
0.2236141705478033	0.5919188386417246	17.484461545944214
0.22464093709726157	0.5928968546493093	17.514461755752563
0.2233759020972234	0.594012463804997	17.544461727142334
0.22315824470848564	0.5937772274627436	17.58446168899536
0.22269116119897148	0.5944602544339027	17.614461660385132
0.2227959656505965	0.5946333014814307	17.644461631774902
0.2227563459988109	0.5951833911272767	17.68446159362793
0.2218361582890368	0.5935649206374836	17.7144615650177
0.2178050833462897	0.5824490332994129	17.74446153640747
0.213417779607832	0.5723801427170652	17.784461736679077
0.2132860644019155	0.5700241231499279	17.814461708068848
0.2129500869288123	0.5693097715614378	17.844461679458618
0.21256766112100964	0.5677284493877639	17.884461641311646
0.21191363901092702	0.5679160194015761	17.914461612701416
0.2119021113028589	0.5677516802216409	17.944461584091187
0.21296671207845394	0.5673724285437467	17.984461545944214
0.21293872187859134	0.5666396585890245	18.014461755752563
0.20800425695117183	0.5311059238940846	18.044461727142334
0.2045191968102479	0.5068549353376934	18.08446168899536
0.2046341242434247	0.5066056665039745	18.114461660385132
0.20460157184519792	0.5082960285711843	18.144461631774902
0.2039444258583898	0.5086978345462589	18.18446159362793
0.20426212355569154	0.5085183021666456	18.2144615650177
0.2043164949153959	0.5093917335521196	18.24446153640747
0.20415664055903604	0.5096253169253577	18.284461736679077
0.20473607836415125	0.510298402792185	18.314461708068848
0.20302399217536693	0.5082854305140291	18.344461679458618
0.20305126059309606	0.5100835190294576	18.384461641311646
0.2040674987411365	0.5095312721776782	18.414461612701416
0.23297976395808226	0.5111769877648117	18.444461584091187
0.23618593661466372	0.5120977452511755	18.484461545944214
0.2362482525883649	0.5125072549292627	18.514461755752563
0.23649535477718056	0.5134393391214387	18.544461727142334
0.236717369029006	0.5139561497268	18.58446168899536
0.23741484583707878	0.5147788153765761	18.614461660385132
0.23797470910697627	0.5160359562518236	18.644461631774902
0.23913940620132346	0.5145430469632963	18.68446159362793
0.23909547541381318	0.5141901245420715	18.7144615650177
0.23889338053031592	0.5147802470846663	18.74446153640747
0.23885732092357984	0.5158195564867106	18.784461736679077
0.23955116176240207	0.5163186040821639	18.814461708068848
0.24035887364350772	0.5135307091066822	18.844461679458618
0.2398443495713803	0.5134216684066402	18.884461641311646
0.2402355479851992	0.5135434788618809	18.914461612701416
0.24199598483219556	0.5206801768213022	18.944461584091187
0.2469648538689124	0.5469504718045354	18.984461545944214
0.24571447038153335	0.5472965859151191	19.014461755752563
0.24441167268452424	0.5474620652754181	19.044461727142334
0.24528835141599112	0.5489379257337965	19.08446168899536
0.24633967038174343	0.5485476549604836	19.114461660385132
0.24678945600509472	0.5479562904578071	19.144461631774902
0.2514331068191107	0.5602520201755148	19.18446159362793
0.2644776003019305	0.5984806938757813	19.2144615650177
0.2661150719511471	0.6001655831831941	19.24446153640747
0.2664551341874961	0.6006805555057967	19.284461736679077
0.26561834164307485	0.6002113894880882	19.314461708068848
0.2660596269345402	0.6014666182915668	19.344461679458618
0.2670427414854587	0.6014124892946558	19.384461641311646
0.2671283804016454	0.600744269670633	19.414461612701416
0.2678713901973493	0.6007902175677704	19.444461584091187
0.2678094244543544	0.6009361615331492	19.484461545944214
0.26883367445963735	0.6001624872547011	19.514461755752563
0.26925601905234603	0.6070988153918928	19.544461727142334
0.27075978296741154	0.6224156990580751	19.58446168899536
0.2695168192562559	0.6256980380776421	19.614461660385132
0.2705370049106935	0.6259013064056341	19.644461631774902
0.27102360801639924	0.6258491927928179	19.68446159362793
0.2715400724470421	0.6265208237866725	19.7144615650177
0.27176535218113823	0.6288799536346245	19.74446153640747
0.2723665411724463	0.627962917071215	19.784461736679077
0.27255483334556	0.6297130092791642	19.814461708068848
0.2730711104462938	0.6285607834675462	19.844461679458618
0.27310284820617786	0.6293893012564032	19.884461641311646
0.27216941851726884	0.6303939861289111	19.914461612701416
0.27311050620674004	0.6306239165982731	19.944461584091187
0.27387417151726545	0.630551266987278	19.984461545944214
0.27336507428990947	0.632410668378186	20.014461755752563
0.27325551216295135	0.6317926013992174	20.044461727142334
0.27384836236341814	0.6326868520542649	20.08446168899536
0.2796791923568711	0.6383756966034186	20.114461660385132
0.2909230952743179	0.658076407063464	20.144461631774902
0.29230107691089324	0.6586269467761992	20.18446159362793
0.2905268811535694	0.6574107794773324	20.2144615650177
0.29151833093654844	0.6571839146294212	20.24446153640747
0.29064103134431957	0.6572848226293927	20.284461736679077
0.2912284257380768	0.6564350405576688	20.314461708068848
0.29160268139242146	0.6555989580530287	20.344461679458618
0.29198788566180073	0.6577571628040819	20.384461641311646
0.2918378035518687	0.6577097630481951	20.414461612701416
0.2914205590597446	0.658366034206195	20.444461584091187
0.29200001695908995	0.6587181394018741	20.484461545944214
0.2914485083920828	0.6584818389195243	20.514461755752563
0.29456587461390005	0.6573174752495852	20.544461727142334
0.31324126529270657	0.6524437446487262	20.58446168899536
0.3137507660083149	0.6520164920816983	20.614461660385132
0.3124291888167308	0.653021786870725	20.644461631774902
0.31200819200719976	0.6512271330062758	20.68446159362793
0.3121295430744518	0.649999828455084	20.7144615650177
0.3120269757928366	0.6498016211221697	20.74446153640747
0.31352846691907543	0.6504303206235469	20.784461736679077
0.31310242428126145	0.6506438938802437	20.814461708068848
0.31298354286103847	0.6522164826077236	20.844461679458618
0.31264674610480936	0.651721349286292	20.884461641311646
0.31142456988984973	0.6484609698362621	20.914461612701416
0.3058525418899613	0.6181401272978234	20.944461584091187
0.3054826048923001	0.6160620947182761	20.984461545944214
0.30527316808014876	0.6162415580759111	21.014461755752563
0.3046817249066831	0.6174717325268716	21.044461727142334
0.3045452622197388	0.6182007775677121	21.08446168899536
0.3032779619747597	0.618182780568236	21.114461660385132
0.3039955233931836	0.6078059781471677	21.144461631774902
0.3031676752677347	0.5980366699551998	21.18446159362793
0.2976828284363054	0.5957342949220028	21.2144615650177
0.36916145361755076	0.4747924985356574	21.384461641311646
0.29273889149115667	0.5832690865642114	21.414461612701416
0.29490714164425547	0.5810809054871465	21.444461584091187
0.2993071588908364	0.5840006120834041	21.484461545944214
0.30187479851619897	0.5853038776615535	21.514461755752563
0.3041476812110481	0.5858205525248036	21.544461727142334
0.30573151720408825	0.5861954305069452	21.58446168899536
0.3061722423529482	0.5839781923326028	21.614461660385132
0.3076698252927479	0.5822002248389738	21.644461631774902
0.2994079397159714	0.561475196801868	21.68446159362793
0.29679844621448054	0.5536589993755594	21.7144615650177
0.2954821122327877	0.5489697614079412	21.74446153640747
0.29656923089839743	0.5480647837422259	21.784461736679077
0.2965785715299945	0.5467453595899767	21.814461708068848
0.29643593114404704	0.5461238288055495	21.844461679458618
0.29653122348233674	0.5473766706262672	21.884461641311646
0.29647180274067053	0.5464871846783318	21.914461612701416
0.296318136345734	0.5464218093687052	21.944461584091187
0.2976223125121513	0.5462817706573304	21.984461545944214
0.29710892686001816	0.5458298273563423	22.014461755752563
0.2944263606103786	0.5381231637586759	22.044461727142334
0.2838467867084429	0.5070691694872485	22.08446168899536
0.2859552226665475	0.50805907285363	22.114461660385132
0.2868276158495083	0.5106903261210083	22.144461631774902
0.2861527895149373	0.5110198170515361	22.18446159362793
0.2868314122830768	0.5128545042176617	22.2144615650177
0.304770033217701	0.5194559006084047	22.24446153640747
0.30545658072085713	0.5212635419641097	22.284461736679077
0.3053965473392956	0.5232553912945712	22.314461708068848
0.3045865967011809	0.5229696870864414	22.344461679458618
0.30477109213817627	0.5214687084013861	22.384461641311646
0.30518075371539244	0.5213783856463547	22.414461612701416
0.3056081420307475	0.5230862158448287	22.444461584091187
0.30537646334870067	0.5207762854910395	22.484461545944214
0.3094315319412134	0.5208108311913563	22.514461755752563
0.3366262965535297	0.5332272720181331	22.544461727142334
0.33637463925674105	0.5336501034209592	22.58446168899536
0.33619885493167107	0.5344523981816388	22.614461660385132
0.33467463497227434	0.5335234099732286	22.644461631774902
0.3346796403765261	0.5326274963728833	22.68446159362793
0.334824187035739	0.533957142570226	22.7144615650177
0.3351684150220371	0.5349108105068109	22.74446153640747
0.3362966111112225	0.5372699872504418	22.784461736679077
0.336389797826636	0.5356255143186709	22.814461708068848
0.3352936293412866	0.5354070860900951	22.844461679458618
0.3352239538673798	0.5374595680564609	22.884461641311646
0.33559520917522917	0.5371284517138567	22.914461612701416
0.3351522717828181	0.537929441604727	22.944461584091187
0.33516372008348855	0.5353550927101834	22.984461545944214
0.33508013525029307	0.5367617760022135	23.014461755752563
0.3346299032747895	0.5379614789031876	23.044461727142334
0.33482058081404437	0.5368271246806294	23.08446168899536
0.3355381471181372	0.535921974828019	23.114461660385132
0.3344014733886791	0.5382249034845338	23.144461631774902
0.3362769892509004	0.5463754380533017	23.18446159362793
0.3430456284076887	0.5974442131703946	23.2144615650177
0.34393311996703685	0.5983550315629124	23.24446153640747
0.34262407065404393	0.5985789038896134	23.284461736679077
0.34052963108656564	0.5998788051110095	23.314461708068848
0.3407690537128075	0.6003147188848367	23.344461679458618
0.3404058680590408	0.5997404495049826	23.384461641311646
0.34021489104764685	0.600144021090506	23.414461612701416
0.3403307566440977	0.6001570536677024	23.444461584091187
0.33939530266219065	0.5997597597236635	23.484461545944214
0.3380073247560964	0.5992220189380062	23.514461755752563
0.3378533285597184	0.5994054871720876	23.544461727142334
0.3374950704374665	0.5998961237811802	23.58446168899536
0.3372477910757435	0.6050007838580652	23.614461660385132
0.3361947406839257	0.6467259261476824	23.644461631774902
0.3351277373187774	0.6476319326556038	23.68446159362793
0.334054651798913	0.6484684530252012	23.7144615650177
0.33496130986300005	0.6504098997247431	23.74446153640747
0.3348530644571701	0.6512210180680033	23.784461736679077
0.33489583633377934	0.6511597053434162	23.814461708068848
0.3346949965984028	0.6494635568589698	23.844461679458618
0.33465788083438064	0.6493999445372972	23.884461641311646
0.3341129839416496	0.6486275756096346	23.914461612701416
0.3351765501902733	0.6475978843635973	23.944461584091187
0.3347471596411298	0.645858691754067	23.984461545944214
0.33480421029395213	0.6468389233289751	24.014461755752563
0.33393780001247725	0.6461390532378671	24.044461727142334
0.3343512257924022	0.6464929181430565	24.08446168899536
0.33379645675926123	0.646562565900039	24.114461660385132
0.3362349277490709	0.6521885541416566	24.144461631774902
0.34125027905118116	0.6594849318969634	24.18446159362793
0.3431950711341349	0.6635595668824048	24.2144615650177
0.3434899381278594	0.6621418432137791	24.24446153640747
0.34299493891200006	0.6626486718230222	24.284461736679077
0.34402027723325473	0.662267365123688	24.314461708068848
0.3437468880772721	0.6638324576123448	24.344461679458618
0.3424887760647626	0.6637895515180895	24.384461641311646
0.34006013237448934	0.6669300987639561	24.414461612701416
0.3191462926481079	0.6989750775596713	24.444461584091187
0.30687704362309554	0.696394231340075	24.58446168899536
0.3155101792819477	0.6746323820394694	24.614461660385132
0.32165980151963597	0.6717503510450314	24.644461631774902
0.3259174344757903	0.6669123039038807	24.68446159362793
0.3287130492461814	0.6597560809409814	24.7144615650177
0.33174267899203685	0.657515252686725	24.74446153640747
0.33286178371954706	0.6543636734958471	24.784461736679077
0.3339845842028085	0.6533030664334604	24.814461708068848
0.33346601913479973	0.6531093183212715	24.844461679458618
0.33389556280256893	0.6528931089101014	24.884461641311646
0.3342731477286119	0.6538474744688139	24.914461612701416
0.3341509410107509	0.6538459581045313	24.944461584091187
0.3348318344979696	0.6573855821555742	24.984461545944214
0.33252804635728206	0.6592495362244203	25.014461755752563
0.33182233657353066	0.6614345226508983	25.044461727142334
0.3332208122975694	0.6620409261526058	25.08446168899536
0.3273255954731336	0.6819633955640697	25.114461660385132
0.32777770277580154	0.6889374839262844	25.144461631774902
0.32882234697566043	0.6898103778019667	25.18446159362793
0.32907948014954685	0.6886445172194343	25.2144615650177
0.3299576835569487	0.6902828231629035	25.24446153640747
0.33102793733688035	0.6922783224016938	25.284461736679077
0.33295339439522464	0.6915080083973029	25.314461708068848
0.33337164746733716	0.6917123843490568	25.344461679458618
0.33304418249653067	0.692813560314094	25.384461641311646
0.33749220013572206	0.6924924436580999	25.414461612701416
0.36987638514973237	0.6752098680644464	25.444461584091187
0.370711430849564	0.6752017649794178	25.484461545944214
0.3692262099933082	0.676900730054784	25.514461755752563
0.368017869108947	0.6764059741054349	25.544461727142334
0.3673920605548056	0.6757662213266303	25.58446168899536
0.36978183037133255	0.6803205175479995	25.614461660385132
0.3705740230857988	0.6841894050401703	25.644461631774902
0.3663301832297148	0.6839349141488723	25.68446159362793
0.36765592682993237	0.6884490751625125	25.7144615650177
0.36860542464462315	0.6912866375107256	25.74446153640747
0.3671672870076854	0.6891832118615697	25.784461736679077
0.3666048668351906	0.6872711050218274	25.814461708068848
0.36679478313318753	0.6872237547844067	25.844461679458618
0.3646473243978956	0.6864543849705075	25.884461641311646
0.3640165051677468	0.6868029017678547	25.914461612701416
0.361364725574813	0.6854590401553347	25.944461584091187
0.361364725574813	0.6854590401553347	26.114461660385132
0.361364725574813	0.6854590401553347	26.15446162223816
0.361364725574813	0.6854590401553347	26.18446159362793
0.361364725574813	0.6854590401553347	26.2144615650177
0.24197085622962058	0.610881972579319	26.314461708068848
0.24088096827765437	0.6111103022252466	26.344461679458618
0.24206305671222741	0.6130132510159567	26.384461641311646
0.24271170650785376	0.6160150630727511	26.414461612701416
0.24387837275483742	0.617759303718932	26.444461584091187
