COORDENADA X	 COORDENADA Y	 TEMPO
0.035848782058479314	0.49069323435418455	0.03179526329040527
0.04277367902722406	0.48607674166691195	0.07179522514343262
0.04531128435128758	0.48204136874364906	0.1517951488494873
0.04805750933031312	0.4765333193687299	0.19179534912109375
0.04998863863971344	0.47382418107498114	0.2317953109741211
0.051387463941268044	0.4747199660291838	0.25179529190063477
0.05242434195708592	0.47505489650349936	0.2917952537536621
0.05340355698796729	0.4736771560292272	0.3217952251434326
0.18701092693103483	0.6260748340101169	0.421795129776001
0.18743474948705752	0.630053969965076	0.47179532051086426
0.18914299021548453	0.6349193818977501	0.551795244216919
0.19036433696711583	0.6372493901396341	0.5817952156066895
0.19258545421674927	0.634981081016813	0.6017951965332031
0.18949189614983664	0.6419663746483765	0.6317951679229736
0.07170620615058435	0.8621353210761983	0.6617951393127441
0.07007552508283213	0.8655656309736433	0.7017953395843506
0.0706931307190711	0.8672644731283727	0.7317953109741211
0.07067336467609574	0.8689732521026887	0.7617952823638916
0.07163507812212762	0.8708322511554182	0.801795244216919
0.07198860153345085	0.8723780308060987	0.8317952156066895
0.07757929374959625	0.8804576725133832	0.86179518699646
0.08272821959752631	0.8911369090024693	0.9017951488494873
0.08461179185183665	0.8944626376425611	0.9317953586578369
0.0862057899971858	0.8963145377632364	0.9617953300476074
0.08709992434921746	0.8982077457035234	1.0017952919006348
0.08825485168057504	0.8980348383219304	1.0317952632904053
0.08808810095433414	0.8984233043139388	1.0617952346801758
0.08924091504886976	0.8980897924208447	1.1017951965332031
0.09327609083495234	0.8958825475181345	1.1317951679229736
0.20497570345885868	0.8425456205909979	1.1617951393127441
0.21191904037521048	0.8438640879054893	1.2017953395843506
0.21293374978598759	0.8417902805876927	1.231795310974121
0.21343476667876712	0.8439411430341829	1.2617952823638916
0.2132785940836399	0.8463177766477442	1.301795244216919
0.2096121298865452	0.8460254205341633	1.3317952156066895
0.18136836878413357	0.8530874837184345	1.36179518699646
0.1798465366026458	0.8543955805487248	1.4017951488494873
0.1802725069036996	0.8564996788713997	1.431795358657837
0.18016160896973726	0.8552791108188801	1.4617953300476074
0.17833861346174518	0.8563220651931485	1.5017952919006348
0.17682258495055558	0.8582129147187557	1.5317952632904053
0.25244803573832675	0.8221044414584371	1.5617952346801758
0.2618589196867652	0.8280481002244617	1.6017951965332031
0.2639818518809355	0.83501401702588	1.6317951679229736
0.26581747058842486	0.8391338533150636	1.6617951393127441
0.2702446938966954	0.8393822479904675	1.7017953395843506
0.2647907603371289	0.8366576578859392	1.731795310974121
0.26966349466345546	0.8404358066968088	1.7617952823638916
0.27191095477934163	0.8419922395990934	1.801795244216919
0.2717448882137648	0.8398298872600906	1.8317952156066895
0.27204687211321915	0.8323030016121603	1.86179518699646
0.2949001222561992	0.8326874421587797	1.9017951488494873
0.2902996507128462	0.8253063305718071	1.931795358657837
0.2878360473324528	0.8247947428691486	1.9617953300476074
0.2878283482078379	0.8289459243629375	2.0017952919006348
0.2985038348280559	0.8360763694830884	2.0317952632904053
0.33902029991307847	0.8251564816625265	2.061795234680176
0.3365356030683084	0.8422765847008585	2.101795196533203
0.33522765595769205	0.8541512733402518	2.1317951679229736
0.33136354037377275	0.8400371251526136	2.161795139312744
0.06411651282754016	0.8202611683194884	2.231795310974121
0.06450501088718469	0.8310755799913383	2.2617952823638916
0.06969768681796454	0.8329989200185621	2.301795244216919
0.07306898978476256	0.834847965148231	2.3317952156066895
0.07587191196609497	0.8392994585747108	2.36179518699646
0.07645594999761256	0.8468815494251826	2.4017951488494873
0.07846514679726986	0.8468929725561863	2.431795358657837
0.207289781648853	0.7993483126873993	2.5017952919006348
0.2101597317756385	0.7962569054978216	2.5317952632904053
0.21306309748469998	0.8046228596548167	2.561795234680176
0.2134500257743442	0.8045002002969742	2.601795196533203
0.2145355368621888	0.8086246393076696	2.6317951679229736
0.21758160987021435	0.8081369718072038	2.661795139312744
0.21946582910609885	0.8088622650380005	2.7017953395843506
0.20615116019453641	0.8077255324362225	2.731795310974121
0.20501110429050423	0.8095161947768614	2.7617952823638916
0.20295339921416444	0.8098476146886575	2.801795244216919
0.2015221820947598	0.8063451529455625	2.8317952156066895
0.19907474977110862	0.7962815983049831	2.86179518699646
0.19813903770776334	0.6580534240297502	2.9017951488494873
0.19620217887187888	0.6510422598314434	2.931795358657837
0.19382629103262453	0.6502525952623733	2.9617953300476074
0.1936363284860677	0.6510367516331496	3.0017952919006348
0.19436721793199688	0.6518569193332101	3.0317952632904053
0.18613261166431208	0.6420475162631535	3.061795234680176
0.08248019764161549	0.659169246344286	3.101795196533203
0.08469967692714907	0.6641347524989903	3.1317951679229736
0.08657718371043284	0.6665564121819135	3.161795139312744
0.0887253782179661	0.6690292333974669	3.2017953395843506
0.08975414647545314	0.6729175563342072	3.231795310974121
0.09014704511386243	0.6727121827298571	3.2617952823638916
0.09636605149388262	0.668186249924064	3.301795244216919
0.1108997516968035	0.65906645988844	3.3317952156066895
0.11217904985288078	0.6582875852732383	3.36179518699646
0.11206718330018371	0.6614552539022817	3.4017951488494873
0.11276807886567597	0.6632217308416855	3.431795358657837
0.11270510882358263	0.6623967182956253	3.4617953300476074
0.11277176309683438	0.6638632465677207	3.5017952919006348
0.11359150358221133	0.6655703862672171	3.5317952632904053
0.11247478656619968	0.6631512507435735	3.561795234680176
0.11388029200070682	0.6624037522215284	3.601795196533203
0.11271042315979611	0.6638746784895193	3.6317951679229736
0.10743593567425212	0.6524882023635766	3.661795139312744
0.09851697704718866	0.6113774277919409	3.7017953395843506
0.09758980810029282	0.6111397423221478	3.731795310974121
0.0984714884617553	0.6104827311026215	3.7617952823638916
0.09889893273427607	0.6111284614536395	3.801795244216919
0.10040206367076127	0.6125647649599055	3.8317952156066895
0.10170273405143293	0.6170734097196047	3.86179518699646
0.09987833194486774	0.6132677506190738	3.9017951488494873
0.10093439019688237	0.6187205246242581	3.931795358657837
0.09908639856821574	0.6251703388852868	3.9617953300476074
0.15553849237767423	0.4727397954502396	4.131795167922974
0.08297756668366407	0.6236275590675862	4.161795139312744
0.0845479236204166	0.6225616561330861	4.201795339584351
0.08771104668299748	0.6213831831511105	4.231795310974121
0.08993018829630244	0.6182136639663699	4.261795282363892
0.0914039820959258	0.61711034590981	4.301795244216919
0.0930282958077325	0.6163810260918021	4.3317952156066895
0.09357398596254765	0.6158525582794873	4.36179518699646
0.09296534695703147	0.6126349057234648	4.401795148849487
0.09400589261944277	0.611424420140469	4.431795358657837
0.09254887550653769	0.6109294973797322	4.461795330047607
0.0915256169073759	0.608660286993194	4.501795291900635
0.09428441086907205	0.6135545538621964	4.531795263290405
0.12974368927450755	0.66327240593178	4.561795234680176
0.1321374307865202	0.6669670593462904	4.601795196533203
0.1324799941835472	0.6701533281120007	4.631795167922974
0.13289549379999976	0.6728266156009945	4.661795139312744
0.13337469385779965	0.6732202065194928	4.701795339584351
0.13370951125672678	0.6721438894656062	4.731795310974121
0.13433455496471683	0.6722508880118134	4.761795282363892
0.13438334223389717	0.6709670266817493	4.801795244216919
0.14822132868109317	0.6660313203621984	4.8317952156066895
0.15835241791571594	0.6643005059215378	4.86179518699646
0.15804045835108127	0.6652215421370766	4.901795148849487
0.15653388141907668	0.664254265078648	4.931795358657837
0.15728299403437268	0.6661802336758424	4.961795330047607
0.15698105263042345	0.6673057979333828	5.001795291900635
0.15692494713837576	0.6662972913099817	5.031795263290405
0.1567971253917177	0.6673538372040011	5.061795234680176
0.15615971089536512	0.665958973664987	5.101795196533203
0.15696478262406877	0.6657407218618286	5.131795167922974
0.15685324196319983	0.6645996548711407	5.161795139312744
0.18452075007954732	0.6638652810444474	5.201795339584351
0.19120298015843115	0.6623903548906546	5.231795310974121
0.19388445869985252	0.6653297724974083	5.261795282363892
0.1934614124438484	0.6653453058139791	5.301795244216919
0.19334544806446716	0.666648998972812	5.3317952156066895
0.19431332378292226	0.6669227791704471	5.36179518699646
0.19560756523343756	0.6674071127483239	5.401795148849487
0.19574979781416976	0.6668995777533835	5.431795358657837
0.1951355835476197	0.6668863616922475	5.461795330047607
0.1951188487311751	0.6659986119369483	5.501795291900635
0.19559159103600354	0.6674706823821414	5.531795263290405
0.19498504688901566	0.6669573691715218	5.561795234680176
0.19601528011246666	0.667417155496606	5.601795196533203
0.19559436726638493	0.6673022885316068	5.631795167922974
0.20031430642786113	0.6674771948885648	5.661795139312744
0.22721359048201853	0.6569043413024357	5.701795339584351
0.22695222311577248	0.6572998616900287	5.731795310974121
0.22611543849370958	0.659324099372213	5.761795282363892
0.2260176963822346	0.6586772290766139	5.801795244216919
0.2259087554049555	0.6615385554731467	5.8317952156066895
0.22586147154307404	0.662673721994315	5.86179518699646
0.22551003507065115	0.6600439687038117	5.901795148849487
0.22464115615297836	0.6620496027603993	5.931795358657837
0.2576585415594496	0.6525624149451701	5.961795330047607
0.2755646716392993	0.659711245964769	6.001795291900635
0.2775567112341232	0.6610137141960696	6.031795263290405
0.27711496708567046	0.6620352273904181	6.061795234680176
0.27729438812418256	0.6637711513355652	6.101795196533203
0.2769269925860391	0.6642461689966519	6.131795167922974
0.27782193298243135	0.663521116546238	6.161795139312744
0.27750745439147306	0.663724721751839	6.201795339584351
0.28232543802997	0.6658232492550069	6.231795310974121
0.3076095035594378	0.6793301901769065	6.261795282363892
0.30851375865541814	0.6809194349257274	6.301795244216919
0.3076418590827694	0.6797005513576816	6.3317952156066895
0.3070007646137381	0.682295121813101	6.36179518699646
0.3078250519329994	0.681853859919526	6.401795148849487
0.3083389229968155	0.6797432262434716	6.431795358657837
0.30798413452671036	0.6793371121727969	6.461795330047607
0.30851409544415725	0.6814180224023999	6.501795291900635
0.3078066036035522	0.680757071682687	6.531795263290405
0.3085922595690515	0.6804920208700309	6.561795234680176
0.3105562069363715	0.6788388946630493	6.601795196533203
0.35059610275621156	0.6348032251079447	6.631795167922974
0.35230056751835526	0.6333354999456418	6.661795139312744
0.3521839820100805	0.6332440429879431	6.701795339584351
0.35137641883643983	0.633458930826251	6.731795310974121
0.3514105249981638	0.6342058882807403	6.761795282363892
0.3509269411193411	0.6338072367447748	6.801795244216919
0.35128118367581396	0.6364723229715801	6.8317952156066895
0.3512723960350089	0.6359190216879563	6.86179518699646
0.34919095304857506	0.6337954675940184	6.901795148849487
0.3314441728671956	0.6227035076536229	6.931795358657837
0.33167396917449143	0.6235706365949898	6.961795330047607
0.3320281700982908	0.6254320468333895	7.001795291900635
0.33153632640785374	0.6281045050152729	7.031795263290405
0.32732365861121965	0.63274901836351	7.061795234680176
0.2835033379819805	0.6012712255355309	7.231795310974121
0.289581727539305	0.6140902205172147	7.261795282363892
0.29320241367127825	0.611664240638732	7.301795244216919
0.29670290637964697	0.6095919928061058	7.3317952156066895
0.2999433552723437	0.6067007896891498	7.36179518699646
0.30166129682665443	0.6057529653189426	7.401795148849487
0.3029862784419966	0.6048173289887773	7.431795358657837
0.3028484785030017	0.6030307823824428	7.461795330047607
0.2389236138627981	0.6037403326932635	7.501795291900635
0.23708191536482734	0.6006234939945616	7.531795263290405
0.236250651784272	0.6004829838011999	7.561795234680176
0.23659359851502357	0.601543458720014	7.601795196533203
0.23663955401022446	0.6010444113155065	7.631795167922974
0.2362469933214425	0.6013849663043597	7.661795139312744
0.2356752550919397	0.6007872310276404	7.701795339584351
0.23585412384734006	0.6012246472008035	7.731795310974121
0.23558102719140028	0.6003969301871683	7.761795282363892
0.23591570261092637	0.6007897374013007	7.801795244216919
0.2180766964213763	0.6114723058384292	7.8317952156066895
0.2151454381631868	0.6171717671781645	7.86179518699646
0.21372307361693677	0.6180958872116088	7.901795148849487
0.21356279904032668	0.6192155280907639	7.931795358657837
0.21482616694806753	0.6186992963738561	7.961795330047607
0.21470145818108757	0.6220266420987911	8.001795291900635
0.2152876848124794	0.6208381232034391	8.031795263290405
0.21443184938526738	0.6217327605655188	8.061795234680176
0.19328297768998762	0.5984856299030653	8.101795196533203
0.18941290579336628	0.5921281393376405	8.131795167922974
0.1881615479952318	0.5909723219317187	8.161795139312744
0.18864052853454275	0.5909648868337932	8.20179533958435
0.18743265730404335	0.5924124514388299	8.231795310974121
0.18629877304705786	0.5922956860192945	8.261795282363892
0.18710966931317655	0.5952867950152748	8.301795244216919
0.18672422365533578	0.5929857849044243	8.33179521560669
0.18603356209578015	0.5910462191036153	8.36179518699646
0.18563690843656314	0.590103038911368	8.401795148849487
0.18496526755608578	0.5917450557604073	8.431795358657837
0.1869683199145759	0.593176589754309	8.461795330047607
0.20493705322673608	0.6014144355518848	8.501795291900635
0.20732605993938683	0.6036135818638199	8.531795263290405
0.20711545980550017	0.6048488445258301	8.561795234680176
0.2071595984376491	0.6053725667265699	8.601795196533203
0.20649477533329244	0.6038678455354377	8.631795167922974
0.2068448335082438	0.6061357447949836	8.661795139312744
0.20739616048143328	0.6077374096032371	8.70179533958435
0.198522495907326	0.5857702079091115	8.731795310974121
0.19563186460414306	0.5794485501939007	8.761795282363892
0.19428531378352923	0.5779193552820198	8.801795244216919
0.19365960816366073	0.5765019305551606	8.83179521560669
0.19328756841406	0.5779731854930149	8.86179518699646
0.1905383924334517	0.5731771789526979	8.901795148849487
0.1533006574119094	0.5514662886740836	8.931795358657837
0.15047277841875129	0.547635743265955	8.961795330047607
0.14950709095790277	0.5481087407122017	9.001795291900635
0.15000236795178498	0.5485603502617377	9.031795263290405
0.1496977950916273	0.5484340192903616	9.061795234680176
0.14973512941970657	0.5471971968502742	9.101795196533203
0.1239724257464933	0.5344883217439171	9.131795167922974
0.1151373660841789	0.5370664842123549	9.161795139312744
0.11697008444317145	0.5363643924728521	9.20179533958435
0.11774044917939264	0.5369758606578708	9.231795310974121
0.1186973971321169	0.5389508819372895	9.261795282363892
0.1186713517410109	0.5379851325143724	9.301795244216919
0.11885560706936432	0.5379392941632745	9.33179521560669
0.11581906521689016	0.5331440611035343	9.36179518699646
0.09247256384352126	0.499594446743451	9.401795148849487
0.09212970672776484	0.4980282676373691	9.431795358657837
0.09121852073201751	0.4988139262555838	9.461795330047607
0.0913098266766237	0.5009893900186699	9.501795291900635
0.09031965151461216	0.5004265335802697	9.531795263290405
0.09038967034587957	0.5015234123051673	9.561795234680176
0.09017582714183463	0.5022278299151522	9.601795196533203
0.09016763996075176	0.5017503834671099	9.631795167922974
0.09153774653817144	0.49953949975096623	9.671795129776001
0.11983848650712714	0.4241190705821855	9.70179533958435
0.12001180589264371	0.4169307513508404	9.731795310974121
0.12040358262322111	0.41653548330964646	9.761795282363892
0.12006409855783304	0.41561593928628554	9.801795244216919
0.12052506828498483	0.41541621743637747	9.83179521560669
0.12034844545451474	0.41525831515016204	9.86179518699646
0.12085687508529531	0.41614738691909353	9.901795148849487
0.12484074506897642	0.4195926391730484	9.931795358657837
0.16194488954086136	0.4494219915516051	9.971795320510864
0.16385254533165217	0.4528202319377066	10.001795291900635
0.16343477379062488	0.4536559733122445	10.031795263290405
0.16364755071040715	0.45402897184851504	10.071795225143433
0.16372650541696648	0.4546359401342499	10.101795196533203
0.16308861877149522	0.4556077355877402	10.131795167922974
0.14810297548090803	0.4625424697646077	10.171795129776001
0.14880246153531856	0.4625755405544945	10.20179533958435
0.14936918157695733	0.4632574136036707	10.231795310974121
0.14950122132412505	0.46523628066725514	10.271795272827148
0.15063480655177441	0.4680393084374961	10.301795244216919
0.15073727240584217	0.4679109991699232	10.33179521560669
0.15174562254781587	0.469609192491048	10.371795177459717
0.1523357331830901	0.46977267481023655	10.401795148849487
0.15668578816126047	0.4719017899864276	10.431795358657837
0.1983311405624266	0.48706072438587583	10.471795320510864
0.199519425776239	0.4886023203881707	10.501795291900635
0.20017690524954296	0.4895136260816839	10.531795263290405
0.2012257693103222	0.48926995885759134	10.571795225143433
0.2021317711541644	0.49150631631931985	10.601795196533203
0.20294707492255135	0.4912650799342494	10.631795167922974
0.20455285053249492	0.49026678918164945	10.671795129776001
0.203844634409638	0.4929223150627617	10.70179533958435
0.24382163526768097	0.5054886744071806	10.731795310974121
0.25538483441605353	0.5144811236243277	10.771795272827148
0.2576961517684858	0.5142109143561309	10.801795244216919
0.25754174631105364	0.5174235720793052	10.83179521560669
0.2567871863259388	0.5179845746231527	10.871795177459717
0.25764362582345735	0.5188217117686842	10.901795148849487
0.2593537778061468	0.5193441234915398	10.931795358657837
0.25947681042288834	0.5223204063853176	10.971795320510864
0.2597398288519007	0.5219189697877954	11.001795291900635
0.25933530177805947	0.5214841281801466	11.031795263290405
0.26162690017144075	0.522930376794272	11.071795225143433
0.31250917089250246	0.5337469309005408	11.101795196533203
0.3168973364159129	0.5364316341366375	11.131795167922974
0.3181750899591427	0.5401058126279981	11.171795129776001
0.3176233104965915	0.5403638689587602	11.20179533958435
0.31791233352392734	0.5417156096024524	11.231795310974121
0.3184079930530363	0.5424597573453536	11.271795272827148
0.3183449505844851	0.5430679953008232	11.301795244216919
0.3177787957607196	0.5435105677802552	11.33179521560669
0.319583014954325	0.5444174124305222	11.371795177459717
0.31896476737582596	0.5432662078624767	11.401795148849487
0.3210902372482555	0.5468324698259336	11.431795358657837
0.3397458445641032	0.559948084086722	11.471795320510864
0.34073526793971126	0.5601790348026198	11.501795291900635
0.34080887880378946	0.5618233644992952	11.531795263290405
0.34103216498068045	0.5596668858655508	11.571795225143433
0.3408997897354899	0.56039283201456	11.601795196533203
0.34102776638829724	0.5611560031581027	11.631795167922974
0.3404094043469754	0.561498908329492	11.671795129776001
0.34139555836142704	0.5597326329014092	11.70179533958435
0.3402896922497628	0.5586469794726489	11.731795310974121
0.34114429823253767	0.5591760784286973	11.771795272827148
0.37719009088359773	0.5729504917723068	11.801795244216919
0.38181321949868496	0.5784140737248699	11.83179521560669
0.38230289335623946	0.5799622785596329	11.871795177459717
0.38151585202650573	0.580403579902919	11.901795148849487
0.3814009875461166	0.5782628531567385	11.931795358657837
0.38100946242472583	0.579020779091272	11.971795320510864
0.38060885740477785	0.5790715617803177	12.001795291900635
0.3800964272498093	0.5765774760233165	12.031795263290405
0.3795315110947868	0.5776201870553848	12.071795225143433
0.3798727505486439	0.5758550190566899	12.101795196533203
0.38064215718101657	0.577847156053619	12.131795167922974
0.4074377364472794	0.5926977742442482	12.171795129776001
0.40946465883232075	0.5957528929020676	12.20179533958435
0.40979930739938264	0.5970219054333065	12.231795310974121
0.40816631969315975	0.595275601237415	12.271795272827148
0.40790109497726207	0.595676293599543	12.301795244216919
0.4018986124323558	0.5757551456165322	12.33179521560669
0.3722006629880892	0.5026182549096685	12.371795177459717
0.3737895331346776	0.5032802530228302	12.401795148849487
0.3739885171733613	0.5032316922903411	12.431795358657837
0.3738515529395637	0.5062830025653556	12.471795320510864
0.3642467916848074	0.5187131708996436	12.501795291900635
0.3395827426185162	0.5031341546308246	12.631795167922974
0.34455654209493924	0.5066781762175359	12.671795129776001
0.34675664709792403	0.5044171917424901	12.70179533958435
0.3500895248762659	0.5049831358878909	12.731795310974121
0.35286182487911	0.5034187751317196	12.771795272827148
0.3541487386491057	0.50056898879842	12.801795244216919
0.3545495176899028	0.4989723802114248	12.83179521560669
0.3554300796268238	0.500066028754771	12.871795177459717
0.35556675986117375	0.49981350103739947	12.901795148849487
0.35577512505354814	0.498223609863181	12.931795358657837
0.35560289464001166	0.4996294735274077	12.971795320510864
0.35544969002843974	0.4992244289699378	13.001795291900635
0.3542711912366119	0.49771041711553676	13.031795263290405
0.3543482032106	0.49683916897469277	13.071795225143433
0.35231915804308994	0.4937732594401395	13.101795196533203
0.3132356819180046	0.464887770965095	13.131795167922974
0.31176689380468225	0.46108145927191846	13.171795129776001
0.3096966252755421	0.458294273413556	13.20179533958435
0.3107706893940226	0.46131748390403643	13.231795310974121
0.3097842488579607	0.4612980147528293	13.271795272827148
0.3096158521371595	0.4624278910244371	13.301795244216919
0.3083554175004213	0.46284805405291307	13.33179521560669
0.3078597919295669	0.4627214679969477	13.371795177459717
0.3041012361526492	0.4588943881008405	13.401795148849487
0.266023293648474	0.4451592691400542	13.431795358657837
0.2663692330086014	0.44360178692238555	13.471795320510864
0.26716646464327726	0.4436412256404664	13.501795291900635
0.26723812222565263	0.4439395596539952	13.531795263290405
0.2675137148068275	0.44383177576454913	13.571795225143433
0.2679300868031096	0.444271680511852	13.601795196533203
0.26370720601846137	0.44071619996604355	13.631795167922974
0.2201478953386353	0.41617547559839474	13.671795129776001
0.22047559159931118	0.4155545871064716	13.70179533958435
0.2206008271102066	0.4157712469876567	13.731795310974121
0.22184133071049106	0.4148325906808073	13.771795272827148
0.22139673483915814	0.41513729159299106	13.801795244216919
0.22021937404635905	0.4149281256869387	13.83179521560669
0.18725408335201973	0.40678643952421123	13.871795177459717
0.1843011558628048	0.4001598075231844	13.901795148849487
0.18462182552433584	0.39959125805928847	13.931795358657837
0.18545233104503725	0.39912209302582824	13.971795320510864
0.18540481710907777	0.4006373639336583	14.001795291900635
0.18676746808689024	0.40108820537990725	14.031795263290405
0.18615980878591296	0.4002145335992972	14.071795225143433
0.18035619376034442	0.36549226153377673	14.101795196533203
0.16347526787059954	0.2857634467944169	14.131795167922974
0.1634283921957945	0.2862502962766367	14.171795129776001
0.16298381510054832	0.28840102181303046	14.20179533958435
0.16254994342396992	0.2887408970650922	14.231795310974121
0.16178221320004865	0.28878432591726655	14.271795272827148
0.16074025784001447	0.28905791337046605	14.301795244216919
0.1597843375767752	0.2879196662345035	14.33179521560669
0.15907366264624603	0.28760719789363887	14.371795177459717
0.1595601963382054	0.2880804544738273	14.401795148849487
0.15869420640746565	0.2876307670599927	14.431795358657837
0.1587968479495084	0.28610170278368185	14.471795320510864
0.15857248098196466	0.28649198835643763	14.501795291900635
0.1594339957902167	0.2865494725847327	14.531795263290405
0.17552780469891605	0.2843306863055274	14.571795225143433
0.18005986305287092	0.28514406841613193	14.601795196533203
0.18031397319943682	0.2840103960193808	14.631795167922974
0.18010365708903384	0.2829079674395589	14.671795129776001
0.18110965091394776	0.2840132976545028	14.70179533958435
0.1802340992072255	0.2824130795268959	14.731795310974121
0.18107700765285023	0.2815534037357284	14.771795272827148
0.18158531055568836	0.28274205668434954	14.801795244216919
0.18361397567760923	0.2843685674186298	14.83179521560669
0.2238665154594846	0.32639704349726595	14.871795177459717
0.22610510771225184	0.32891588823650286	14.901795148849487
0.22679849987849224	0.3335482662314789	14.931795358657837
0.22772554828813102	0.33437541489535105	14.971795320510864
0.22859914909567688	0.33554392804209016	15.001795291900635
0.22891004580607993	0.33719845496723005	15.031795263290405
0.22963544016690207	0.33762399412659977	15.071795225143433
0.2304436529749683	0.33795877154208104	15.101795196533203
0.23047347623321685	0.33830233998283077	15.131795167922974
0.23088982814740308	0.33967195112629617	15.171795129776001
0.2596517140516276	0.3491453489451478	15.20179533958435
0.27318475544570947	0.3558445525092874	15.281795263290405
0.274092816435748	0.35453538771130694	15.301795244216919
0.2738361964642875	0.35516637117164285	15.33179521560669
0.2746417050837739	0.3546614764756266	15.371795177459717
0.27443544572148887	0.3557896765312714	15.401795148849487
0.27528270597660665	0.3547764828546705	15.431795358657837
0.2783041930565604	0.3560728817521538	15.471795320510864
0.31488395526877383	0.3750309899702471	15.501795291900635
0.3180089685835727	0.37773392546995865	15.531795263290405
0.31783959217856517	0.37624484388474827	15.571795225143433
0.3192718124774862	0.3774238488769041	15.601795196533203
0.31974623139295144	0.3778523736958271	15.631795167922974
0.32073390190281353	0.37595160883326945	15.671795129776001
0.3203647250993503	0.3776245602519108	15.70179533958435
0.3203759995922235	0.37985514667672954	15.731795310974121
0.3659397041578443	0.3891921960889858	15.771795272827148
0.3786043149783811	0.40003210338000017	15.801795244216919
0.37995032257412586	0.4007846357422191	15.83179521560669
0.3786443602430614	0.39981052144706	15.871795177459717
0.3789097079765883	0.4001200858408829	15.901795148849487
0.3793329659266685	0.4001263919725524	15.931795358657837
0.38086979689316613	0.4010232034346563	15.971795320510864
0.3813127820972704	0.4119679089273732	16.001795291900635
0.3846646500131397	0.48104734666423343	16.031795263290405
0.38559409844697895	0.484474016751221	16.071795225143433
0.38503298557241195	0.48575657650543397	16.101795196533203
0.3826284345851714	0.485266623462503	16.131795167922974
0.3832119320957205	0.48591304907642735	16.171795129776
0.3844679995337335	0.4852049382008136	16.20179533958435
0.3821177631069205	0.4856032774731022	16.23179531097412
0.3831728191391735	0.48049186014847045	16.27179527282715
0.3977874511197538	0.43944056059625725	16.30179524421692
0.39793343513146756	0.4380744881549165	16.33179521560669
0.39715175784370615	0.43757522846384517	16.371795177459717
0.3955291226225711	0.4378295149851341	16.401795148849487
0.39458305905075836	0.43791652300260236	16.431795358657837
0.39339400622737153	0.44045373102771446	16.471795320510864
0.37669519427431836	0.4559882163200813	16.501795291900635
0.3948976241313083	0.38267475574683246	16.631795167922974
0.3988757294497306	0.3846263583518602	16.671795129776
0.40310722314598574	0.389938786218507	16.70179533958435
0.4051697179653701	0.3895352056586536	16.73179531097412
0.4068659195462751	0.389441783395317	16.77179527282715
0.4090140139021819	0.3883847404649873	16.80179524421692
0.41038182797649414	0.3864969380147386	16.83179521560669
0.37108592266577767	0.3453362385454796	16.871795177459717
0.36928064079725786	0.33976667411148165	16.901795148849487
0.36928036891316884	0.337104919712624	16.931795358657837
0.3706154902668042	0.3385885942189284	16.971795320510864
0.3704550973494225	0.33861682721717234	17.001795291900635
0.37003648818172913	0.33904284349810215	17.031795263290405
0.3698969809546837	0.3402374565419978	17.071795225143433
0.3694612244438422	0.34122858434446157	17.101795196533203
0.3657851349812694	0.3461385662830784	17.131795167922974
0.33991830945911417	0.3352538523714603	17.171795129776
0.3467336020481102	0.359109315634986	17.27179527282715
0.35509326790231116	0.34779069024431425	17.30179524421692
0.358100192129508	0.34588687161512954	17.33179521560669
0.36146325757221026	0.3432489592425988	17.371795177459717
0.36470408933178206	0.34081126443164944	17.401795148849487
0.365906934463123	0.3415868441826607	17.431795358657837
0.36763343537684284	0.3402533064421438	17.471795320510864
0.36498616080589863	0.33624593136242137	17.501795291900635
0.308628983185486	0.2480580558251557	17.531795263290405
0.3071101082828336	0.24430988946690907	17.571795225143433
0.30807823917649485	0.24703611668493072	17.601795196533203
0.30778188022291486	0.24604871050185056	17.631795167922974
0.30764512957544166	0.24683696990643889	17.671795129776
0.30794200605035016	0.247458833920781	17.70179533958435
0.30897925915575675	0.2489115589561223	17.73179531097412
0.308424077451567	0.24968586138452858	17.77179527282715
0.30898369166116774	0.24838347326992727	17.80179524421692
0.3091076622606724	0.24801650495127892	17.83179521560669
0.30804630127516497	0.24691878964524544	17.871795177459717
0.3068865541658579	0.24724797697258213	17.901795148849487
0.27421805804973126	0.24945994321252601	17.931795358657837
0.2707833681178527	0.24839940102372432	17.971795320510864
0.2704020435737755	0.2500059942041144	18.001795291900635
0.2694275512862898	0.2502200084272735	18.031795263290405
0.2688271077568256	0.24972653225864377	18.071795225143433
0.2689945094403044	0.2519213789927499	18.101795196533203
0.250336245926007	0.2352178430233653	18.131795167922974
0.2197466479974631	0.2219591328910045	18.171795129776
0.22080888961434417	0.2223808394806185	18.20179533958435
0.22106687364710065	0.22258098149124073	18.23179531097412
0.22248213580318965	0.2213974647012149	18.27179527282715
0.22265875934594243	0.22223776389626668	18.30179524421692
0.22195838335840654	0.22260810578207163	18.33179521560669
0.2212427990576401	0.22372471924741763	18.371795177459717
0.22156172684953987	0.22344288319446506	18.401795148849487
0.22130828852869291	0.22213164951949893	18.431795358657837
0.22293953304464964	0.22235412173939081	18.471795320510864
0.2231954449132429	0.2225677965675751	18.501795291900635
0.22303500927155978	0.22058153889803944	18.531795263290405
0.22355494271944018	0.2219850684912958	18.571795225143433
0.2236238524819249	0.2211770831839322	18.601795196533203
0.22360994316890417	0.22088169907282984	18.631795167922974
0.22393605773561817	0.22261730726440548	18.671795129776
0.21927967620288316	0.19799758077016394	18.70179533958435
0.21739478461448958	0.17568554004096723	18.73179531097412
0.21933345897504153	0.1772561108668173	18.77179527282715
0.22271673320625535	0.17299155702485283	18.80179524421692
0.2892855060323916	0.11395905077060398	18.83179521560669
0.2894356424070082	0.11173118290036377	18.871795177459717
0.28883644894312493	0.1137914693247813	18.901795148849487
0.28934550377100593	0.11501093780904682	18.931795358657837
0.28982693797320497	0.11378457496456898	18.971795320510864
0.2896559295541208	0.11633929793900435	19.001795291900635
0.31157085535445295	0.14113980937001572	19.031795263290405
0.3427152411302869	0.18319171334977807	19.071795225143433
0.3437406377941299	0.1848931304124769	19.101795196533203
0.34303527409554907	0.18612485636764925	19.131795167922974
0.3436547106532189	0.18553085174342546	19.171795129776
0.3443863961368787	0.1861897563618771	19.20179533958435
0.34436093256864003	0.18575477831253692	19.23179531097412
0.3446183767541063	0.18773936289241994	19.27179527282715
0.34488899185663047	0.1873332912985905	19.30179524421692
0.3444790497821769	0.18838716138163478	19.33179521560669
0.34849711620292867	0.18725608015661852	19.371795177459717
0.39757484557426676	0.17971171015998816	19.401795148849487
0.40052247634907057	0.18006213187925793	19.431795358657837
0.4002527836146707	0.1811834621601687	19.471795320510864
0.40125749536340105	0.17998676475523662	19.501795291900635
0.4016661975385616	0.18311434232007553	19.531795263290405
0.40229873846124475	0.18350464088525423	19.571795225143433
0.400711109832352	0.18133222349043812	19.601795196533203
0.40074205646026334	0.18359265794496507	19.631795167922974
0.4004872938399622	0.18321851074783196	19.671795129776
0.40054901301935747	0.18267278432866654	19.70179533958435
0.40169804940471304	0.18985763390934665	19.73179531097412
0.40599698921090627	0.2504128759656585	19.77179527282715
0.4058496469778512	0.2554177223914822	19.80179524421692
0.4048751162731519	0.2572504982293823	19.83179521560669
0.40449040858306357	0.257389426324099	19.871795177459717
0.40520017955664933	0.25748013794475066	19.901795148849487
0.40517586686722046	0.2576685976031252	19.931795358657837
0.40701578131656596	0.25693274277893136	19.971795320510864
0.4066348639609022	0.2570612409328263	20.001795291900635
0.4071281775033409	0.2600747916729621	20.031795263290405
0.408038057972784	0.26057784556613833	20.071795225143433
0.4070881974335366	0.2586183161303312	20.101795196533203
0.40724457116221935	0.2608509301477588	20.131795167922974
0.24357481570007955	0.538168155272906	20.20179533958435
0.24380375467853896	0.5399391935830852	20.23179531097412
0.24378746202588095	0.5434449104587701	20.27179527282715
0.24419496369454935	0.5498446031010497	20.30179524421692
0.24455604857807492	0.549860203663299	20.33179521560669
0.24773627467221196	0.6141739627120585	20.371795177459717
0.24980755613350786	0.6350997927424356	20.401795148849487
0.2501078794794959	0.6374961802665894	20.431795358657837
0.2511801608694561	0.6383955857868726	20.471795320510864
0.2508293485097097	0.6394104212281246	20.501795291900635
0.25105613727338283	0.6410487253708342	20.531795263290405
0.2495546301629058	0.647374501037956	20.571795225143433
0.2495546301629058	0.647374501037956	20.871795177459717
0.18405212047835875	0.6586895988300325	21.031795263290405
0.18776167981032332	0.6523997262992398	21.071795225143433
0.19149181581659028	0.6486384742502681	21.101795196533203
0.19316228077074638	0.6458249283388863	21.131795167922974
0.1935680657765109	0.6416398060441277	21.171795129776
0.23085194890722904	0.6610586613088555	21.20179533958435
0.2571249416376713	0.6782955263925436	21.23179531097412
0.258001509580783	0.6756193797448872	21.27179527282715
0.2579163633031955	0.6762398783702991	21.30179524421692
0.2577331957983331	0.6768232118274005	21.33179521560669
0.25859643139056243	0.6766620084608177	21.371795177459717
0.26224644775711964	0.676074614394703	21.401795148849487
0.3077491592956932	0.6361556545190387	21.431795358657837
0.30922796590131696	0.6360518700796086	21.471795320510864
0.3097043396927309	0.6357320611167783	21.501795291900635
0.3111970207386513	0.6336696608049449	21.531795263290405
0.3109796557916699	0.6342900020349311	21.571795225143433
0.31140708471415013	0.6360811722962298	21.601795196533203
0.31184874941884155	0.6349809166610416	21.631795167922974
0.3106855693947361	0.6363915272579335	21.671795129776
0.31083939989219656	0.6356981017385471	21.70179533958435
0.31088975569400656	0.6368955027347019	21.73179531097412
0.3113685852584528	0.6358736966122569	21.77179527282715
0.31074105276377795	0.6379192820294196	21.80179524421692
0.31082411345381966	0.6382270065935768	21.83179521560669
0.28528252676612786	0.625524473169638	21.871795177459717
0.27714179917754	0.6239364136194787	21.901795148849487
0.27856629521181486	0.6247950098175935	21.931795358657837
0.2791306038204537	0.6264928883468848	21.971795320510864
0.2798007038083645	0.6289618472578907	22.001795291900635
0.274873816944575	0.6270397074029528	22.031795263290405
0.18188927094423635	0.5997704683624285	22.061795234680176
0.1809498247561319	0.5987659865558659	22.101795196533203
0.18095285360437832	0.6018592311260363	22.131795167922974
0.1813051394270425	0.6032530537439793	22.171795129776
0.1813829658729989	0.6044696376375954	22.20179533958435
0.18047657185154706	0.6033989201993695	22.23179531097412
0.179852064490986	0.6035269907057412	22.27179527282715
0.1744113950291121	0.6282228823142254	22.30179524421692
0.174545127698835	0.6305615628729383	22.33179521560669
0.17418376400875474	0.634403921126693	22.371795177459717
0.17419493450364154	0.6334467330285871	22.401795148849487
0.17414474074014455	0.6313425347394614	22.431795358657837
0.17442162684539425	0.6339593070036769	22.471795320510864
0.17436513133923937	0.6336639502741039	22.501795291900635
0.1732505766697715	0.6340317358610092	22.531795263290405
0.17328977533070658	0.6361009247736193	22.561795234680176
0.17397614126348723	0.6348115385683046	22.601795196533203
0.3212967896080182	0.626347179873025	22.661795139312744
0.32134147613378417	0.6258102898571241	22.70179533958435
0.3223239359701004	0.6297223465745074	22.73179531097412
0.32304910007529025	0.6295280706683253	22.77179527282715
0.32335907643008344	0.6310968405188905	22.80179524421692
0.3240813117227651	0.6311131280496762	22.83179521560669
0.3250245476439972	0.6323989939807397	22.871795177459717
0.32510315936088363	0.6324797740961966	22.901795148849487
0.32424607118605253	0.635245355623458	22.931795358657837
0.3251755545133413	0.6313260192838652	22.961795330047607
0.4831243922556569	0.05930686455645706	23.031795263290405
0.48698147369750866	0.010687840473932763	23.071795225143433
0.4859148225066135	0.013341170819327406	23.101795196533203
0.482805519092785	0.021871831879473468	23.131795167922974
0.4363269768870532	0.1965223583276555	23.171795129776
0.43541886144998315	0.2068245921071616	23.20179533958435
0.43410213202475734	0.20884969571720405	23.23179531097412
0.4328534117097863	0.2086955907651638	23.27179527282715
0.4325945725240631	0.21178007430896914	23.30179524421692
0.43443362371689426	0.21262018835435717	23.33179521560669
0.43621281544313545	0.21287449071289832	23.371795177459717
0.43592045050089484	0.21200786271258992	23.401795148849487
0.43525753354190705	0.21315760071032802	23.431795358657837
0.314343111016997	0.46611922448358717	23.471795320510864
0.14128733628887308	0.8255722303932402	23.501795291900635
0.14088329825295542	0.8200164559169765	23.531795263290405
0.14161155584430588	0.8250671137954433	23.571795225143433
0.14155842658610168	0.8299921675650136	23.601795196533203
0.141408766384921	0.8357274733584542	23.631795167922974
0.14018077348956542	0.8360558362803727	23.671795129776
0.13772181265487615	0.8338094458086902	23.70179533958435
0.09624873769535029	0.7222319746489395	23.73179531097412
0.09456269121313422	0.7231939003104915	23.77179527282715
0.09433997730034104	0.7261799236542672	23.80179524421692
0.09351869246418522	0.7292230276782199	23.83179521560669
0.09295609215451887	0.7297796361412581	23.871795177459717
0.09278035917567802	0.731126731586721	23.901795148849487
0.09246665351093558	0.7293622601461446	23.931795358657837
0.4179544341644224	0.14882177731353918	24.031795263290405
0.41649407281715384	0.15308811126421915	24.071795225143433
0.41573279990484235	0.15582173730002666	24.101795196533203
0.4151168733744994	0.15971760632357998	24.131795167922974
0.4128502091336342	0.1613964091347372	24.171795129776
0.41243289638814223	0.16119154644881656	24.20179533958435
0.41238610965726247	0.16156590004764002	24.23179531097412
0.41190124005749723	0.1611713644032675	24.27179527282715
0.4125165985846448	0.16299380640948752	24.30179524421692
0.4136011451601773	0.16160085198859825	24.33179521560669
0.4136011451601773	0.16160085198859825	24.401795148849487
0.4136011451601773	0.16160085198859825	24.431795358657837
0.4136011451601773	0.16160085198859825	24.471795320510864
0.4136011451601773	0.16160085198859825	24.501795291900635
0.4136011451601773	0.16160085198859825	24.531795263290405
0.4136011451601773	0.16160085198859825	24.571795225143433
0.4760552709034305	0.1307412460550014	24.631795167922974
0.47831716485434284	0.13232712915385816	24.661795139312744
0.47926798632692624	0.13407262023613317	24.70179533958435
0.4805950487938773	0.13450590380870248	24.73179531097412
0.4807695714377958	0.13532023888137837	24.76179528236389
0.48197694204032904	0.1352912504979072	24.80179524421692
0.48192800414215026	0.13559000767197407	24.83179521560669
0.48224632198232226	0.13550914731906075	24.871795177459717
0.48183185031441217	0.13509802771275908	24.901795148849487
0.45031111573923505	0.12497711220844697	24.941795349121094
0.42739363009968173	0.13271173102570732	24.971795320510864
0.42923101629852534	0.13309520693089125	25.001795291900635
0.4303620731796111	0.13433331339758972	25.031795263290405
0.43079619284374665	0.13349470947583317	25.071795225143433
0.43055260349166785	0.13355514747789862	25.101795196533203
0.4302104211187078	0.13554684459115843	25.131795167922974
0.43108976849686814	0.13397508907964403	25.171795129776
0.4309120776496477	0.1359146120391182	25.20179533958435
0.43057417057454933	0.13569812944882628	25.23179531097412
0.4272318133665052	0.13872368420027625	25.26179528236389
0.38359773701255945	0.16708961973481704	25.30179524421692
0.38437852356849905	0.1684050580057485	25.33179521560669
0.3850578494822129	0.16747968456429083	25.371795177459717
0.38475030515252323	0.16731832438931965	25.401795148849487
0.38493833222170526	0.16753421492674764	25.431795358657837
0.3840621290376817	0.16715470862571552	25.461795330047607
0.3857775059734298	0.16619515525113193	25.501795291900635
0.38240988286228744	0.16257868948124973	25.531795263290405
0.309099004886413	0.1020600843473188	25.561795234680176
0.3075137130699072	0.10163171785630175	25.601795196533203
0.3061833903011798	0.1020105261621186	25.631795167922974
0.3055850097191887	0.10401241554341019	25.671795129776
0.3053001609193751	0.103561103647478	25.70179533958435
0.19365618858735045	0.7265745426785758	25.76179528236389
0.19201779934436028	0.7307304594011703	25.811795234680176
0.1912272692935009	0.7365766801966235	25.83179521560669
0.19107847584936605	0.7399437761196034	25.871795177459717
0.19171557545930895	0.7417826667009172	25.901795148849487
0.19249412519345419	0.7418012611612289	25.931795358657837
0.19360265557764342	0.7436997629732335	25.961795330047607
0.19348983897810834	0.7418950794308733	26.001795291900635
0.19582380623376192	0.7436529709308957	26.031795263290405
0.19079002734755846	0.783771711028233	26.071795225143433
0.1863369671008177	0.8442573073935449	26.101795196533203
0.18697598933989953	0.845314787791911	26.131795167922974
0.18767805348543978	0.8473978228738379	26.171795129776
0.18798037190841635	0.8470669555683948	26.20179533958435
0.1880919385753487	0.8472501299309626	26.23179531097412
0.18828761238695968	0.8463398238498738	26.27179527282715
0.18932455496573267	0.8467708996527158	26.30179524421692
0.1889864377556409	0.846501580797012	26.33179521560669
0.1020001974831225	0.763604294497154	26.401795148849487
0.10361377084832187	0.7695576770775668	26.431795358657837
0.10463952701869407	0.7729871987987821	26.461795330047607
0.10499671866258496	0.775837637654602	26.501795291900635
0.10546391677467502	0.7765885643516067	26.531795263290405
0.10540902118947645	0.7798119594250335	26.571795225143433
0.10473615253096612	0.7764065443897155	26.601795196533203
0.10421957199043251	0.7752553044838554	26.631795167922974
0.1038104188434689	0.7784375840450901	26.671795129776
0.10052498933006292	0.8429515106436234	26.70179533958435
0.10594972376185516	0.9422348175437213	26.73179531097412
0.10539576356549413	0.9442156569546791	26.77179527282715
0.10455448724815826	0.9419967694511738	26.80179524421692
0.10499381487321882	0.9432639536719144	26.83179521560669
0.10454206354898697	0.9410903820632658	26.871795177459717
0.10497567973619013	0.9400137336949225	26.901795148849487
0.10478014811142677	0.938691272601867	26.931795358657837
0.10456819609048221	0.9389629146262275	26.961795330047607
0.1038063064130792	0.9374744059546065	27.001795291900635
0.10395906886389948	0.9373939913303297	27.031795263290405
0.10398868127176987	0.9356470615559414	27.071795225143433
0.10342099150787809	0.9349460947652636	27.101795196533203
0.10410288580430328	0.933033846966962	27.131795167922974
0.1856091919384897	0.7727385039701171	27.20179533958435
0.18586063427949576	0.7752354532446853	27.23179531097412
0.18549640714986912	0.778036951601387	27.26179528236389
0.1862503263408664	0.7825238640707959	27.30179524421692
0.18441652166707773	0.7943030728798983	27.33179521560669
0.2171176112593444	0.566454638894505	27.601795196533203
0.2220287985574316	0.5844215883091756	27.631795167922974
0.22495630718111065	0.5849948027774308	27.671795129776
0.22680215656297864	0.5850176510468605	27.70179533958435
0.22761859309455298	0.5835877530242057	27.73179531097412
0.22841431275287818	0.5849281530277831	27.77179527282715
0.12906745287508017	0.6875097303280956	27.83179521560669
0.12960519743133914	0.686655933133865	27.86179518699646
0.13077707720203124	0.6884368750173988	27.901795148849487
0.1294302938322211	0.6870349741440371	27.931795358657837
0.12933319674100302	0.6876661199033879	27.961795330047607
0.12905293716473215	0.6867619450792021	28.001795291900635
0.12927581598971777	0.6869505052682937	28.031795263290405
0.12928084299145956	0.6892812286695051	28.071795225143433
0.11042317657011452	0.8618014163437628	28.101795196533203
0.11162697055525293	0.8888879872399199	28.131795167922974
0.11154576511407992	0.8907362080070191	28.171795129776
0.11123638409821833	0.8946525147090603	28.20179533958435
0.11099474495752445	0.8950458348557176	28.23179531097412
0.11078847852806144	0.8962681939945553	28.26179528236389
0.1108417999126858	0.8968056140346229	28.30179524421692
0.11123113348841032	0.8968458787955695	28.33179521560669
0.11084345543100198	0.8964315765650471	28.36179518699646
0.11084190243306682	0.8970334080149666	28.401795148849487
0.12407910869856621	0.8157039009143997	28.431795358657837
0.15196268003467192	0.6683808473485802	28.471795320510864
0.1517499006868197	0.6694752066869657	28.501795291900635
0.15050043546692926	0.6704523562959803	28.531795263290405
0.1499734873243378	0.6725717301824929	28.561795234680176
0.14879578782027567	0.674335045996243	28.601795196533203
0.14787577760617762	0.6744140643987835	28.631795167922974
0.14712055855861042	0.6758637789473725	28.661795139312744
0.1471909174939182	0.671905752326177	28.70179533958435
0.14630659814607155	0.6733697968712805	28.73179531097412
0.1456160955588462	0.6727111716161589	28.76179528236389
0.14525277066073392	0.6723074452522422	28.80179524421692
0.14483311817992106	0.6718895904747249	28.83179521560669
0.1438458050650892	0.6705530255853627	28.871795177459717
0.14494953111970593	0.6711546909120889	28.901795148849487
0.14360130333460594	0.6718738270175579	28.931795358657837
0.14218858604313195	0.669254204769757	28.971795320510864
0.1415826884301173	0.6705919231891346	29.001795291900635
0.14071202109667283	0.6714160789009637	29.031795263290405
0.14038067304225055	0.6703651182348609	29.061795234680176
0.1392877225358696	0.670750304181751	29.101795196533203
0.1385947164481127	0.670475815142156	29.131795167922974
0.13843983970386334	0.6727874681506729	29.171795129776
0.13814063414051161	0.6713897924416006	29.20179533958435
0.13807577842370494	0.6719302227262655	29.23179531097412
0.17765734683405845	0.5612338522036866	29.27179527282715
0.32638890582359004	0.2575269728137699	29.30179524421692
0.3270254340748881	0.2516813357286297	29.33179521560669
0.3268182406733257	0.251585428605375	29.36179518699646
0.3254512883347909	0.25371294272283923	29.401795148849487
0.3242138422226008	0.2559075049866724	29.431795358657837
0.32399257138167237	0.2582229090203991	29.461795330047607
0.32328198840027345	0.25558902445523224	29.501795291900635
0.3231186251388506	0.2558772089960511	29.531795263290405
0.324435804513935	0.2571588138560571	29.561795234680176
0.3246310059737226	0.25656886329957473	29.601795196533203
0.3243477199416855	0.25695510444829606	29.64179515838623
0.32642707833924217	0.25829548493953436	29.661795139312744
0.32725641179929416	0.2588740042137507	29.70179533958435
0.3281272248162034	0.25827092713117483	29.73179531097412
0.3289038187863643	0.25994298948353917	29.76179528236389
0.32991875293714734	0.26036375983633453	29.80179524421692
0.331386053465538	0.25884236252312853	29.83179521560669
0.33080702403173	0.25962791671250185	29.86179518699646
0.3310472791212723	0.2598629524105052	29.901795148849487
0.33079043801377095	0.26042232071109006	29.931795358657837
0.3306816403739432	0.2611032334989252	29.971795320510864
0.3301767685297421	0.2609346675929272	30.001795291900635
0.3295285133418414	0.25993180388122195	30.031795263290405
0.3307900990367885	0.2607846138549345	30.071795225143433
0.33010247605601395	0.26075599171633795	30.101795196533203
0.3298069718978515	0.26131145988454724	30.131795167922974
0.3282664276427452	0.2610684990690356	30.171795129776
0.32845602140544294	0.263044259252677	30.20179533958435
0.327129924707542	0.2621251727429662	30.23179531097412
0.32691774378693156	0.26358465602212283	30.26179528236389
0.32711192773825265	0.26350830139837733	30.30179524421692
0.3269225705405016	0.26374776623371193	30.33179521560669
0.3269108400220689	0.2633613298062621	30.36179518699646
0.32721984757203165	0.26287850798710066	30.401795148849487
0.32708635896461935	0.2615599234606027	30.431795358657837
0.3272107845119957	0.26218364244097847	30.471795320510864
0.32800562022806007	0.26196779566598577	30.501795291900635
0.3287106479819567	0.2598495421127016	30.531795263290405
0.32898269551435777	0.26203178154118356	30.571795225143433
0.33015618925800927	0.2606001593241861	30.601795196533203
0.33103805633217476	0.26207515732350833	30.631795167922974
0.3319739306777379	0.2613206464307324	30.671795129776
0.33215086960646095	0.26098036068185093	30.70179533958435
0.33343887710615006	0.26340692016260586	30.73179531097412
0.3330802321614968	0.26118870464761373	30.76179528236389
0.3327155777257188	0.26113007476645483	30.80179524421692
0.33615731871521454	0.25238144476122026	30.83179521560669
0.4016869448472691	0.11310515451046513	30.86179518699646
0.40083237586152903	0.10831510068812898	30.901795148849487
0.4013654793066201	0.1078718129966629	30.931795358657837
0.3992926134470229	0.10637337583995125	30.971795320510864
0.3989680488361712	0.10828057168716673	31.001795291900635
0.39978966539416155	0.10934061736896054	31.031795263290405
0.39956250541971533	0.10808806912901435	31.071795225143433
0.4000578659645538	0.10833220686420127	31.101795196533203
0.3988322097293559	0.10800909677026177	31.131795167922974
0.39850080346982364	0.10790851901701219	31.161795139312744
0.39828398018802197	0.10718951654058909	31.20179533958435
0.39870672151912934	0.10809729558438282	31.23179531097412
0.398568193090664	0.10714821778631739	31.26179528236389
0.39822955588592646	0.10755668297815442	31.30179524421692
0.39886572622637034	0.10698585940660212	31.33179521560669
0.39921300501348755	0.10714178464812613	31.36179518699646
0.3991528553452833	0.10487306864529851	31.401795148849487
0.3989466854998288	0.10600443794538127	31.431795358657837
0.39862168749927823	0.10509701090293455	31.471795320510864
0.3981073086389604	0.10580345279107184	31.501795291900635
0.39729676026629357	0.1061002192666065	31.531795263290405
0.41052064045154923	0.09938059038491592	31.571795225143433
0.42774938956612796	0.08894716319044203	31.601795196533203
0.42819735934885783	0.088331498483138	31.631795167922974
0.4273104703916161	0.08796550122202122	31.661795139312744
0.4274211816747105	0.08861544630410192	31.70179533958435
0.427218128282953	0.0880898353003746	31.73179531097412
0.42684291706225036	0.08848183791068623	31.76179528236389
0.42727591900157813	0.08984922419735801	31.80179524421692
0.42746724909398515	0.08752421991255693	31.83179521560669
0.42783896764068097	0.08800789216054007	31.86179518699646
0.42514176086533567	0.08753553474258988	31.901795148849487
0.4188288061247648	0.09174902894701188	31.931795358657837
0.41688448382738486	0.09554074235319374	31.971795320510864
0.4159475138936944	0.09661105977132935	32.001795291900635
0.41704693626190625	0.09558249051535693	32.031795263290405
0.4170902501163976	0.0961615574905122	32.061795234680176
0.41772007708642334	0.09808273929126043	32.1017951965332
0.4175264534819188	0.0969534030345314	32.131795167922974
0.4178214941360341	0.09934687907376212	32.161795139312744
0.4184103911626967	0.10059420396853554	32.20179533958435
0.4190082161786595	0.10199333832234121	32.23179531097412
0.41931456747157475	0.10201467940513453	32.26179528236389
0.42320303181172136	0.09990227734631162	32.30179524421692
0.43498174756260977	0.09954252077950974	32.33179521560669
0.4363896610751841	0.10012478598591436	32.36179518699646
0.4350909891528476	0.09992092368290263	32.40179514884949
0.43645050422646947	0.09890708642747384	32.43179535865784
0.43596444647454885	0.09882824654147775	32.46179533004761
0.43754795890236053	0.09867888875245046	32.501795291900635
0.4380856246564967	0.09985828777215505	32.531795263290405
0.4351836636370018	0.09882587965469025	32.561795234680176
0.3920720532022792	0.10143202744021254	32.6017951965332
0.39059253292797536	0.10142217619469003	32.631795167922974
0.39063408198533395	0.10314142248829991	32.661795139312744
0.39061969726869067	0.10328171264163499	32.70179533958435
0.3911905672836498	0.10241523448439585	32.73179531097412
0.3919151692202223	0.10197388688308003	32.76179528236389
0.3928282880726672	0.10236291099158541	32.80179524421692
0.3921389430621988	0.10196503313151954	32.83179521560669
0.39171406553380006	0.10205374179440771	32.87179517745972
0.3923345237505163	0.10277057973775224	32.90179514884949
0.46148637605754045	0.10340133449585474	32.93179535865784
0.48093979890860666	0.10454347618617314	32.971795320510864
0.48136314868095875	0.10565593375395978	33.001795291900635
0.48278003786918433	0.10521334126102784	33.031795263290405
0.4827251395087923	0.10534849277933116	33.07179522514343
0.4834346915509611	0.1042664727341503	33.1017951965332
0.4846979113015544	0.10582595631376589	33.131795167922974
0.48543363725378536	0.10490231883917557	33.171795129776
0.4865464985754099	0.10524716266802106	33.20179533958435
0.48778685429262125	0.10671287586943187	33.23179531097412
0.487793291704608	0.10692568834173441	33.27179527282715
0.48722270811115115	0.106913892254928	33.30179524421692
0.48802828664675835	0.10549396302637198	33.33179521560669
0.48760681043422666	0.10697185311626989	33.37179517745972
0.4878697823121888	0.10751817488555013	33.40179514884949
0.4865365186266657	0.10541024068397475	33.43179535865784
0.4859835242991876	0.1054725061107195	33.471795320510864
0.4849069088776732	0.10719108901166842	33.501795291900635
0.48455828353212466	0.10609840807403861	33.531795263290405
0.4844027860802439	0.10681863797261515	33.561795234680176
0.4839457919002383	0.10679738528032766	33.6017951965332
0.4836008904816243	0.10577282230129553	33.631795167922974
0.48263134102651195	0.104598403536058	33.671795129776
0.4819317448791322	0.10461607432494882	33.70179533958435
0.48090055455011665	0.10414253832095287	33.73179531097412
0.4816071578428343	0.10493234924333272	33.76179528236389
0.480699165761212	0.10588148898471969	33.80179524421692
0.4807236877774102	0.10529736459518674	33.83179521560669
0.4800917250362702	0.10466206530001143	33.86179518699646
0.48020714075681453	0.10539419879032584	33.90179514884949
0.4807115777607465	0.10582938102703346	33.93179535865784
0.4797362752230926	0.10438103687442643	33.971795320510864
0.4802098663940512	0.10433802969044995	34.001795291900635
0.47994193620029635	0.10353826357834048	34.031795263290405
0.4799973600688978	0.10338038941686636	34.061795234680176
0.48105756212503636	0.10157064290212275	34.1017951965332
0.48085697899380314	0.10133881700696959	34.131795167922974
0.4816643620949152	0.10153076101773703	34.171795129776
0.4814970598855483	0.10158578188375002	34.20179533958435
0.48134848155731774	0.10255970673227024	34.23179531097412
0.4815942554520202	0.10251045230504117	34.26179528236389
0.4805440322857877	0.10280897107567413	34.30179524421692
0.47963725024251924	0.10276389469637948	34.33179521560669
0.4792265328605512	0.10216142110075876	34.36179518699646
0.4790559655551864	0.1011986213692155	34.40179514884949
0.4782579716316816	0.1004719831228698	34.43179535865784
0.47827189305297596	0.10166993542305727	34.46179533004761
0.4778427225153728	0.10206437535965156	34.501795291900635
0.47766084894415695	0.1021066553021085	34.531795263290405
0.47654542773116737	0.10321435948899449	34.57179522514343
0.47702504100476	0.10264106022815903	34.6017951965332
0.4763458789665739	0.10314440422255998	34.631795167922974
0.47648434876883866	0.1037612400281644	34.661795139312744
0.47660782092760945	0.10250651773224934	34.70179533958435
0.47653291342457976	0.1000611089817973	34.73179531097412
0.4769941779309439	0.1017215538003376	34.77179527282715
0.4762135501900009	0.10028026910649375	34.80179524421692
0.4760772290796952	0.09875369379664836	34.83179521560669
0.4763674858828481	0.09912697077684628	34.86179518699646
0.47712849116175204	0.10001086479944978	34.90179514884949
0.4774045788746002	0.09923824003206194	34.93179535865784
0.47558031489641717	0.09850376034967183	34.96179533004761
0.4759375421987983	0.09822029316178639	35.001795291900635
0.47526980140065095	0.09887652881561583	35.031795263290405
0.474085317595527	0.09932326435465803	35.07179522514343
0.6811553927686301	0.10815946085984275	35.131795167922974
0.6837463345558925	0.1101166329667185	35.161795139312744
0.6855821766956285	0.11069557040230356	35.20179533958435
0.6862599905141135	0.11203582070938868	35.23179531097412
0.6865578667007616	0.11385032037785875	35.26179528236389
0.6877022094539875	0.11469817460738001	35.30179524421692
0.689201249892703	0.1175500811308727	35.33179521560669
0.6888831255887958	0.11694939530039843	35.36179518699646
0.6897762482031023	0.11994622192051428	35.40179514884949
0.6896808476199331	0.12107636069306182	35.43179535865784
0.6901073717681463	0.1196228357099397	35.46179533004761
0.6898144278624142	0.12076097961034479	35.501795291900635
0.6893104345337058	0.1215193041041604	35.531795263290405
0.6885124935637597	0.12008102077891501	35.561795234680176
0.6878096132417005	0.11904448447343133	35.6017951965332
0.6886546716511033	0.11804460485390889	35.631795167922974
0.6878542980104375	0.11970600028279148	35.671795129776
0.6867034402144032	0.11653804588610651	35.70179533958435
0.6865837978436371	0.11959596214941942	35.73179531097412
0.6866162679273227	0.12001822763427061	35.77179527282715
0.6856586478966122	0.11798906343528312	35.80179524421692
0.6848730207431849	0.1174043090697664	35.83179521560669
0.6842701701698938	0.11708685046674121	35.86179518699646
0.6848097997710104	0.11870569253587315	35.90179514884949
0.6834438596300509	0.11841756499287405	35.93179535865784
0.6364113779594888	0.11019973211147764	35.96179533004761
0.6348819846081974	0.11171065733503678	36.001795291900635
0.6368197820798666	0.11319007940975565	36.031795263290405
0.6373627888413234	0.11216194528630599	36.07179522514343
0.6384056987545784	0.11295772035160559	36.1017951965332
0.6393399374359686	0.11407399039189968	36.131795167922974
0.6399146144179838	0.11174640856676625	36.171795129776
0.6396970874317244	0.11287865160375701	36.20179533958435
0.6391221737311307	0.11324560501259838	36.23179531097412
0.6397955168076851	0.11363395342943543	36.27179527282715
0.639677965159613	0.11532646289921564	36.30179524421692
0.6396216283426714	0.1125344589147014	36.33179521560669
0.6387771083434769	0.11631621200194653	36.36179518699646
0.25080187841121016	0.2479161758129786	36.6017951965332
0.2994247977841305	0.35984250701177994	36.631795167922974
0.30765070525981986	0.35863670837592454	36.661795139312744
0.3113199686753637	0.3594370650204909	36.70179533958435
0.3143580665800261	0.3618261685334284	36.73179531097412
0.31517630885955206	0.36439632180362386	36.76179528236389
0.31493887068521365	0.36660256331321794	36.80179524421692
0.315487709266975	0.36646695204605567	36.83179521560669
0.3150390380770858	0.3650633747530092	36.86179518699646
0.3151381021623173	0.3640555146328659	36.90179514884949
0.3157347542405265	0.36229536580788513	36.93179535865784
0.31784255470869355	0.3629740406825437	36.96179533004761
0.3182759337615879	0.3612997153626751	37.001795291900635
0.3194710425512138	0.36178648218933057	37.031795263290405
0.32107543773842573	0.3624949525359846	37.061795234680176
0.32158353249962607	0.3636083307948475	37.1017951965332
0.32245907761221854	0.3622090594463591	37.131795167922974
0.32218607633946866	0.3642466888712208	37.161795139312744
0.32267832270075253	0.36545137093392244	37.20179533958435
0.3216062206484966	0.364229547430888	37.23179531097412
0.3225418951385404	0.3643131843137197	37.26179528236389
0.3223264880511949	0.3635054364333221	37.30179524421692
0.3228798931448182	0.3641411211580654	37.33179521560669
0.323900852812281	0.3630581745548985	37.36179518699646
0.32405789468839863	0.36270180894011256	37.40179514884949
0.3237979120602451	0.36306799976256626	37.43179535865784
0.3236528885293127	0.36295032210698497	37.46179533004761
0.3238695810702594	0.36485571852344884	37.501795291900635
0.32464805677603464	0.3637967954868376	37.531795263290405
0.32061263910838045	0.36074598423478527	37.561795234680176
0.06904005069593187	0.3500810800778074	37.631795167922974
0.07035131792241882	0.35219450451345774	37.661795139312744
0.07039814505094999	0.35411357575878966	37.70179533958435
0.06979336582055191	0.35589319662706087	37.73179531097412
0.06944423812829717	0.35603623483045116	37.76179528236389
0.06976150676837341	0.3550910920592058	37.80179524421692
0.06976653440494254	0.35543509659991324	37.83179521560669
0.11433203882310315	0.9297545553850559	37.90179514884949
0.11321611879610705	0.9285794527124573	37.93179535865784
0.1130460310466017	0.9240058829853282	37.96179533004761
0.11291383485524734	0.9248688093452535	38.001795291900635
0.11344437056595472	0.927128788649164	38.031795263290405
0.1141548081477614	0.9287775402974262	38.061795234680176
0.11451255034156284	0.9309622201052782	38.1017951965332
0.11434509463476199	0.9274610025185979	38.131795167922974
0.1142903617396479	0.9298342813117102	38.171795129776
0.11269975238378015	0.9285414183165721	38.20179533958435
0.11217863097393214	0.9276563168712187	38.23179531097412
0.1115383330087789	0.9243324174532294	38.26179528236389
0.11142137567654901	0.9249835902325604	38.30179524421692
0.11039238563322686	0.9237599856187085	38.33179521560669
0.110135516418689	0.9216964484875958	38.37179517745972
0.10963366579908264	0.9202871730747089	38.40179514884949
0.10914906735698533	0.9193452012756692	38.43179535865784
0.10847971671936725	0.9173588407192534	38.46179533004761
0.10838172468525985	0.916120673835778	38.501795291900635
0.10848076011674297	0.9163880883908117	38.531795263290405
0.10794140750785731	0.9154766516364367	38.561795234680176
0.1069858538251034	0.9150729524143202	38.6017951965332
0.10644359622658399	0.9130104493697364	38.631795167922974
0.10684591478450091	0.9142816870003313	38.661795139312744
0.10605964062320017	0.9145166238343647	38.70179533958435
0.10475757687309127	0.9130546058520896	38.74179530143738
0.10268556946675843	0.9150876916962642	38.77179527282715
0.043019613995425185	1.143722297029464	38.80179524421692
0.03582795238745661	1.1685510226196114	38.83179521560669
0.03694227147658562	1.1679405348908332	38.86179518699646
0.03669921790631711	1.1710245684782306	38.90179514884949
0.03662102011165469	1.173720065394766	38.93179535865784
0.03597211319730307	1.1722793075779085	38.96179533004761
0.0361480195661904	1.172833497827925	39.001795291900635
0.036194079557822834	1.1743387960120888	39.031795263290405
0.03565297376535046	1.1755791266726232	39.07179522514343
0.03591482578728277	1.1759711370236168	39.1017951965332
0.03593148669482899	1.1759742021309496	39.131795167922974
0.03566224697301939	1.1764743921823968	39.161795139312744
0.035872715574518016	1.1776920964154447	39.20179533958435
0.03611300178915511	1.1757921238586957	39.23179531097412
0.03626566957564731	1.1778643496664642	39.26179528236389
0.035619207414133755	1.1777799043404602	39.30179524421692
0.03614468003195948	1.1798547664908772	39.33179521560669
0.0354494361358704	1.1792684038324368	39.36179518699646
0.03503006288241342	1.1785907625815466	39.40179514884949
0.03488132973426365	1.176154321127971	39.441795349121094
0.03528910211443191	1.1773250123674066	39.46179533004761
0.0344243345132018	1.177467472413122	39.501795291900635
0.033992828762038116	1.1735982851674334	39.531795263290405
0.033551290685323004	1.1738943213545108	39.561795234680176
0.033825372540736795	1.17526377232488	39.6017951965332
0.03425350357962709	1.172700879182296	39.631795167922974
0.03396665948675634	1.1726657603945523	39.661795139312744
0.03323909300675334	1.1700604833534125	39.70179533958435
0.03318462817705814	1.1719181436606496	39.73179531097412
0.03289732633641677	1.1711697629536086	39.76179528236389
0.03253960474514337	1.1706028903266241	39.80179524421692
0.0325262606746203	1.1712985687239668	39.83179521560669
0.03208696313251401	1.1703529331525673	39.86179518699646
0.03230952891815848	1.17120366874322	39.90179514884949
0.03260560069515308	1.1717206208132278	39.93179535865784
