COORDENADA X	 COORDENADA Y	 TEMPO
0.2536317937815146	0.12400480297163897	0.006776571273803711
0.253699142183434	0.12592613194903118	0.046776533126831055
0.25330848499527553	0.12731920499320148	0.07677674293518066
0.25280698402078117	0.12735281576497193	0.10677671432495117
0.25251573934417904	0.1276699847521575	0.14677667617797852
0.25085297797081707	0.13016753751877808	0.17677664756774902
0.31170251289585216	0.6200969215809011	0.24677658081054688
0.3134233036417436	0.6311789911878748	0.2767765522003174
0.31454607831202347	0.6382485181095814	0.3067765235900879
0.31670228334934775	0.6438013839813865	0.34677672386169434
0.3166427330128656	0.6488640086950629	0.37677669525146484
0.26853404886929355	0.6734932054490111	0.40677666664123535
0.2685993983866187	0.6763236057109062	0.4467766284942627
0.26806773084012053	0.6822632726873752	0.4767765998840332
0.266827791664926	0.68405536084979	0.5067765712738037
0.2666459187572062	0.6852397120835825	0.546776533126831
0.26702398546391964	0.6876954866689841	0.5767767429351807
0.2670762550718563	0.6933162435544352	0.6067767143249512
0.26592285189854464	0.6995134891475029	0.6467766761779785
0.26890641193029186	0.6659654959357094	0.676776647567749
0.2641516595218577	0.6683879299316865	0.7067766189575195
0.2605829012852383	0.6673036573075983	0.7467765808105469
0.26138234559890183	0.6635650367880828	0.7767765522003174
0.26029983545943464	0.6673768602103265	0.8067765235900879
0.25678330965145013	0.6634935080416215	0.8467767238616943
0.31156090831818456	0.6376532066357958	0.8767766952514648
0.318102052800121	0.6449488764582662	0.9067766666412354
0.3226615482025162	0.6484557818140338	0.9467766284942627
0.32208722856612465	0.6521558996045191	0.9767765998840332
0.32137734061315076	0.6556652626168457	1.0067765712738037
0.3173018639988215	0.6501701503285049	1.046776533126831
0.31923822286478915	0.654419498721458	1.0767767429351807
0.3809878654210511	0.6373263100394808	1.1067767143249512
0.3829378845926082	0.6467269266983882	1.1467766761779785
0.38386219718223163	0.6475946572413517	1.176776647567749
0.38427882290514936	0.6531411170020883	1.2067766189575195
0.38190234665983636	0.6558436118117336	1.2467765808105469
0.38174371519692213	0.6614691545824362	1.2767765522003174
0.3889285411870631	0.6682713714852527	1.306776523590088
0.4549722204603278	0.65544036194221	1.3467767238616943
0.45044577226476945	0.6532448308763608	1.3767766952514648
0.4518511541231963	0.6596019419113079	1.4067766666412354
0.45727243204782575	0.6631137768944515	1.4467766284942627
0.4599706364585311	0.6686890568665768	1.4767765998840332
0.45987683897522275	0.6666938409387986	1.5067765712738037
0.4617813624533261	0.6722156971320252	1.546776533126831
0.46478214273819884	0.6743459357417261	1.5767767429351807
0.5120068390637046	0.6656682938124895	1.6067767143249512
0.5175406507188774	0.6672719281194861	1.6467766761779785
0.5144521080059289	0.663683596014374	1.676776647567749
0.518775592158018	0.6691006951871387	1.7067766189575195
0.5233442873732582	0.6750007431492447	1.7467765808105469
0.5256892144475845	0.6773562745283325	1.7767765522003174
0.524819099967691	0.6793618154278283	1.806776523590088
0.6074917503238311	0.6757446689180435	1.8767766952514648
0.607621024525942	0.6724617884416672	1.9067766666412354
0.6081868737820177	0.6699657404364328	1.9467766284942627
0.609516076593148	0.6678487595915886	1.9767765998840332
0.611549767116826	0.676580052548822	2.0067765712738037
0.6113066286507721	0.6746455004319891	2.046776533126831
0.6117061473630734	0.6743909925693321	2.0767767429351807
0.6134279463734451	0.6716715345299166	2.106776714324951
0.6513123317908107	0.6641131850651227	2.1467766761779785
0.6504401255532473	0.6651898966952083	2.176776647567749
0.6527436460561648	0.6620075244338446	2.2067766189575195
0.6535338620531972	0.6614994674136675	2.246776580810547
0.6537560727579712	0.6608815524620233	2.2767765522003174
0.6543618885428308	0.6599310843821969	2.306776523590088
0.6524733716357052	0.6561098685093442	2.3467767238616943
0.3036528013744921	0.6038596662715473	2.4067766666412354
0.30389793634125684	0.6143837993578639	2.4467766284942627
0.30326396906516223	0.6131744123922397	2.476776599884033
0.30380718392394274	0.6224258293836171	2.5067765712738037
0.3049352659557732	0.6232998113948817	2.546776533126831
0.3053822158676556	0.6270761910565927	2.5767767429351807
0.3061337744482054	0.6305579813215152	2.606776714324951
0.30633624812650134	0.6316246060977125	2.6467766761779785
0.30890944712197616	0.6324220523996207	2.676776647567749
0.307918274536751	0.6342184483773076	2.7067766189575195
0.3057403775670046	0.6333269621542583	2.746776580810547
0.3004773564556181	0.6303340244104555	2.7767765522003174
0.27314491920087025	0.6300637973367093	2.806776523590088
0.26899910296451357	0.6375975054573779	2.8467767238616943
0.2713803500314518	0.6323603769357804	2.876776695251465
0.2569900755136421	0.6445898853204604	2.9067766666412354
0.5322081065889067	0.6009368832236559	3.0067765712738037
0.546783636678221	0.613849751673205	3.046776533126831
0.5531751393286001	0.6218372325395723	3.0767767429351807
0.5586501290200371	0.6300466488216988	3.106776714324951
0.5623390307506082	0.6364124858438871	3.1467766761779785
0.5658112405039569	0.6402477902217865	3.176776647567749
0.6081875692554941	0.6341966935123647	3.2067766189575195
0.611491671438486	0.6361380405671809	3.246776580810547
0.6161965409823863	0.6404506473949649	3.2767765522003174
0.6183373027885825	0.6433909058633185	3.306776523590088
0.6203202029303937	0.6429745708767729	3.3467767238616943
0.621479314244321	0.6443395518564982	3.376776695251465
0.6190706570762953	0.6407322765042925	3.4067766666412354
0.5525495746250476	0.6380931474695444	3.4467766284942627
0.5536335836830033	0.6374623059439707	3.476776599884033
0.5558110167715815	0.6392397394591045	3.5067765712738037
0.5556542793945004	0.6439558055132895	3.546776533126831
0.5578819492000295	0.6420812764740732	3.5767767429351807
0.5630141243714135	0.6366637302004085	3.606776714324951
0.5643923899502802	0.632606840446534	3.6467766761779785
0.525351460434367	0.6153665391563289	3.676776647567749
0.5249165407228288	0.6113842565006389	3.7067766189575195
0.5256723781817827	0.6125554409905687	3.746776580810547
0.5258608819689918	0.6098685908515156	3.7767765522003174
0.5229220966742163	0.609250710952548	3.806776523590088
0.5247379466655913	0.6078206804814649	3.8467767238616943
0.5219879438534569	0.6062374326867145	3.876776695251465
0.5225538504180383	0.6099973194632412	3.9067766666412354
0.406419073743278	0.5926005465666561	3.976776599884033
0.4048476330289502	0.5998893406567876	4.006776571273804
0.40908715382058736	0.6025701048639981	4.046776533126831
0.4084418138652488	0.6095217298522714	4.076776742935181
0.4079984373588021	0.6131865176821584	4.106776714324951
0.40847163185094754	0.6148069131775261	4.1467766761779785
0.43295738783033694	0.5981834123662295	4.176776647567749
0.4329735859970976	0.603690219368196	4.2067766189575195
0.4339493955754377	0.601603516119971	4.246776580810547
0.43374540352447605	0.5972874421882932	4.276776552200317
0.36147987516936514	0.5815085194642587	4.306776523590088
0.3634843071378631	0.580846881595061	4.346776723861694
0.3633039440477426	0.5837644865270647	4.376776695251465
0.36296536998639745	0.5859939124342887	4.406776666641235
0.36381131587185656	0.5874727521017045	4.446776628494263
0.3647329673680789	0.5918191280206256	4.476776599884033
0.3894935409626851	0.5886626877436942	4.506776571273804
0.39691225585502204	0.5942718711358861	4.546776533126831
0.39698862840454113	0.5967297222369596	4.576776742935181
0.39686211852467695	0.597701676803995	4.606776714324951
0.39548696151733115	0.5971835422892272	4.6467766761779785
0.3944272474697059	0.5980257374842417	4.676776647567749
0.37433380146565104	0.5916289810234978	4.7067766189575195
0.37420905927092923	0.5938561818004802	4.746776580810547
0.3747975970958058	0.5952966431859166	4.776776552200317
0.48437224068341017	0.5686340395690449	4.806776523590088
0.4862327949429214	0.5742769536560858	4.846776723861694
0.4875817351389388	0.5782947314939969	4.876776695251465
0.48863389294923676	0.5823255366158283	4.906776666641235
0.4891746223211751	0.5850287535685054	4.946776628494263
0.4895596501627346	0.585177131911147	4.976776599884033
0.4888322251559026	0.5834333505344885	5.006776571273804
0.48909505943936404	0.5855729000381552	5.046776533126831
0.5213773007780212	0.5826018758864778	5.076776742935181
0.5186083914219651	0.5855533241348749	5.106776714324951
0.5187905202243459	0.5891825374096181	5.1467766761779785
0.5196938619529847	0.596114961123264	5.176776647567749
0.5209358407562916	0.6000599520372124	5.2067766189575195
0.523300265758882	0.5989918156270815	5.246776580810547
0.5892200334300188	0.5844279591162126	5.276776552200317
0.5917349437255998	0.587881666134209	5.306776523590088
0.5932408580759814	0.5944856061891604	5.346776723861694
0.5930124889702412	0.5950389325410064	5.376776695251465
0.5943109984442303	0.5990453584711467	5.406776666641235
0.5942732012317798	0.6012244469373742	5.446776628494263
0.5970343751996173	0.5991034300677929	5.476776599884033
0.6395830173112392	0.5949556207152393	5.506776571273804
0.6402422757412165	0.5929399491323705	5.546776533126831
0.639937515027782	0.5962560772887543	5.576776742935181
0.6410526203862634	0.5972020388237562	5.606776714324951
0.6401656729579932	0.5971417748528222	5.6467766761779785
0.6408059204706816	0.5986411348071058	5.676776647567749
0.5723062115430051	0.5858265692646398	5.7067766189575195
0.5743346558117608	0.5892906108420048	5.746776580810547
0.5741661949956944	0.5927585641502356	5.776776552200317
0.5741995990581072	0.5933659081399617	5.806776523590088
0.5742772940227323	0.5932056604820647	5.846776723861694
0.573644875608703	0.5929711819054279	5.876776695251465
0.5773392853881656	0.595328616781314	5.906776666641235
0.6032215601372793	0.5920097774842823	5.946776628494263
0.6031832048049567	0.5911082248493813	5.976776599884033
0.6037506267427286	0.591484712843804	6.006776571273804
0.6025101730998476	0.5909898377707167	6.046776533126831
0.6035681742219295	0.5933044244160476	6.076776742935181
0.6249966861159966	0.5904513606838293	6.106776714324951
0.6278080611294509	0.5946370935620238	6.1467766761779785
0.6292125021050881	0.5976636457780583	6.176776647567749
0.6301048221021289	0.5995229368482922	6.2067766189575195
0.6282526075189506	0.5994335958687551	6.246776580810547
0.6289573614477575	0.6010482154318024	6.276776552200317
0.6269373792536105	0.5978470017294781	6.306776523590088
0.27473186063020094	0.5557243592380012	6.376776695251465
0.2750423358534653	0.560373271534011	6.406776666641235
0.27867270003823236	0.5751563963369041	6.446776628494263
0.27997492699677673	0.5813626819450095	6.476776599884033
0.28121944340859717	0.5855107256890428	6.506776571273804
0.28148125495639975	0.5923996959372021	6.546776533126831
0.28320483026923243	0.5946670468428618	6.576776742935181
0.2935618521118757	0.5899466106558163	6.606776714324951
0.32869831507710917	0.5738801818391024	6.6467766761779785
0.3277029302075642	0.577167354768296	6.676776647567749
0.32760813342639256	0.5798439818458453	6.7067766189575195
0.32898703366567933	0.5781077505794414	6.746776580810547
0.32857041103210277	0.580945933641511	6.776776552200317
0.3412149243430402	0.5775802400447011	6.806776523590088
0.38827517257978494	0.5701356908964451	6.846776723861694
0.38786330745943404	0.5738524037693398	6.876776695251465
0.38941027318840465	0.5753708054081893	6.906776666641235
0.38912580830622906	0.5808284025668011	6.946776628494263
0.3903964586530211	0.5811737027460898	6.976776599884033
0.3909922414219644	0.5805916282200919	7.006776571273804
0.39092820954696866	0.5833545452507238	7.046776533126831
0.3898847611893255	0.5843742273664564	7.076776742935181
0.3893411654277433	0.5854666436958559	7.106776714324951
0.45402025356599585	0.5633391066558939	7.1467766761779785
0.4626241213055892	0.572344012213885	7.176776647567749
0.4648647227486486	0.5764860034258925	7.2067766189575195
0.46509470141788745	0.5783238663670077	7.246776580810547
0.4656511588054247	0.5816845742885922	7.276776552200317
0.4655063342071331	0.583470156990238	7.306776523590088
0.4664031066980064	0.5852042126122878	7.346776723861694
0.4673791705651551	0.5875927933245678	7.376776695251465
0.46751499051642986	0.5888753568289865	7.406776666641235
0.46792963898851564	0.5880236734448554	7.446776628494263
0.5293238810869497	0.5788011618981412	7.476776599884033
0.533997633138741	0.5769502789480188	7.506776571273804
0.5362026639580946	0.5770262931583472	7.546776533126831
0.5373106079595686	0.5790848060717391	7.576776742935181
0.5378110337801028	0.578293294076091	7.606776714324951
0.5388391901143147	0.5761850065915867	7.6467766761779785
0.5386665567190284	0.5758346646466391	7.676776647567749
0.6028532321367212	0.5615760023937089	7.7067766189575195
0.6027601826149842	0.5638132760201936	7.746776580810547
0.6045483842799606	0.5669135971689973	7.776776552200317
0.6047220915783953	0.5696056730939478	7.806776523590088
0.6041679180734615	0.5707029736708005	7.846776723861694
0.6039480261841425	0.5730912097868521	7.876776695251465
0.6040608426527926	0.5728577668256555	7.906776666641235
0.6038035198504006	0.5735669315669011	7.946776628494263
0.604338573339848	0.5729816150721188	7.976776599884033
0.6032317346196895	0.5742283825307812	8.006776571273804
0.6033340464498185	0.5741110161699354	8.046776533126831
0.6030673972960471	0.5744819906283626	8.07677674293518
0.6004763945877716	0.571701353186675	8.106776714324951
0.42062089618547854	0.5965862683137291	8.176776647567749
0.4217389043736784	0.602526243102668	8.20677661895752
0.42276515152163163	0.6063834240852145	8.246776580810547
0.5010109527205114	0.5790397058782772	8.276776552200317
0.5043414495225366	0.5814113523592397	8.306776523590088
0.5066397400570113	0.5852052911909348	8.346776723861694
0.5081793064363223	0.5885186776289453	8.376776695251465
0.5093226696491868	0.5930976771376875	8.406776666641235
0.5103328940244587	0.5944529970471605	8.446776628494263
0.47820342674182054	0.5992408974204276	8.476776599884033
0.47964193798130084	0.6045551812941395	8.506776571273804
0.4787461665175613	0.6077332627320154	8.546776533126831
0.47690887039317714	0.6081424499374777	8.57677674293518
0.47817460480368207	0.6091270716893002	8.606776714324951
0.480170864683975	0.6103851735521856	8.646776676177979
0.6304830810212655	0.5992856337897248	8.676776647567749
0.6331042055579186	0.6153365043273217	8.70677661895752
0.6346404418221866	0.6175643185809658	8.746776580810547
0.6368314672949569	0.6232725668130348	8.776776552200317
0.6383017680956997	0.6284137394779491	8.806776523590088
0.6405700069821724	0.6326680215554776	8.846776723861694
0.6421603977017768	0.6334848723215294	8.876776695251465
0.6436242220891779	0.6347540460789621	8.906776666641235
0.6419867129001917	0.6349238573102023	8.946776628494263
0.5360967980070883	0.5361742071802477	8.976776599884033
0.539584462810062	0.5430370849898368	9.006776571273804
0.5398521086118911	0.5468266663635867	9.046776533126831
0.5410963423551887	0.5511318444785898	9.07677674293518
0.5725682970894591	0.5519259684309501	9.106776714324951
0.5896112649824019	0.5623784314577872	9.146776676177979
0.5894342194840084	0.5646881522491388	9.176776647567749
0.5893567477233873	0.5662451080914003	9.20677661895752
0.5893927416550053	0.5667019886434386	9.246776580810547
0.5880035107132802	0.5667486761715193	9.276776552200317
0.2719939364508315	0.5527228098882662	9.346776723861694
0.2740504168469534	0.567957767379309	9.376776695251465
0.2739093373775239	0.5723527075185056	9.406776666641235
0.27507759688776523	0.5797875010626645	9.446776628494263
0.2753549785040679	0.5869513401877708	9.476776599884033
0.27621837947587075	0.5896191146032208	9.506776571273804
0.27696973580005474	0.5909097904692316	9.546776533126831
0.27721089348565137	0.5941345720996005	9.57677674293518
0.2780043671507792	0.5962328562855894	9.606776714324951
0.27784293345421135	0.5967425467479611	9.646776676177979
0.277413250918088	0.5982691479286252	9.676776647567749
0.27739369842923883	0.5990721981154252	9.70677661895752
0.26601022534973934	0.5989897760664091	9.746776580810547
0.2549858647028452	0.5624624734877296	9.776776552200317
0.26323519542041	0.5656560226132158	9.806776523590088
0.2645570122409181	0.5653231790121416	9.846776723861694
0.2619819227664658	0.5620574789311155	9.876776695251465
0.23565187711453894	0.5923392063790852	10.006776571273804
0.2446745245225345	0.569735654230322	10.046776533126831
0.24714376998575688	0.5724741784914005	10.07677674293518
0.3533515937575282	0.5444145166908791	10.146776676177979
0.35757776079792797	0.5477043821900897	10.176776647567749
0.3615607223186797	0.5501052670656963	10.20677661895752
0.36381649151247586	0.5520701933026002	10.246776580810547
0.36481421353212945	0.5547134300715513	10.276776552200317
0.3657724235112869	0.5532910698710807	10.306776523590088
0.41261139075064757	0.5321270719409698	10.346776723861694
0.41501028365428216	0.5323608130845625	10.376776695251465
0.41718486454803316	0.5310385972050882	10.406776666641235
0.42070022611851604	0.5336123643528016	10.446776628494263
0.4242232038848537	0.5338067323530307	10.476776599884033
0.4255644477794771	0.5329638361998055	10.506776571273804
0.42569063665404616	0.5329996368356076	10.546776533126831
0.2770650339730981	0.5359969894829744	10.606776714324951
0.2772465898949396	0.5409825088217964	10.646776676177979
0.2768273066006849	0.5454463877749451	10.676776647567749
0.2769896351942141	0.5516178240209102	10.70677661895752
0.26722695645968286	0.5507532322634421	10.746776580810547
0.25539331473349997	0.5599187794058992	10.776776552200317
0.25572121204878406	0.5639310512008089	10.806776523590088
0.2539578567926887	0.5654942319640126	10.846776723861694
0.253959969025393	0.5665154903582521	10.876776695251465
0.2542586261133867	0.5688581476032346	10.906776666641235
0.2538376658798856	0.5696772131592749	10.946776628494263
0.253530743374264	0.5691815605866982	10.976776599884033
0.2832958337136708	0.5445310864002557	11.006776571273804
0.3899846615914093	0.5061151813433831	11.046776533126831
0.400067806436725	0.5236592188188984	11.07677674293518
0.4029043460920402	0.5298594925911856	11.106776714324951
0.4069977614606655	0.5320874015835058	11.146776676177979
0.485546747911718	0.5072937144926813	11.176776647567749
0.4865100100698637	0.5091420779044874	11.20677661895752
0.4876124109037121	0.5117171533476248	11.246776580810547
0.4884698462344861	0.5167889357152928	11.276776552200317
0.4893231954249973	0.5191129970388301	11.306776523590088
0.49188406210724306	0.5188877113705639	11.346776723861694
0.5305036729806296	0.5183684792097045	11.376776695251465
0.531098285410158	0.5226559783333368	11.406776666641235
0.5313431009874618	0.5240943255057294	11.446776628494263
0.5314905076944069	0.5276883158225062	11.476776599884033
0.5311037966379146	0.5265079833560865	11.506776571273804
0.531828443882182	0.5262171540684202	11.546776533126831
0.5334572616645473	0.524674151677498	11.57677674293518
0.534920365195847	0.523863118859722	11.606776714324951
0.5340478340407875	0.5258998092296953	11.646776676177979
0.561480006243979	0.5185951331483882	11.676776647567749
0.5606631278302797	0.5192357886822325	11.70677661895752
0.5609703583155505	0.5213661092538134	11.746776580810547
0.5595286808444355	0.5234506592470303	11.776776552200317
0.5605461883807452	0.5260014050535268	11.806776523590088
0.561053027792834	0.5277721980583487	11.846776723861694
0.4771851824673155	0.5117852320180386	11.906776666641235
0.4787623289089137	0.5151498668610384	11.946776628494263
0.4801807159018013	0.5188560760054803	11.976776599884033
0.4809697086190397	0.5207178586569535	12.006776571273804
0.48096780415625767	0.5230434015531605	12.046776533126831
0.6110449927224304	0.5057790297011518	12.106776714324951
0.6124138049930301	0.510259816546962	12.146776676177979
0.6139367000482292	0.5143763389928689	12.176776647567749
0.6146862396892586	0.5176747626875712	12.20677661895752
0.6157483571425018	0.5206196409000116	12.246776580810547
0.6171304359315762	0.523242416094293	12.276776552200317
0.6188637244466152	0.5251560684926878	12.306776523590088
0.6220558453391135	0.5260341972973226	12.346776723861694
0.64181129479104	0.521876775721076	12.376776695251465
0.6417505833273195	0.5220744097699379	12.406776666641235
0.642363987716837	0.5236361956515329	12.446776628494263
0.2874571241588253	0.4828657364511906	12.506776571273804
0.2874578488925835	0.4918932659337035	12.546776533126831
0.28854932585871673	0.5008789247977725	12.57677674293518
0.28960206180553755	0.5083248589490594	12.606776714324951
0.29124659029757016	0.5146020189695291	12.646776676177979
0.2915086892807796	0.519108110681544	12.676776647567749
0.2623219445883529	0.5086986737865673	12.70677661895752
0.26190519611931323	0.5113408246853458	12.746776580810547
0.261779955317726	0.5162185867841155	12.776776552200317
0.2617085160401753	0.5188187201203738	12.806776523590088
0.2595801279985326	0.5528063914745585	12.846776723861694
0.352368333565351	0.48927621021351725	12.876776695251465
0.35383618088155233	0.4917270104824979	12.906776666641235
0.35512488090354527	0.4962266692942994	12.946776628494263
0.3554725735834042	0.4994996238495915	12.976776599884033
0.3563746447958363	0.5027667665606146	13.006776571273804
0.35659816882888645	0.5040456724415896	13.046776533126831
0.357532814642507	0.5052202881059018	13.07677674293518
0.46402268534152924	0.4718026582358803	13.106776714324951
0.46587954289535677	0.47691564864727437	13.146776676177979
0.46868232104819124	0.48304119891501407	13.176776647567749
0.4699870076738014	0.4879986360018595	13.20677661895752
0.47155638047645354	0.49055671174338183	13.246776580810547
0.4720839511486159	0.4937937917658766	13.276776552200317
0.4691995609670986	0.4888994592482473	13.306776523590088
0.4510399467550503	0.4892541093620096	13.346776723861694
0.4502816023834469	0.49328128826453294	13.376776695251465
0.4505951366239956	0.49438025851079764	13.406776666641235
0.45076274635373886	0.4955899106333562	13.446776628494263
0.4507068276318912	0.49580292302287615	13.476776599884033
0.5062879402110411	0.4807039052678601	13.506776571273804
0.5131314912488094	0.48234143200447754	13.546776533126831
0.5153663881387551	0.48215958994752595	13.57677674293518
0.5160016664765125	0.48496666291791013	13.606776714324951
0.5161798528996051	0.4863538511813979	13.646776676177979
0.51585106632107	0.48847093050512225	13.676776647567749
0.5160274478495059	0.4896533243599401	13.70677661895752
0.5628706733124572	0.4830626419463917	13.746776580810547
0.5644013275918383	0.48237040509059353	13.776776552200317
0.5658156300365663	0.4859305795392824	13.806776523590088
0.5678476232381917	0.4871996740390166	13.846776723861694
0.5689494623695812	0.4876922370979495	13.876776695251465
0.6142625165439722	0.4851778476298119	13.906776666641235
0.6147038249699378	0.4871664625516832	13.946776628494263
0.6164739118366541	0.49019973946810147	13.976776599884033
0.2662573693068315	0.45251070136075866	14.07677674293518
0.2667253598010579	0.4599810694615581	14.106776714324951
0.2675750786375807	0.4670750150133687	14.146776676177979
0.2686701581043624	0.47237286759940134	14.176776647567749
0.2696007146690052	0.47704690491386736	14.20677661895752
0.270246413474317	0.481440706649698	14.246776580810547
0.34690370067281917	0.4530236665440686	14.306776523590088
0.3474620908607945	0.455801752986485	14.346776723861694
0.3482185322288672	0.45929065567624416	14.376776695251465
0.34921703164177564	0.46238987799240044	14.406776666641235
0.34963214469475434	0.46477846800393946	14.446776628494263
0.34966915365678863	0.46492426153699684	14.476776599884033
0.36005575247949717	0.4605740546063342	14.506776571273804
0.37475014807496015	0.46082752089029533	14.546776533126831
0.3748650021749879	0.46279994227880855	14.57677674293518
0.3760736933464893	0.4658690851269543	14.606776714324951
0.37705277986051267	0.4687096590943385	14.646776676177979
0.37862985350550865	0.46918034147225574	14.676776647567749
0.4753552540424024	0.43599194223615784	14.70677661895752
0.4785308853489783	0.43705252141912654	14.746776580810547
0.4807635790098037	0.44171484094983565	14.776776552200317
0.4819262744261918	0.44461849358317723	14.806776523590088
0.4834123682948095	0.44608693972447755	14.846776723861694
0.5117992213700826	0.44635830369292007	14.876776695251465
0.5308247061192759	0.45157400047042473	14.906776666641235
0.5319170167173154	0.4543379904553305	14.946776628494263
0.5317667593723893	0.455217091979381	14.976776599884033
0.5321723556252906	0.45620575499743404	15.006776571273804
0.5321033461331615	0.4573868695791197	15.046776533126831
0.5337064430277109	0.4583936453893894	15.07677674293518
0.573733328715615	0.4543563745594388	15.106776714324951
0.5737825347148775	0.4551759590975116	15.146776676177979
0.5740227990790485	0.4577078344735141	15.176776647567749
0.5747299807930629	0.458205809151191	15.20677661895752
0.5745241430942805	0.45882378241830407	15.246776580810547
0.5743082938941179	0.4608157181168812	15.276776552200317
0.5991729282172548	0.45453458737663704	15.306776523590088
0.6006530741734035	0.45331555119286704	15.346776723861694
0.6036843661527297	0.45538404968707924	15.376776695251465
0.6044227897482312	0.4565701806960983	15.406776666641235
0.60261238838402	0.4575914425842878	15.446776628494263
0.3584663389326893	0.4131570168123622	15.506776571273804
0.358685081764134	0.41868425682097793	15.546776533126831
0.3590311851344246	0.4248968784291018	15.57677674293518
0.3603451482982947	0.430226629531138	15.606776714324951
0.3617299785041022	0.43432565642703785	15.646776676177979
0.36202157298220083	0.4359052462822216	15.676776647567749
0.3623846645789451	0.43720081350085305	15.70677661895752
0.362612101937499	0.4383153807561854	15.746776580810547
0.44695961799486567	0.4115563770040937	15.806776523590088
0.4473374140068293	0.4136053113319843	15.846776723861694
0.44862312478821836	0.41532069161734037	15.876776695251465
0.4495742924338727	0.4189234925239561	15.906776666641235
0.4504820416463205	0.4234316363445825	15.946776628494263
0.4520220927020386	0.4248665738606909	15.976776599884033
0.452831984102672	0.42897947625398397	16.006776571273804
0.4900140751928015	0.4202557830004868	16.07677674293518
0.48973653331121647	0.4216753340993024	16.10677671432495
0.4908352345165383	0.4227015812488282	16.14677667617798
0.49081496617240716	0.4216353981385003	16.17677664756775
0.4911464753450469	0.4249205610470677	16.20677661895752
0.4909087806794169	0.42384478841579426	16.246776580810547
0.490890360639755	0.42301883829771897	16.276776552200317
0.490905802812916	0.42134210562352264	16.306776523590088
0.48870694655546104	0.41970927970599436	16.346776723861694
0.3171882438761262	0.3727033322361602	16.376776695251465
0.3025634798145751	0.37936336940499726	16.406776666641235
0.30225887613017205	0.3848764033918198	16.446776628494263
0.302650642891197	0.38834972664845274	16.476776599884033
0.30292247956830803	0.3903840794327482	16.506776571273804
0.3036406989167137	0.39197370346866867	16.54677653312683
0.3041637230534744	0.3935582674838037	16.57677674293518
0.30162790225149516	0.3946861497171136	16.60677671432495
0.29285399812420493	0.39914324431507203	16.64677667617798
0.2950534594321496	0.40050638613031625	16.67677664756775
0.37420449872370376	0.37897342609148343	16.70677661895752
0.3770392193759762	0.38255620634349424	16.746776580810547
0.37856473668502344	0.3870668520663634	16.776776552200317
0.3796589990370788	0.3894116714267501	16.806776523590088
0.3795207824078946	0.3941529849997503	16.846776723861694
0.37994808583037315	0.39470605157220695	16.876776695251465
0.38093961746107124	0.3955193917181094	16.906776666641235
0.38095972516422294	0.3979848584674678	16.946776628494263
0.4428942272433882	0.37074939316042155	16.976776599884033
0.44623125617582027	0.37641038793493914	17.006776571273804
0.44784122353858785	0.37837433409593	17.04677653312683
0.447921441720453	0.3807037635315555	17.07677674293518
0.44890269208317085	0.3816063245109743	17.10677671432495
0.44924435798932355	0.3834203381165264	17.14677667617798
0.449247863318232	0.3831442760657081	17.17677664756775
0.4494418511385011	0.3850675083413354	17.20677661895752
0.45021648814679976	0.3844608293435314	17.246776580810547
0.6088917489934322	0.32052568869308484	17.276776552200317
0.5988889474158854	0.353453197498088	17.306776523590088
0.6006600586653978	0.35816530673337293	17.346776723861694
0.6037800176183448	0.3643203982842657	17.376776695251465
0.6068807845102722	0.3685899251210096	17.406776666641235
0.609154397429984	0.3714101026872073	17.446776628494263
0.6111074395521933	0.3734815289613355	17.476776599884033
0.6399238070995416	0.3714113812233524	17.506776571273804
0.6401619459027382	0.37298959577258156	17.54677653312683
0.640940910279324	0.375639277080618	17.57677674293518
0.6405997168316351	0.3755925304887353	17.60677671432495
0.27557666019439875	0.3158241074771037	17.67677664756775
0.27940116361531614	0.33033993562266906	17.70677661895752
0.27961914456437487	0.33619567352114327	17.746776580810547
0.28050016399663696	0.3427316025618012	17.776776552200317
0.28193017796161984	0.3461491656997581	17.806776523590088
0.2819743327555362	0.35008596380087104	17.846776723861694
0.2830182894317047	0.35159235102142056	17.876776695251465
0.28293948092194104	0.35424387397020846	17.906776666641235
0.37546220199963093	0.3412656400231269	17.976776599884033
0.3767775758554899	0.34554648503988494	18.006776571273804
0.37765132027604015	0.35049234688196057	18.04677653312683
0.37902089154392354	0.3530981421020476	18.07677674293518
0.37995366606120706	0.355774923277054	18.10677671432495
0.3813776643935153	0.35737488834464937	18.14677667617798
0.38137298763752586	0.36018707489519225	18.17677664756775
0.38229422694273996	0.3601251134710949	18.20677661895752
0.3819585925726757	0.36305809120777255	18.246776580810547
0.3818433922680288	0.3641701786107557	18.276776552200317
0.3822879456937319	0.36223398684651015	18.306776523590088
0.3823369104305852	0.36128927647444115	18.346776723861694
0.4344882336648172	0.3408324693693119	18.376776695251465
0.4362834248976552	0.34248351985782416	18.406776666641235
0.4370057926367047	0.34484270007786716	18.446776628494263
0.4375382059602723	0.34768443848399005	18.476776599884033
0.43817994955661804	0.34959178766268684	18.506776571273804
0.4376267367445564	0.348983912926693	18.54677653312683
0.43824909723388156	0.3505917550222576	18.57677674293518
0.4639000609890165	0.33569105085863105	18.60677671432495
0.5415223098772058	0.32499973630532164	18.64677667617798
0.5428816040466499	0.32918525874422294	18.67677664756775
0.5449509907561368	0.3322501714429007	18.70677661895752
0.5460348403048417	0.33598333049545653	18.746776580810547
0.5468844635618323	0.3400288962014276	18.776776552200317
0.5479562198474892	0.34095744200845024	18.806776523590088
0.5520849123110918	0.3411984529315899	18.846776723861694
0.5717114553438436	0.339649354416278	18.876776695251465
0.5716232319994475	0.3402959522193996	18.906776666641235
0.5717776119747378	0.3402135373669147	18.946776628494263
0.5719793075855699	0.34054321118559716	18.976776599884033
0.5731290079030739	0.3407004045206621	19.006776571273804
0.6093038411829196	0.33290913576662345	19.04677653312683
0.6082268522829242	0.33423479912380255	19.07677674293518
0.6078563010275547	0.33463731506255406	19.10677671432495
0.6077964257569825	0.3352392856980513	19.14677667617798
0.6108053767194539	0.3385110252414633	19.17677664756775
0.648740202978489	0.334693974730573	19.20677661895752
0.6490131601730931	0.3361647800229431	19.246776580810547
0.6484610046740865	0.33694940270717777	19.276776552200317
0.647591080971507	0.33524636109961997	19.306776523590088
0.6473218873845864	0.3356975310124994	19.346776723861694
0.6474401663162906	0.33796379017578715	19.376776695251465
0.27452831270558714	0.29183419256356286	19.446776628494263
0.27555357322353136	0.2977955970324332	19.476776599884033
0.27637784135474674	0.3070700660782302	19.506776571273804
0.2774604375320216	0.31319897166118116	19.54677653312683
0.2790347946612025	0.3170359044795489	19.57677674293518
0.28006750399096747	0.3217557038962419	19.60677671432495
0.2668691273851934	0.31619395520602206	19.64677667617798
0.2610586619198639	0.32257429627483086	19.67677664756775
0.2607067708824324	0.3224870485706581	19.70677661895752
0.2610168855385619	0.324594799370319	19.746776580810547
0.30071601714236995	0.31423393624188534	19.776776552200317
0.30082512892538954	0.31663098083495655	19.806776523590088
0.30199462696073937	0.3193707387703736	19.846776723861694
0.30267265179828	0.322016733749651	19.876776695251465
0.30258779685114195	0.3227647227841782	19.906776666641235
0.32066549589976373	0.3167737810248942	19.946776628494263
0.33327621245795125	0.31507939059403334	19.976776599884033
0.3336234276801794	0.3154560849592765	20.006776571273804
0.33330417874281143	0.3159396906290657	20.04677653312683
0.36356404198464937	0.3093568075935595	20.20677661895752
0.3706640066122165	0.3127123164612717	20.246776580810547
0.37283185788394774	0.3131169331216822	20.276776552200317
0.3747077236460349	0.31489362305030527	20.306776523590088
0.37530378737142	0.3162879977163867	20.346776723861694
0.37574476882657987	0.3176159985476197	20.376776695251465
0.39995046790447025	0.3161075015955382	20.406776666641235
0.4103997495871344	0.30929030186515877	20.446776628494263
0.41204248993846276	0.3107951378569432	20.476776599884033
0.4127984640547526	0.31083193455351543	20.506776571273804
0.4143868515288524	0.31135285687866926	20.54677653312683
0.4147159400097763	0.3120099215812823	20.57677674293518
0.48490401627506874	0.3019903519415075	20.60677671432495
0.4869963436749389	0.30638564138177576	20.64677667617798
0.4895499283842532	0.3107130726143281	20.67677664756775
0.49093186921549953	0.31307565266715043	20.70677661895752
0.49210447392640644	0.3156107047314076	20.746776580810547
0.4936110519890209	0.3157287952670332	20.776776552200317
0.49322613883180383	0.31646054695383036	20.806776523590088
0.5227621410633143	0.3028063028921849	20.846776723861694
0.5258114133062012	0.3035312629299703	20.876776695251465
0.5280550092531234	0.3053321811530895	20.906776666641235
0.5291158050017826	0.30887953945150964	20.946776628494263
0.530077512152656	0.30948280169696896	20.976776599884033
0.53023194127344	0.30992398467629184	21.006776571273804
0.568703897881878	0.3033312366184316	21.04677653312683
0.5707548659779965	0.30332500316879163	21.07677674293518
0.5729971204576635	0.30542541222479425	21.10677671432495
0.5735921443114199	0.30561162449631324	21.14677667617798
0.5763310995158742	0.3082785170373425	21.17677664756775
0.6241087604880361	0.3021975660960748	21.20677661895752
0.6244230679627497	0.3031730013160807	21.246776580810547
0.6245061002480787	0.3051900390267169	21.276776552200317
0.625282512150386	0.3057412796721626	21.306776523590088
0.6255229835818457	0.3078311339285154	21.346776723861694
0.28461101680160394	0.2582128352467062	21.446776628494263
0.2850039080304647	0.26244919338867667	21.476776599884033
0.28557569496126534	0.27034143522707865	21.506776571273804
0.2866118341531834	0.2764003504552593	21.54677653312683
0.2878667852594167	0.27802807921555117	21.57677674293518
0.26985951519988005	0.284402820486426	21.60677671432495
0.26910555925171853	0.28255485730490115	21.64677667617798
0.2683114319377075	0.2827983246243304	21.67677664756775
0.26787834170485975	0.28657881754327214	21.70677661895752
0.2673605477132211	0.2884270758361222	21.746776580810547
0.32652793295175475	0.2657160955318883	21.776776552200317
0.3365707858721993	0.2737443321235104	21.806776523590088
0.33747984580926543	0.2763506797456243	21.846776723861694
0.33796509807350555	0.27896665178879154	21.876776695251465
0.338171509927235	0.27973964821917713	21.906776666641235
0.3385474167652274	0.2809028219598013	21.946776628494263
0.3386419474171126	0.28194891985557474	21.976776599884033
0.33860965413513605	0.28246743051573514	22.006776571273804
0.340454562425484	0.2834761706552435	22.04677653312683
0.3811575355504406	0.27143667808048905	22.07677674293518
0.38196481097077173	0.2744927704836383	22.10677671432495
0.38223029118127866	0.2751415139531124	22.14677667617798
0.4225167247313815	0.2652593464494422	22.17677664756775
0.422911802726604	0.26654018254579737	22.20677661895752
0.42351985709433176	0.2671497655771746	22.246776580810547
0.4239915352399029	0.26983723536551585	22.276776552200317
0.423951082002289	0.2713499672132031	22.306776523590088
0.4233289568335284	0.2711810077517385	22.346776723861694
0.423957370279998	0.2714985764608165	22.376776695251465
0.42439519943829895	0.27449109069828864	22.406776666641235
0.42345102828955866	0.27458318532413745	22.446776628494263
0.397191379678992	0.2649724145249665	22.476776599884033
0.3966574594592037	0.2693703359039878	22.506776571273804
0.3969251189500398	0.2708676737123544	22.54677653312683
0.4313518849824257	0.2601693746816693	22.57677674293518
0.4464051383361958	0.2615273182163574	22.60677671432495
0.44659492186720934	0.2630588807904964	22.64677667617798
0.4463610837398671	0.26448081757358327	22.67677664756775
0.4471108993310114	0.26496195362482955	22.70677661895752
0.447519657414626	0.26560493441217026	22.746776580810547
0.4472443968730928	0.2674645129531613	22.776776552200317
0.44877442148937047	0.2688539400294299	22.806776523590088
0.4877014514631764	0.2594477714984836	22.846776723861694
0.488634925288087	0.2599501375560596	22.876776695251465
0.48918107461432786	0.2607530058465282	22.906776666641235
0.48936758939277814	0.2622891647935452	22.946776628494263
0.4894618678151974	0.26251018730776104	22.976776599884033
0.4903197871794823	0.2625954177529306	23.006776571273804
0.49050226139735603	0.26305615219806266	23.04677653312683
0.4912791758704	0.2644656964231878	23.07677674293518
0.4908530210606688	0.2651679950421777	23.10677671432495
0.4790758409365087	0.259660359491991	23.14677667617798
0.4799466739783805	0.2615893017609346	23.17677664756775
0.47977086743398323	0.26226061313326987	23.20677661895752
0.48047678306364944	0.2643842617785688	23.246776580810547
0.48007319186165653	0.2642886820591421	23.276776552200317
0.4802113276013827	0.2649077044566265	23.306776523590088
0.5008437122745548	0.2615874025125443	23.346776723861694
0.5184765437607807	0.26116363438907997	23.376776695251465
0.5186207455691244	0.26389493102559886	23.406776666641235
0.5193356481346477	0.26479381578032296	23.446776628494263
0.5184279164541494	0.2665060782024325	23.476776599884033
0.5181913684026107	0.266053394146892	23.506776571273804
0.518256834644562	0.26711650077072835	23.54677653312683
0.5178042042734875	0.2668784826734518	23.57677674293518
0.5179066578729469	0.26776901077704074	23.60677671432495
0.5174033243384123	0.26571611436861464	23.64677667617798
0.5160660666984563	0.26413571118322055	23.67677664756775
0.5176963716018823	0.2676962535008967	23.70677661895752
0.5470290610931006	0.2625400278511482	23.746776580810547
0.547750579994707	0.26453936445317217	23.776776552200317
0.5481518413560881	0.26650432719358735	23.806776523590088
0.5478064088122983	0.26747205314062444	23.846776723861694
0.5483903307470499	0.2652278152745038	23.876776695251465
0.5485004886240901	0.26503682426295777	23.906776666641235
0.5475170054191648	0.2676558708529817	23.946776628494263
0.5473483678826354	0.2663902242325856	23.976776599884033
0.5596207976300516	0.2609537667964799	24.006776571273804
0.5703854162333664	0.26410768231767584	24.04677653312683
0.570455001666302	0.2661679816698466	24.07677674293518
0.5706799334037567	0.2689124697756011	24.10677671432495
0.5693541975151646	0.2699186069854458	24.14677667617798
0.5188596574453512	0.2541440252376616	24.17677664756775
0.519892208739812	0.25801473226959615	24.20677661895752
0.5203950996839222	0.2629403701054972	24.246776580810547
0.5203901404925051	0.2633446012574019	24.276776552200317
0.5234044274454375	0.2649822026996196	24.306776523590088
0.5731575396255434	0.2670857448549948	24.346776723861694
0.5740430992072488	0.2686627601049449	24.376776695251465
0.5746494797838041	0.270977604450568	24.406776666641235
0.5751605291472748	0.2709779397383196	24.446776628494263
0.5752011466478638	0.2737669559932125	24.476776599884033
0.5753505855887955	0.27433113234763346	24.506776571273804
0.5706339718740814	0.27027752257845966	24.54677653312683
0.5512445509573515	0.2769967444815059	24.70677661895752
0.5655358103656739	0.2598082848274466	24.746776580810547
0.567307666020094	0.26022361112569586	24.776776552200317
0.5701497075887545	0.26846278799511936	24.806776523590088
0.5731109811855442	0.2789763522680551	24.846776723861694
0.5832741097170816	0.28375860692718674	24.876776695251465
0.5916974394436038	0.2939359617483976	24.906776666641235
0.6018539071474044	0.2910805274268611	24.946776628494263
0.5991108721355829	0.28886244825123486	24.976776599884033
0.6015050540556175	0.2848641799325041	25.006776571273804
0.5910348187080097	0.28153590040610854	25.04677653312683
0.586547912669586	0.27682544182935237	25.07677674293518
0.5916956305684049	0.28034497084685367	25.10677671432495
0.5868164764829713	0.2786821528451148	25.14677667617798
0.06735236327676507	0.028106682790797293	25.20677661895752
0.06795769466686885	0.02836061317990861	25.246776580810547
0.27693819126329017	0.2529921766140853	25.276776552200317
0.27962589219810985	0.25372603814258937	25.306776523590088
0.2796449037903309	0.25793581791024467	25.346776723861694
0.27650931592455313	0.25933067945605104	25.376776695251465
0.25954497577925806	0.2696519199103612	25.406776666641235
0.2582533261200696	0.26758622312773284	25.446776628494263
0.2586026976679964	0.2736404961008701	25.476776599884033
0.25792760070430837	0.27243431733926465	25.506776571273804
0.2595722964101218	0.27310678151193124	25.54677653312683
0.26391016420070285	0.2761180022681775	25.57677674293518
0.2660549352171305	0.27564070560577336	25.60677671432495
0.2638300127032774	0.2851218071044197	25.64677667617798
0.2641801715442652	0.28339545579237657	25.67677664756775
0.2618245842028717	0.2808889014001799	25.70677661895752
0.2596663224783507	0.28336154403552394	25.746776580810547
0.2540018091028093	0.28172440816140476	25.776776552200317
0.26255461171579664	0.28217005897103326	25.806776523590088
0.3188052873615944	0.25698437635160093	25.846776723861694
0.31806432054337236	0.262633250310251	25.876776695251465
0.3182749527075611	0.2635958841239086	25.906776666641235
0.32228755422349653	0.2638039702581516	25.946776628494263
0.3196366579566102	0.2673211907949742	25.976776599884033
0.3213061121149904	0.26680788625668683	26.006776571273804
0.3191944221855599	0.26208219901911106	26.04677653312683
0.30105309110147505	0.265090555055643	26.07677674293518
0.30186256381477405	0.26643604732516535	26.10677671432495
0.30095179166440295	0.2700545551467237	26.14677667617798
0.30126076008660724	0.27106972850471334	26.17677664756775
0.3024596452905347	0.2727852166599687	26.20677661895752
0.33929618529602834	0.26038959062581746	26.246776580810547
0.36693370150031523	0.2562170292673377	26.276776552200317
0.3742799229617086	0.2543627577128499	26.306776523590088
0.3706071093294384	0.2544439237762271	26.346776723861694
0.37082054739943354	0.2558091027993514	26.376776695251465
0.3725540741678444	0.2553156547589905	26.406776666641235
0.3763443109506585	0.2527122362261813	26.446776628494263
0.3731352508357267	0.25349012595809506	26.476776599884033
0.3752533865651011	0.25250055526381404	26.506776571273804
0.3754569361709918	0.25052299790369975	26.54677653312683
0.4320248201490398	0.23565253212960804	26.57677674293518
0.43200148779347386	0.23636401428602843	26.60677671432495
0.4337260497139848	0.24200324559791075	26.64677667617798
0.43440326996104855	0.24438568480088044	26.67677664756775
0.4348298467039214	0.2442649724061948	26.70677661895752
0.43708949970169536	0.24763704664303374	26.746776580810547
0.4179099661971029	0.2401226377012187	26.776776552200317
0.4159682213842169	0.2387309000203474	26.806776523590088
0.41757794571225615	0.23897545236458698	26.846776723861694
0.4175153879475171	0.2385068781171343	26.876776695251465
0.41603182090290336	0.24008473972255653	26.906776666641235
0.4156606257360671	0.24012831413991462	26.946776628494263
0.4158649701641027	0.24063584943029157	26.976776599884033
0.5083667322959177	0.21880937154004051	27.006776571273804
0.511200391575577	0.22256927902684287	27.04677653312683
0.5137472782204713	0.22732079828615304	27.07677674293518
0.5146896403912713	0.23189771143468854	27.10677671432495
0.5159823358388713	0.2334051764381916	27.14677667617798
0.5155490178441416	0.23482325924297218	27.17677664756775
0.5159750967516206	0.2359434178533919	27.20677661895752
0.5154468026044939	0.23626291243919548	27.246776580810547
0.5160941571293324	0.2351300213549071	27.276776552200317
0.5159219213559839	0.2380558496071095	27.306776523590088
0.5164221704932561	0.23751547375664622	27.346776723861694
0.5185778722738517	0.23638534692491134	27.376776695251465
0.5850658411266286	0.19964289719330344	27.406776666641235
0.6037040584349319	0.20965934283600585	27.446776628494263
0.6059768674409632	0.21043533746248896	27.476776599884033
0.6058294333250155	0.21267143830486587	27.506776571273804
0.6033719564868087	0.21148995977467883	27.54677653312683
0.602887031338646	0.214571059114328	27.57677674293518
0.5995762781894771	0.21694394366931535	27.60677671432495
0.5852495008808272	0.22447664183308463	27.64677667617798
0.5856281825840545	0.2258976398589682	27.67677664756775
0.5892653829197807	0.23333823287082864	27.70677661895752
0.5928256434013054	0.23675104320638193	27.746776580810547
0.6310136953699664	0.2341253144133658	27.776776552200317
0.632223823883012	0.23825364343831798	27.806776523590088
0.6311394061890614	0.24026683529114748	27.846776723861694
0.6303436958727234	0.2404340039742851	27.876776695251465
0.6267653703424652	0.24071202014103768	27.906776666641235
0.2652434435758442	0.1850220824723246	27.976776599884033
0.2678772461042754	0.19653155152342486	28.006776571273804
0.2685581348566494	0.2007996078478932	28.04677653312683
0.26925330514807894	0.20569764047770345	28.07677674293518
0.2691515782572023	0.2100886671369844	28.10677671432495
0.27026775301571565	0.2127883958798545	28.14677667617798
0.269864579411591	0.21431182120094036	28.17677664756775
0.2697833938847404	0.21478748724574065	28.20677661895752
0.26729023865584717	0.20882923749757734	28.246776580810547
0.2857507314050652	0.19253636057237797	28.276776552200317
0.30456391531072224	0.16325377324648271	28.306776523590088
0.30316936339417694	0.16184762110155337	28.346776723861694
0.3015952176670896	0.15393910693386287	28.376776695251465
0.29975546736110936	0.1433238588864848	28.406776666641235
0.29562506497086743	0.12456359897516357	28.446776628494263
0.2936991983811905	0.12280166341049938	28.476776599884033
0.29490107854282943	0.12139654401630194	28.506776571273804
0.2975796917552389	0.12239800992177274	28.54677653312683
0.298043852318475	0.12411061473314218	28.57677674293518
0.2982420742920464	0.12719150500612936	28.60677671432495
0.29497172125935955	0.12912828644957353	28.64677667617798
0.29586428544798493	0.12917803785435913	28.67677664756775
0.3377674906460343	0.1173381374753567	28.70677661895752
0.34286415371556056	0.12291323792803188	28.746776580810547
0.34392876077994894	0.12563324374608426	28.776776552200317
0.34563466915259194	0.12873586140611265	28.806776523590088
0.4279649404796121	0.15538101330163584	28.846776723861694
0.4327725508938355	0.15906857790615772	28.876776695251465
0.43627653253533083	0.1671546565001219	28.906776666641235
0.43843619438328	0.1752812706669936	28.946776628494263
0.4404656680946347	0.18049196601956552	28.976776599884033
0.4430579204880519	0.18713007163386355	29.006776571273804
0.44386140142691993	0.1934019939692868	29.04677653312683
0.4447965696926058	0.19740288397497113	29.07677674293518
0.3748433560232651	0.21739893980807656	29.14677667617798
0.3747768331597054	0.2231030153719917	29.17677664756775
0.3748915433410371	0.2283275449578751	29.20677661895752
0.3748262640336935	0.23504705079795757	29.246776580810547
0.37425112815720596	0.23908111025049894	29.276776552200317
0.3763009021041091	0.24127235873744612	29.306776523590088
0.40694417747519296	0.23192582148925023	29.346776723861694
0.40822800088946243	0.2342262979434829	29.376776695251465
0.40641443658474485	0.23901755473963046	29.406776666641235
0.3695502125734661	0.13081458486868555	29.446776628494263
0.3939962938176783	0.2918519250577816	29.54677653312683
0.4065464918727527	0.24845721034185153	29.57677674293518
0.4588583588311732	0.2337809606887535	29.60677671432495
0.4534744538999843	0.24265755589540997	29.64677667617798
0.46887076817641216	0.2289009202101273	29.67677664756775
0.4694222590189846	0.24080564823123737	29.70677661895752
0.4672407205098781	0.2544821659307485	29.746776580810547
0.4698686361808998	0.25841666454886625	29.776776552200317
0.47136918240241327	0.2605432052887229	29.806776523590088
0.4577936588481476	0.27343681312845997	29.846776723861694
0.4597527925621835	0.26307360507194893	29.876776695251465
0.4264764655751258	0.2462560430910262	29.906776666641235
0.4319239308622599	0.2593470829759223	29.946776628494263
0.43382053209151844	0.27187230504061977	29.976776599884033
0.43105109192643065	0.2546323341673279	30.006776571273804
0.4417426153309267	0.27219589379364595	30.04677653312683
0.44403293165633995	0.28077129438868054	30.07677674293518
0.45086059084232655	0.2833084230576899	30.10677671432495
0.47927724936455746	0.27007250658468196	30.14677667617798
0.4814064418544352	0.26395668412882356	30.17677664756775
0.47903145821268867	0.2838852528764834	30.20677661895752
0.4827935214749991	0.27055406516190833	30.246776580810547
0.4824220018788962	0.26389819992447977	30.286776542663574
0.48039292376492143	0.2655168202793171	30.306776523590088
0.47981486586932776	0.27411290387668	30.346776723861694
0.5275750642950852	0.24779388088381898	30.376776695251465
0.5293153113444542	0.2640716981338505	30.406776666641235
0.5319818288548728	0.27143276096385227	30.446776628494263
0.5327665934190108	0.2729934260323559	30.476776599884033
0.5349420069218935	0.2771633642412428	30.506776571273804
0.5347941263042797	0.2798692086590874	30.54677653312683
0.5420916671472316	0.2890215369429291	30.57677674293518
0.5426011451301792	0.2891356543376422	30.60677671432495
0.5407126503514303	0.2888185125659933	30.64677667617798
0.5411497177161284	0.2888393784524193	30.67677664756775
0.5418577015797101	0.2904832675046958	30.70677661895752
0.5418352631841902	0.29278984302422423	30.746776580810547
0.5417465366512294	0.2927180262954508	30.776776552200317
0.541108089187711	0.29117126846857216	30.806776523590088
0.549793015699411	0.2845551075595961	30.846776723861694
0.5778563170481321	0.2726084221486263	30.876776695251465
0.5792865563875631	0.2701510361883724	30.906776666641235
0.5794454989760843	0.27135937013938405	30.946776628494263
0.5784543424129918	0.27299407214799054	30.976776599884033
0.5777464015842801	0.27159069452647483	31.006776571273804
0.5762737389556284	0.2747094268612427	31.04677653312683
0.5758219309714852	0.276143758767027	31.07677674293518
0.5753027567862383	0.2759548539364012	31.10677671432495
0.5875736298644593	0.27529888231712357	31.14677667617798
0.588745909146594	0.2748940029030589	31.17677664756775
0.5889812969334567	0.27796296238205265	31.20677661895752
0.5898669069541296	0.2775279905497555	31.246776580810547
0.5884943175130881	0.2774458945770382	31.276776552200317
0.5885353150978199	0.2774605797409459	31.306776523590088
0.5897875559154486	0.27761655287623416	31.346776723861694
0.6113997369431508	0.2768766411838369	31.376776695251465
0.6104377621305204	0.27626715845430005	31.406776666641235
0.6097230518779421	0.27629962071890185	31.446776628494263
0.6091675735908841	0.27490306776415485	31.476776599884033
0.29114051720950607	0.23612878849001817	31.54677653312683
0.2953513940592159	0.2448390957958636	31.57677674293518
0.29595287330576114	0.24925919136692296	31.60677671432495
0.29723265205083643	0.255938779555285	31.64677667617798
0.29805259616534713	0.2594059270977674	31.67677664756775
0.29569257953350203	0.25804511379597495	31.70677661895752
0.28128497956782567	0.27050239610815274	31.746776580810547
0.28130616290055194	0.2712982208587305	31.776776552200317
0.2813703474897728	0.27370725882098174	31.806776523590088
0.2817721659244459	0.2743703491143345	31.846776723861694
0.28173577955670204	0.27601421838175977	31.876776695251465
0.28146349387317343	0.2767088719645824	31.906776666641235
0.28143491802579007	0.2776411501357711	31.946776628494263
0.2820726244154575	0.2782215177144622	31.976776599884033
0.282503750233222	0.2799580833206477	32.006776571273804
0.28219896933412375	0.28132498486593793	32.04677653312683
0.28226395933733406	0.28128545180139414	32.07677674293518
0.2822760880971302	0.2814559168131011	32.10677671432495
0.28338407408478833	0.2818690111332336	32.14677667617798
0.2839125882652622	0.2828230602350927	32.17677664756775
0.28358087648980507	0.28339536911434343	32.20677661895752
0.2840640023811459	0.2843780139695752	32.24677658081055
0.28350739085109006	0.28343818653762337	32.27677655220032
0.2834601747116879	0.2847044094413762	32.30677652359009
0.2835629572212573	0.2854189796265932	32.346776723861694
0.544765103988333	0.20419423956431138	32.406776666641235
0.54836969251795	0.22131817151454788	32.44677662849426
0.5501434658209844	0.2264894946119366	32.47677659988403
0.5523796335669359	0.23051842101745437	32.506776571273804
0.5550352259605649	0.23635660383068474	32.54677653312683
0.5562281310288646	0.24075787793248607	32.57677674293518
0.5567977681677856	0.24385661608575285	32.60677671432495
0.557224672342914	0.24460013659184757	32.64677667617798
0.5577415575210732	0.24636081778364982	32.67677664756775
0.5576856387038737	0.24778525365715898	32.70677661895752
0.5700448717102131	0.24687549377834112	32.74677658081055
0.5731901700950827	0.2472666615599726	32.77677655220032
0.5742446354307257	0.24963940528206555	32.80677652359009
0.5743484696291503	0.2511734000700592	32.846776723861694
0.5748227612963264	0.2532307871119388	32.876776695251465
0.5758268928718991	0.2541069386794664	32.906776666641235
0.5762327026248889	0.25631562894427384	32.94677662849426
0.576891871200386	0.2569791365574849	32.97677659988403
0.5768883490390653	0.2567468980142934	33.006776571273804
0.560340199538352	0.25370658904306137	33.04677653312683
0.5606372390154577	0.2555179626373378	33.07677674293518
0.5607399468976283	0.2579896426631081	33.10677671432495
0.5605729123385315	0.25873254221421316	33.14677667617798
0.5600295034033761	0.25940633056460644	33.17677664756775
0.5595652425098887	0.2614314124778953	33.20677661895752
0.5590516479839963	0.26001953627702973	33.24677658081055
0.5584251718206205	0.26022931093792234	33.27677655220032
0.5568586226698866	0.26106072608200287	33.30677652359009
0.5795041224503691	0.2507329424100226	33.346776723861694
0.586917862231479	0.25194802075221706	33.376776695251465
0.5875632749991705	0.25597740219741877	33.406776666641235
0.5876463838193818	0.257048230892886	33.44677662849426
0.5881474259467004	0.2578440582302696	33.47677659988403
0.5886540335081151	0.2593886588862344	33.506776571273804
0.522882345841821	0.2499908245746533	33.54677653312683
0.3089751079082294	0.25039317450800036	33.60677671432495
0.3087742490873323	0.2545116161910238	33.64677667617798
0.3093337650485908	0.26104002939894616	33.67677664756775
0.3101885160611729	0.26523306373041494	33.70677661895752
0.3104660583970283	0.2680391174022525	33.74677658081055
0.31174616767723173	0.2701718617974407	33.77677655220032
0.3124150880318793	0.27249634196174793	33.80677652359009
0.3130518983821463	0.27272040489787347	33.846776723861694
0.31357310064179805	0.2732337575008268	33.876776695251465
0.3144568973708213	0.27338425305603486	33.906776666641235
0.3336377715079862	0.2552264072799911	33.94677662849426
0.3337107300573246	0.2562061173233715	33.97677659988403
0.33379457860962747	0.2570218670137381	34.006776571273804
0.3340379862054545	0.25889309339606825	34.04677653312683
0.33494474457046974	0.2587190536443108	34.07677674293518
0.3684513162460436	0.2483773427333507	34.10677671432495
0.37048557417006256	0.24797545814141966	34.14677667617798
0.3719508613568189	0.24858061424264305	34.17677664756775
0.3730931261295001	0.2500961589215375	34.20677661895752
0.37377544019379677	0.2522126009697015	34.24677658081055
0.37398806188609335	0.25235204372807707	34.27677655220032
0.37431139673914265	0.25191641098594764	34.30677652359009
0.3679822215179572	0.25098842424235335	34.346776723861694
0.38941853734539117	0.24379093167517815	34.44677662849426
0.40062456713890415	0.23112919390561357	34.47677659988403
0.403870375905734	0.23296977349906658	34.506776571273804
0.4069204238138789	0.2349713642334833	34.54677653312683
0.40808634037690844	0.23670567787526706	34.57677674293518
0.40908892321686996	0.23869059382647365	34.60677671432495
0.41015764888124145	0.2382550145283063	34.64677667617798
0.4108696253248836	0.23914838222542453	34.67677664756775
0.40752098240252405	0.2371297143890544	34.70677661895752
0.41581895551951326	0.2387825751637935	34.846776723861694
0.4254939412700422	0.23186699697246657	34.876776695251465
0.428084877783828	0.232702357921236	34.906776666641235
0.43285663594752066	0.2323443834243373	34.94677662849426
0.49134318782400865	0.22599326434540715	34.97677659988403
0.49332145574353536	0.22802158254928281	35.01677656173706
0.49543339957382787	0.22940556704013684	35.04677653312683
0.49686802852438094	0.23172494742851193	35.07677674293518
0.49782617848804817	0.2298972208324734	35.11677670478821
0.4986458168200289	0.22975051585813072	35.14677667617798
0.49872803986326725	0.22853228445669724	35.17677664756775
0.4980363978349278	0.22749054593450443	35.216776609420776
0.4799679137876885	0.21524072496122806	35.24677658081055
0.48164512891709893	0.21832334768125192	35.27677655220032
0.4818583814537667	0.22053920194298093	35.316776514053345
0.48262696948609746	0.22112670750001973	35.346776723861694
0.4829287343200736	0.22295198484865947	35.376776695251465
0.48333630628359864	0.22594407215982196	35.41677665710449
0.48336476674007406	0.22588582020991593	35.44677662849426
0.48350103238199543	0.22587940374698023	35.47677659988403
0.48357909626285955	0.22793110526412935	35.51677656173706
0.5627035838491239	0.1940084217453797	35.54677653312683
0.5652175585251413	0.20607944521768407	35.57677674293518
0.5674212989397159	0.21297462415084145	35.61677670478821
0.5693948642623635	0.2164644383251969	35.64677667617798
0.5706494606318322	0.22007806971744673	35.67677664756775
0.5717062470548079	0.22215554767483256	35.716776609420776
0.5709113328243047	0.2231758962636029	35.74677658081055
0.570914324777135	0.2237904638490432	35.77677655220032
0.5712143941101964	0.22527027359197332	35.816776514053345
0.5741682756696236	0.22555687321824905	35.846776723861694
0.612248708096002	0.22787953236395814	35.876776695251465
0.6124238874140775	0.2314334185407461	35.91677665710449
0.6107267154647112	0.23190370555267084	35.94677662849426
0.6107618534625054	0.23310296953283086	35.97677659988403
0.6114524907252981	0.23352689302291632	36.01677656173706
0.6112776843077931	0.23404551996280046	36.04677653312683
0.6110730936075466	0.2343603751188899	36.07677674293518
0.5913446444336415	0.2145805125257057	36.11677670478821
0.36737649375458065	0.21959754113061314	36.14677667617798
0.3379889321290007	0.2343236503764299	36.17677664756775
0.337481228724785	0.24098669791716407	36.216776609420776
0.3356102110757651	0.24540180503143416	36.24677658081055
0.33648369545381995	0.24704536492401596	36.27677655220032
0.27527688607547157	0.2323327244277373	36.346776723861694
0.2765464047988844	0.23605039374985012	36.376776695251465
0.27725614595285963	0.23890154089897167	36.41677665710449
0.2775451500037255	0.24018707306525777	36.44677662849426
0.2778939200611437	0.24073348640695008	36.47677659988403
0.27838046449365267	0.24168770778142012	36.51677656173706
0.2787196953896967	0.24209404498250306	36.54677653312683
0.2786454468412563	0.24276169366784225	36.57677674293518
0.31847161139890157	0.21026127678231507	36.61677670478821
0.3279013825508545	0.21163080091116737	36.64677667617798
0.3281071572173076	0.21614720022584913	36.67677664756775
0.3284170564569412	0.21686915836543882	36.716776609420776
0.3296522700858643	0.21777807036170052	36.74677658081055
0.32969725647927184	0.2193113490165969	36.77677655220032
0.3297295576780703	0.2206381827233747	36.816776514053345
0.3300296045508013	0.22037722414565641	36.846776723861694
0.33474123930399785	0.2140821038581027	36.876776695251465
0.4171564254647369	0.17301532538712522	36.91677665710449
0.41990928091125435	0.1764400665947246	36.94677662849426
0.42238605005990276	0.18170184077010096	36.97677659988403
0.4244220674958598	0.1859493349840574	37.01677656173706
0.4252077746164303	0.18947324981338712	37.04677653312683
0.4261450951977978	0.19174159253884976	37.07677674293518
0.42672515753833334	0.19354204240626463	37.11677670478821
0.426535264116856	0.1950022592229895	37.14677667617798
0.4269866580564633	0.19571718340026698	37.17677664756775
0.4271868671190725	0.19687045562339237	37.216776609420776
0.4071101835834835	0.1938269532899141	37.24677658081055
0.4062611830166437	0.1956424560550577	37.27677655220032
0.4075755485617854	0.19441663120965325	37.316776514053345
0.47857220115937216	0.1715253428182729	37.346776723861694
0.4805060789591815	0.17451584183742463	37.376776695251465
0.4827137269800744	0.17924385117806718	37.41677665710449
0.4837608219229857	0.18199245408961673	37.44677662849426
0.4845321285498548	0.18575343156898838	37.47677659988403
0.48536382106772447	0.18804168600123994	37.51677656173706
0.4860091736361445	0.18960408546199925	37.54677653312683
0.4861303611561481	0.18902211765563454	37.57677674293518
0.48602673150008463	0.19068909273180717	37.61677670478821
0.5406733866357449	0.17014620442015752	37.64677667617798
0.5444001568740313	0.17221729128275964	37.67677664756775
0.5465553472905157	0.17497143691652453	37.716776609420776
0.5475389775728489	0.1764701425429156	37.74677658081055
0.5492065384508743	0.1775254316809283	37.77677655220032
0.5493168672979097	0.18015326796766393	37.816776514053345
0.5495335079582451	0.18044314296719188	37.846776723861694
0.5492104552105255	0.18086003107702717	37.876776695251465
0.6013920279879769	0.1761009859592085	37.91677665710449
0.6029239828541214	0.1783010115424528	37.94677662849426
0.603671753785549	0.18094662277191315	37.97677659988403
0.6040572090577813	0.18112349280628176	38.01677656173706
0.6047749984117347	0.1820443113165766	38.04677653312683
0.6023247606584939	0.1828048701027504	38.07677674293518
0.3024037032282943	0.15404417690761665	38.14677667617798
0.3037329816552983	0.16053230526171133	38.17677664756775
0.30463548490387504	0.16767625866265015	38.216776609420776
0.3056637195761286	0.1724016212099201	38.24677658081055
0.30599619559451374	0.1767636433004592	38.27677655220032
0.30586137201743746	0.17877692302658546	38.316776514053345
0.3060756360969281	0.18035024272862824	38.346776723861694
0.3061438502693924	0.18353996476926815	38.376776695251465
0.30625074250640266	0.18482155000655648	38.41677665710449
0.3061071156506869	0.1864953409633837	38.44677662849426
0.30641899666692723	0.18796502672127774	38.47677659988403
0.30538172425534504	0.18664735844607372	38.51677656173706
0.3197395403332146	0.18890052159700704	38.54677653312683
0.37967722323489966	0.25143681513134725	38.57677674293518
0.38149395496442334	0.2563380106887865	38.61677670478821
0.38341665760568316	0.26064118476271875	38.64677667617798
0.38370084158810386	0.26466820725313606	38.67677664756775
0.3838830231148823	0.268592509843601	38.716776609420776
0.38430296583684276	0.2718722913423327	38.74677658081055
0.38463134927147974	0.27191242179076774	38.77677655220032
0.40857604052804386	0.2853807026546125	38.816776514053345
0.40963658172279793	0.2865410456362786	38.846776723861694
0.40949400585698414	0.28933865016250176	38.876776695251465
0.4099734047938991	0.28994483136288474	38.91677665710449
0.4097218458296921	0.28875893670143427	38.94677662849426
0.4449858326277972	0.2711280524795199	38.97677659988403
0.4475826424927465	0.2713138279213566	39.01677656173706
0.4492763728781885	0.27308717636051116	39.04677653312683
0.450180992304074	0.27363441625180845	39.07677674293518
0.45093940790803055	0.27511414101100556	39.11677670478821
0.44923572458969385	0.27361765232029134	39.14677667617798
0.44941496332490927	0.2748824269149703	39.17677664756775
0.4799406916518469	0.2612145352319457	39.216776609420776
0.4845500134659131	0.28264820061914775	39.24677658081055
0.4834971475891217	0.250413843954028	39.27677655220032
0.4878301843473302	0.2602044898350692	39.316776514053345
0.49076744139241046	0.27696748702843116	39.346776723861694
0.4997884416688331	0.3210834809570631	39.376776695251465
0.4975666352856105	0.32491723277953677	39.41677665710449
0.49181717103248207	0.32181683501902975	39.44677662849426
0.49977742560443134	0.32155054460925364	39.47677659988403
0.4949134781053847	0.2931194309717276	39.51677656173706
0.5307280664958901	0.2796058961248138	39.54677653312683
0.48309805541199813	0.3059985787537955	39.57677674293518
0.5149091108001257	0.2663929733675428	39.61677670478821
0.5175074150006537	0.2687067188287135	39.64677667617798
0.5164361894854834	0.2677897334380672	39.67677664756775
0.515389007134732	0.2698128650135582	39.716776609420776
0.5169791032865856	0.2726572193483625	39.74677658081055
0.513717310022649	0.27341975103905697	39.77677655220032
0.5175670617610781	0.27128817856566734	39.816776514053345
0.5149455893060567	0.26690203615707264	39.846776723861694
0.51360582939313	0.2626717194699628	39.876776695251465
0.5137277253683808	0.2596891926026201	39.91677665710449
0.5136898142764728	0.2565162868567177	39.94677662849426
0.5115018834476981	0.25965420006490847	39.97677659988403
0.5116203933313793	0.25817829454107183	40.01677656173706
0.5130535430501454	0.2562864195365878	40.04677653312683
0.5145716010365498	0.2564090702611168	40.07677674293518
0.5155564018099439	0.25820359090437806	40.11677670478821
0.347779041284727	0.6519074945683602	40.17677664756775
0.34794750645180766	0.6624227178258115	40.216776609420776
0.34922498528211715	0.6692601894956431	40.24677658081055
0.35035529887145606	0.6760656128249538	40.27677655220032
0.34976042519257416	0.6823703829607425	40.316776514053345
0.3501451616069235	0.6854124196083107	40.346776723861694
0.2903186711211887	0.7078803911952017	40.376776695251465
0.2893086803215995	0.7065477348032703	40.41677665710449
0.2884446032585	0.7100933358573712	40.44677662849426
0.2895197986640941	0.7123777454816845	40.47677659988403
0.28897023330378574	0.7120404644452795	40.51677656173706
