COORDENADA X	 COORDENADA Y	 TEMPO
0.30438611217242906	0.17913592850091092	0.016651391983032227
0.3052536405490733	0.18403293418480762	0.10665130615234375
0.30575291574059754	0.18410762957365304	0.2066512107849121
0.29932396972393366	0.5596652528837828	0.3466513156890869
0.28970881146981753	0.6446100980764646	0.4466512203216553
0.2919466106350248	0.6541121067619693	0.5466513633728027
0.4297650908837515	0.6124845273076084	0.6766512393951416
0.4318305746386483	0.6200941358473867	0.7766513824462891
0.4263124460604428	0.6232993967622283	0.8766512870788574
0.4262590090307674	0.4487387536131673	0.9766511917114258
0.42219900184423587	0.45562612624999627	1.0766513347625732
0.2957122633290766	0.4225292475660717	1.1766512393951416
0.2859197040196072	0.43821435947826176	1.276651382446289
0.24255031910788466	0.22697367984030944	1.3766512870788574
0.2372761581199146	0.23155742516520997	1.4766511917114258
0.23796638165864073	0.2399018540385619	1.5766513347625732
0.2377568567632199	0.24249929685430646	1.6766512393951416
0.2202619827600717	0.3680339116501745	1.776651382446289
0.22158873797603618	0.379790468839369	1.8766512870788574
0.21506735628257834	0.410828556654372	1.9766511917114258
0.2577420471503782	0.4621031472870319	2.0766513347625732
0.23493496182595267	0.3446419929529063	2.1766512393951416
0.23052147575339402	0.3317565213470843	2.276651382446289
0.23040021205328445	0.33139223404727824	2.3766512870788574
0.25346210430863403	0.26602517859870806	2.476651191711426
0.2523023954967288	0.263148664743505	2.5766513347625732
0.2551978596585459	0.2709182334125377	2.6766512393951416
0.25260569609110656	0.16641391441505402	2.776651382446289
0.24579692352542842	0.16698949808225597	2.8766512870788574
0.2489376140650616	0.36760288322628454	2.976651191711426
0.24598547354908792	0.38202419192118836	3.0766513347625732
0.2427414220439172	0.38983445925711685	3.1766512393951416
0.23886720512009507	0.3885514146564418	3.276651382446289
0.25839194805733134	0.5276601776832597	3.3766512870788574
0.2586301083991953	0.5405121706726308	3.476651191711426
0.2582368140143446	0.5455625157998273	3.5766513347625732
0.25719800714682245	0.5421875684582763	3.6766512393951416
0.2669493118953215	0.40611355232322893	3.776651382446289
0.2866548820933235	0.3115974169212801	3.8766512870788574
0.28289905065729054	0.30944011426278795	3.976651191711426
0.35178194404385504	0.1598158616535958	4.076651334762573
0.35219979409268454	0.16578506849099067	4.176651239395142
0.3545747025359787	0.07396587791772452	4.276651382446289
0.35105118604885804	0.07194095440989633	4.376651287078857
0.34872186430877383	0.07706840449659287	4.476651191711426
0.35931969260704494	0.20858445744712753	4.576651334762573
0.35580714498657856	0.21446311394035833	4.676651239395142
0.31324252986471085	0.2097727606823813	4.776651382446289
0.4396271484013465	0.16192568671496796	4.876651287078857
0.44664423120849983	0.17312066309807247	4.976651191711426
0.4492666825025839	0.17792551958871014	5.076651334762573
0.357449538913455	0.1936999873233626	5.176651239395142
0.358850782554239	0.2003992434007834	5.276651382446289
0.5249074631359015	0.13099629127795576	5.406651258468628
0.5279409084976755	0.13762064845112726	5.506651401519775
0.5303872305327403	0.13909263243794742	5.616651296615601
0.5479043945500367	0.12514474326845348	5.706651210784912
0.5559148693840426	0.12596275971575546	5.80665135383606
0.5316242947710136	0.1250095384507818	5.906651258468628
0.5101433699307509	0.14308722257560216	6.006651401519775
0.5273721954822709	0.3682887180395914	6.146651268005371
0.5265094503270168	0.38116139719493	6.2466514110565186
0.5253862838934394	0.38075653561504325	6.346651315689087
0.4230340646877863	0.3091925825895547	6.446651220321655
0.4220753647120288	0.3136238906767053	6.546651363372803
0.3490362577656982	0.31028987277000064	6.676651239395142
0.34932293372039736	0.31540721590742715	6.776651382446289
0.3486799339790478	0.3217355298633492	6.876651287078857
0.3046586857341694	0.3264363009612623	6.976651191711426
0.3040926399314748	0.3314920735214862	7.076651334762573
0.2807405380868662	0.2806408447216518	7.176651239395142
0.27808085454815273	0.2852500435016133	7.276651382446289
0.33653946535623774	0.29408084275052	7.376651287078857
0.33871004559113094	0.2976842718166457	7.476651191711426
0.43382298222324606	0.27931955965688127	7.606651306152344
0.4390902823981854	0.2838810362457731	7.706651210784912
0.440283481190176	0.2862237681386772	7.80665135383606
0.4440321075745917	0.28904173993843896	7.906651258468628
0.5319277688663429	0.24658626001419487	8.006651401519775
0.5355458015807386	0.2544902438282454	8.106651306152344
0.5372774902155996	0.2563191281991233	8.206651210784912
0.6009013676733308	0.27332123124259766	8.30665135383606
0.6032085609473462	0.27932431096908994	8.406651258468628
0.46760135888737	0.413631889010792	8.506651401519775
0.46792157785577504	0.4308290648530294	8.606651306152344
0.4650891434185733	0.43186897088980486	8.706651210784912
0.3710851761561581	0.4973587222975577	8.80665135383606
0.37255065905497914	0.5051388791306065	8.906651258468628
0.319437728917093	0.47799614647003275	9.006651401519775
0.32161990132692503	0.4832471126687497	9.106651306152344
0.3232853950910779	0.48607966090922067	9.216651201248169
0.313384160127968	0.47004271151764165	9.30665135383606
0.43689930541315203	0.48532521204610723	9.406651258468628
0.4418605196633124	0.5000702947487821	9.506651401519775
0.4413768827819461	0.5046022402614956	9.606651306152344
0.48241113240893596	0.5657063436856128	9.706651210784912
0.4855088489057736	0.5750152030708517	9.80665135383606
0.4870922178164532	0.5803607170049433	9.906651258468628
0.39198519631884327	0.5730414207719537	10.046651363372803
0.39295315179587664	0.5801995404365023	10.146651268005371
0.39368125009234906	0.5824757035724106	10.246651411056519
0.3943106393463625	0.5832958243971275	10.346651315689087
0.570895202027249	0.5872201925927366	10.476651191711426
0.5759527881570655	0.599682468072504	10.576651334762573
0.6237411068137386	0.5482924478506122	10.676651239395142
0.6216876610414066	0.5472709010289764	10.776651382446289
0.6407861949416714	0.4146978990256548	10.876651287078857
0.6358792598300878	0.40726961372714854	10.976651191711426
0.6332899184418261	0.4038848815614447	11.076651334762573
0.6308675938154454	0.4037294409856379	11.176651239395142
0.6362865851176497	0.288406149055096	11.276651382446289
0.6301496278497987	0.28735436309583445	11.376651287078857
0.626347243075259	0.29067746220994395	11.476651191711426
0.6226764082027441	0.2941654321736875	11.576651334762573
0.6241764190545318	0.13355092684684752	11.676651239395142
0.6218994334936807	0.13190461871325823	11.776651382446289
0.6179360324610711	0.1353037101974562	11.876651287078857
0.533825664309717	0.628852640504808	12.006651401519775
0.5339831286379512	0.6438087939163274	12.1166512966156
0.44522301511001494	0.6528488628368115	12.206651210784912
0.2788834812277221	0.6552503123443582	12.30665135383606
0.2832095431165366	0.669003189182406	12.406651258468628
0.25888086768116914	0.672200556770491	12.506651401519775
0.35249109113314886	0.6588185821257317	12.606651306152344
0.34320109334424215	0.6576718197941036	12.706651210784912
0.5361706752720282	0.6160939332767198	12.916651248931885
0.546983913283559	0.6300550864236351	13.016651391983032
0.6129026608737087	0.5668688072857354	13.146651268005371
0.613787779628934	0.5694173762750946	13.246651411056519
0.6104413591487052	0.35831941428171366	13.346651315689087
0.606336792899746	0.3618316683922715	13.446651220321655
0.6053661448165346	0.36743416827472786	13.546651363372803
0.6273686818601606	0.2659780540459485	13.646651268005371
0.6205142928640129	0.2641056470593684	13.746651411056519
0.6214673482549524	0.27082321842785034	13.846651315689087
0.22159704803829788	0.3113669600413275	13.976651191711426
0.22517357026256418	0.33758910173462564	14.076651334762573
0.22458175392438295	0.3379340677636617	14.176651239395142
0.22630888706950084	0.3331013020472521	14.276651382446289
0.23921135919725514	0.11873366021454922	14.376651287078857
0.23806032257401907	0.11869298683376825	14.476651191711426
0.23800122546218036	0.12177390592459827	14.576651334762573
0.2410318022999125	0.041805780463205086	14.676651239395142
0.24044596623306946	0.039728598838610275	14.776651382446289
0.23884684847546722	0.04140535164357955	14.876651287078857
0.29182369734911034	0.05340097081235241	14.976651191711426
0.2932114803851723	0.057781153978939216	15.076651334762573
0.5856062034333188	0.041354428596165366	15.216651201248169
0.5965138939695347	0.08028920805997498	15.316651344299316
0.6025109899488701	0.08988092273157576	15.416651248931885
0.6025109899488701	0.08988092273157576	15.516651391983032
0.5293682255877806	8.499013878160715	15.6166512966156
0.5680505692424115	0.02042782786586386	15.716651201248169
0.3956175438473033	0.032261105000198395	15.846651315689087
0.39551008424951434	0.039535473327385634	15.946651220321655
0.34904886029003246	0.041084642139245044	16.046651363372803
0.3482011068251594	0.04557520706983692	16.14665126800537
0.3450463045576213	0.0483125300762088	16.24665141105652
0.3443970620637348	0.04904878610958627	16.346651315689087
0.34419954172559286	0.055836870276896246	16.446651220321655
0.33936884754145596	0.164990357328883	16.546651363372803
0.5824268594423803	0.30741599923176055	16.74665141105652
0.5991061468272509	0.32153898066852604	16.846651315689087
0.6107493499696964	0.3333503202042556	16.946651220321655
0.6258621175629269	0.19569248440389225	17.046651363372803
0.6224860504637025	0.19355809691884504	17.14665126800537
0.34922979436329826	0.07547104475044629	17.27665138244629
0.3503229365646963	0.08421618003540023	17.376651287078857
0.35474381429538715	0.0869955330065044	17.476651191711426
0.26646797213827705	0.0894401009205464	17.576651334762573
0.26992380768675045	0.09162103420350173	17.67665123939514
0.27081270238544963	0.09715894437539802	17.77665138244629
0.27070386644258193	0.10372397940210042	17.876651287078857
0.41189844895845384	0.04149418911647258	17.976651191711426
0.41315961563197984	0.05037776700151852	18.076651334762573
0.5674321302645208	0.0677409016838921	18.21665120124817
0.5716270128169938	0.07691608090098045	18.316651344299316
0.4243688800259889	0.051906983669675714	18.416651248931885
0.4270093203860861	0.0553323232901899	18.516651391983032
0.42791210262293977	0.056457234060249856	18.6166512966156
0.5106741427035337	0.035852685566414876	18.71665120124817
0.5154261682276814	0.0350120178711186	18.816651344299316
0.5103823647878848	0.5730760068954037	18.946651220321655
0.5151698501344567	0.6124056513463532	19.046651363372803
0.5098019436766661	0.7032132060099185	19.14665126800537
0.259276812145728	0.6229779246625786	19.27665138244629
0.25949542022560707	0.6462712922988387	19.376651287078857
0.21319783076933602	0.6389042463207719	19.516651391983032
0.21477220946582373	0.652397800576808	19.6166512966156
0.32117321161551843	0.5212012727949216	19.74665141105652
0.3235313686054181	0.5307852414741525	19.846651315689087
0.591502878246112	0.30895258818619453	19.976651191711426
0.5965529651321796	0.3241017836058617	20.076651334762573
0.5988098448213438	0.329689015595252	20.17665123939514
0.6158645582014514	0.5021693049408035	20.27665138244629
0.6191465876214997	0.5167317609374252	20.376651287078857
0.6416614251421725	0.3823180057935268	20.476651191711426
0.6374078616688842	0.36925346426802025	20.576651334762573
0.636675040755429	0.36744721323105295	20.67665123939514
0.6342665325557599	0.2277673055512288	20.77665138244629
0.6302490554054586	0.22995636893582191	20.876651287078857
0.6249999261563395	0.233693152631489	20.976651191711426
0.5091444426403324	0.628516344161477	21.1166512966156
0.5074618501615202	0.6388204077653071	21.21665120124817
0.25757825946329554	0.6887077008953738	21.346651315689087
0.26054362631323635	0.7085178818459791	21.446651220321655
0.2636741779576223	0.7143202739663511	21.546651363372803
0.35396267915142704	0.7060379917087223	21.64665126800537
0.354533353530308	0.7133212611988902	21.74665141105652
0.3533024518258527	0.7207549428808636	21.846651315689087
0.37514750806870006	0.5338892837996612	21.946651220321655
0.37317026469446346	0.5544919836351733	22.046651363372803
0.09653231383400723	0.7642173963725745	22.14665126800537
0.1084241683769008	0.8170118995935773	22.24665141105652
0.03632600262119425	2.2424113441501765	22.416651248931885
0.026364838804128054	2.2261998636318863	22.516651391983032
0.016882188793538814	2.2433839342626025	22.6166512966156
0.3896916757335617	0.46043992524855154	22.846651315689087
0.39409568915584076	0.48280790372054955	22.946651220321655
0.3929365922786709	0.49190361788513376	23.046651363372803
0.3800494987608566	0.6808757997304403	23.14665126800537
0.38558519353488413	0.6910540477339762	23.24665141105652
0.38896960489338106	0.7009173693127567	23.346651315689087
0.22385811092761781	0.7045317082921823	23.48665142059326
0.22542465037483247	0.7225591634721917	23.58665132522583
0.22914231890647033	0.7315240932671401	23.6866512298584
0.40483617568464336	0.6717337037016315	23.816651344299316
0.4075952064458185	0.6835243010391933	23.916651248931885
0.4089724048167454	0.6878630071021598	24.016651391983032
0.33507334289161883	0.7224558157602804	24.1166512966156
0.33505184696829626	0.7334605504202526	24.21665120124817
0.3829373289110466	0.609525740775939	24.316651344299316
0.38185317825664655	0.6183346304157862	24.416651248931885
0.38213644998365587	0.6327324471663942	24.516651391983032
0.6344557393238129	0.5457562878660824	24.64665126800537
0.6385108574550897	0.5585032063998678	24.74665141105652
0.5972485440811302	0.6453259929667974	24.846651315689087
0.5956205949669855	0.6771662587326541	24.946651220321655
0.5954065801408625	0.6851436903248432	25.046651363372803
0.5953459254239073	0.6925526320501251	25.14665126800537
0.42719150509726933	0.36583815435437783	25.286651372909546
0.4285660337126065	0.3755832015230269	25.386651277542114
0.44285832479983106	0.3732817547590636	25.48665142059326
0.2530361962338432	0.1336029612705624	25.58665132522583
0.26680509947596914	0.1333576189812804	25.6866512298584
0.27594429732850806	0.12139928960950805	25.786651372909546
0.2749127450802536	0.13443960834898028	25.886651277542114
0.4141483568178749	0.7715608705862907	26.016651391983032
0.6392114376461095	0.9502697566702151	26.14665126800537
0.6303981076665482	0.8836804305519738	26.316651344299316
0.48150116433068535	0.6437751327313902	26.516651391983032
0.31760988710566795	0.9115191632604263	26.916651248931885
0.35877383511858674	0.5322771339721406	28.046651363372803
0.37041614681038443	0.5530683009976762	28.446651220321655
0.9762078899490597	0.6332579175981927	32.24665141105652
0.8304491230297149	0.8400790477566633	33.51665139198303
0.7043255787894815	1.1227928388762156	36.64665126800537
0.652937244750462	0.8513521389963029	37.816651344299316
0.652937244750462	0.8513521389963029	37.946651220321655
0.652937244750462	0.8513521389963029	38.0466513633728
0.5632541797222184	0.5867195561462937	38.1866512298584
0.6246174340819584	0.6160703027359605	38.286651372909546
0.5801232639268797	0.08388102304994537	38.416651248931885
0.5867382260814691	0.1865831881280224	38.51665139198303
0.562248915701877	0.11185568269920516	38.6166512966156
0.6130625983520809	0.702063724982709	38.74665141105652
0.6194989751794241	0.7273459292186715	38.886651277542114
0.6166437787922444	0.7657892041935978	38.98665142059326
0.6040252993506766	0.7573471193533319	39.08665132522583
0.6037465307093277	0.7553153188047628	39.1866512298584
0.6030573592625661	0.749885584193102	39.286651372909546
0.6039268592072513	0.7445355009672675	39.386651277542114
0.569669197997702	0.6648328722038337	39.48665142059326
0.6788021699949855	0.698554597060126	39.58665132522583
0.6778385442559126	0.7040986729052623	39.6866512298584
0.6795027545890455	0.7068496599934031	39.786651372909546
0.6782939532214274	0.7118493891217103	39.886651277542114
