COORDENADA X	 COORDENADA Y	 TEMPO
0.30087605933795425	0.3826724350310089	0.029352426528930664
0.3005808953679688	0.3832768046377602	0.06935262680053711
0.30035293573275207	0.38759349127987625	0.10935258865356445
0.2979994926412122	0.3849783118797876	0.1493525505065918
0.2991389520114897	0.3897516147093113	0.1793525218963623
0.29503693869125297	0.3838926042256395	0.21935248374938965
0.29841465118442406	0.40806128498906674	0.24935245513916016
0.29908674115356554	0.40509321788419195	0.2893524169921875
0.338620830261118	0.619344461539885	0.3393526077270508
0.34208019129194794	0.6194240877989203	0.38935256004333496
0.33941667160692024	0.6203698869643437	0.41935253143310547
0.3352128864439722	0.618810949620481	0.4293525218963623
0.33624627104232596	0.6147571138100112	0.4593524932861328
0.2820116447605046	0.6446626953507294	0.4893524646759033
0.2891575208376998	0.6471631601628909	0.5293524265289307
0.2967161744275865	0.6544358955371484	0.5593523979187012
0.29257992011705003	0.6498426837151196	0.5893526077270508
0.45531252002964545	0.6224644017513252	0.6593525409698486
0.4627187699135364	0.6303577316549768	0.6893525123596191
0.46245362076468877	0.64797932750195	0.7293524742126465
0.45886444680021277	0.6420754466691445	0.759352445602417
0.46332155423788146	0.6522631723116872	0.7893524169921875
0.5454629989714802	0.5793501851873774	0.829352617263794
0.6183361905626038	0.23292801168081367	0.8593525886535645
0.6546764641179801	0.11168436084189712	0.889352560043335
0.6524103566313957	0.12243290205956867	0.9293525218963623
0.6524859013418689	0.11952226451505117	0.9593524932861328
0.48554605217574076	0.6042971574011441	1.0293524265289307
0.48149928044534823	0.6186798019391059	1.0593523979187012
0.47651190637685015	0.6438940505035159	1.0893526077270508
0.4799522714197969	0.6437786502686981	1.1293525695800781
0.48966028044893606	0.6477388287227301	1.1593525409698486
0.49473932953940264	0.6615183297443211	1.1893525123596191
0.49670536238338603	0.680778406302957	1.2293524742126465
0.4268062548536095	0.6956123219590343	1.259352445602417
0.36799018814343987	0.6842411362150694	1.2893524169921875
0.36446310183839653	0.6986939147085492	1.329352617263794
0.356148663010516	0.6981844526882569	1.3593525886535645
0.3473736306862597	0.6854139520665108	1.389352560043335
0.34729760318886793	0.6777896916396094	1.4293525218963623
0.3434347077807018	0.692676268072505	1.4593524932861328
0.3568511935591744	0.685637491743534	1.4893524646759033
0.41430730898698775	0.6463307294599893	1.5293524265289307
0.4147466897594528	0.6493966008282063	1.5593523979187012
0.40197908788345316	0.6615318330461255	1.5893526077270508
0.40237324190891727	0.6518292137535435	1.6293525695800781
0.4115809406882858	0.6407206773462669	1.6593525409698486
0.41447931863165594	0.6340403868916009	1.6893525123596191
0.41385090640180466	0.6400355378491146	1.7293524742126465
0.41681141835820634	0.6489198562212067	1.759352445602417
0.4191410659558999	0.6995042351558292	1.7893524169921875
0.42299703023359386	0.7077015674211814	1.829352617263794
0.42359275711828553	0.7104696573594599	1.8593525886535645
0.4211585757003031	0.7091184960586392	1.889352560043335
0.42514238348320166	0.7108902846229007	1.9293525218963623
0.4232090237229956	0.7087892809094741	1.9593524932861328
0.4201179362824065	0.7107592362591376	1.9893524646759033
0.4151308251734449	0.7057810518427868	2.0293524265289307
0.3919291213556769	0.6981119802266378	2.059352397918701
0.3911882158610888	0.6951885406499677	2.089352607727051
0.39320151629273864	0.697017847301004	2.129352569580078
0.3928693298600882	0.6989111953327957	2.1593525409698486
0.3599041243255218	0.6974093745678234	2.189352512359619
0.33079290586127064	0.6969095775954254	2.2293524742126465
0.33131465732303794	0.7001328369257745	2.259352445602417
0.331202152985214	0.700157700882797	2.2893524169921875
0.3311624864098201	0.7003716675679662	2.329352617263794
0.3237179779030416	0.7432235423915247	2.3593525886535645
0.2956185376392811	0.6387556199209165	2.389352560043335
0.2942579738348203	0.6386099437398953	2.4293525218963623
0.2942356112938245	0.640267376968862	2.459352493286133
0.2947019007210253	0.6420117093525549	2.4893524646759033
0.29480570475893364	0.6446178408842735	2.5293524265289307
0.4132548900779755	0.6120484166822862	2.589352607727051
0.41389379878001453	0.6152146933477005	2.629352569580078
0.41480044383091486	0.6195001617912091	2.6593525409698486
0.416393802536	0.623132110457182	2.689352512359619
0.41783599601711413	0.6247608036841141	2.7293524742126465
0.5036041278619137	0.6434645650932566	2.759352445602417
0.5196904483190855	0.6547762233246928	2.7893524169921875
0.5220364344949837	0.659712344755286	2.829352617263794
0.5247519149469753	0.6676028789118578	2.8593525886535645
0.5382679919442386	0.6787365964969005	2.889352560043335
0.5681193770828042	0.6604703926853339	2.9293525218963623
0.5667139952042051	0.6611580470565038	2.959352493286133
0.5687896249901546	0.6621547177888653	2.9893524646759033
0.5689228636333902	0.6647819994754744	3.0293524265289307
0.5679660249989377	0.6661980706534617	3.059352397918701
0.569199638248706	0.6688144104940351	3.089352607727051
0.5661678118322571	0.6658031048242246	3.129352569580078
0.5249522157121409	0.6647864987927241	3.1593525409698486
0.52548713904804	0.6672828662749287	3.189352512359619
0.5144204387585406	0.6603913395854892	3.2293524742126465
0.5122008249595894	0.6583864940986048	3.259352445602417
0.34971208902714723	0.6077369973107518	3.2893524169921875
0.3493713796011784	0.6124394347938208	3.329352617263794
0.3490796329915973	0.6181665560692494	3.3593525886535645
0.34917495472801613	0.6243681831635512	3.389352560043335
0.35162857622406724	0.6298718256932584	3.4293525218963623
0.3521064114982933	0.6307123211412256	3.459352493286133
0.3227225734025389	0.6207716665090175	3.4893524646759033
0.32285861876948746	0.61937092539973	3.5293524265289307
0.323438582475705	0.6203891806340907	3.559352397918701
0.323438582475705	0.6203891806340907	3.629352569580078
0.323438582475705	0.6203891806340907	3.6593525409698486
0.323438582475705	0.6203891806340907	3.699352502822876
0.323438582475705	0.6203891806340907	3.7293524742126465
0.323438582475705	0.6203891806340907	3.759352445602417
0.323438582475705	0.6203891806340907	3.7993524074554443
0.323438582475705	0.6203891806340907	3.829352617263794
0.323438582475705	0.6203891806340907	3.8593525886535645
0.323438582475705	0.6203891806340907	3.899352550506592
0.323438582475705	0.6203891806340907	3.9293525218963623
0.323438582475705	0.6203891806340907	3.959352493286133
0.323438582475705	0.6203891806340907	3.99935245513916
0.323438582475705	0.6203891806340907	4.029352426528931
0.6317428427995704	0.010617576232797412	4.059352397918701
0.6312245975206544	0.01217493620066014	4.099352598190308
0.6317189448178371	0.014708384517987411	4.129352569580078
0.6302672783926979	0.01958261593941495	4.159352540969849
0.5475227520713088	0.4121909634540809	4.199352502822876
0.5489799262896701	0.4226167839743888	4.2293524742126465
0.5477389550834209	0.43916487085994116	4.259352445602417
0.5487744540036437	0.44168905125396724	4.299352407455444
0.5494881315901282	0.4460434543435141	4.329352617263794
0.5490879533060118	0.4489044424294844	4.3593525886535645
0.5490049333414151	0.4513181615649302	4.399352550506592
0.38432214230587336	0.5891393924347756	4.459352493286133
0.3843599133359503	0.5975210553781896	4.49935245513916
0.3850079618432339	0.6070156251056765	4.529352426528931
0.3861595961239813	0.6124452508491719	4.559352397918701
0.3864010576386453	0.6200310463483081	4.599352598190308
0.37555901740826725	0.6595443255292115	4.629352569580078
0.3764332148721686	0.6624828172533366	4.659352540969849
0.3775272854288125	0.6671459519706192	4.699352502822876
0.3781419619968023	0.6695239429121095	4.7293524742126465
0.3781334477196445	0.6719315357529502	4.759352445602417
0.37906367228997584	0.6727412677685723	4.799352407455444
0.3786153570814128	0.6766452391431526	4.829352617263794
0.4227967447124925	0.6532530764522793	4.8593525886535645
0.4344213629067478	0.658589839440186	4.899352550506592
0.4357614206753752	0.6597181973159125	4.929352521896362
0.4368952701159743	0.6618079260958422	4.959352493286133
0.43559898818168963	0.664057210864826	4.99935245513916
0.46689791517977886	0.6589574377521611	5.029352426528931
0.49770518774382294	0.6519206251384956	5.059352397918701
0.4997168541557037	0.6558416914488521	5.099352598190308
0.5007266505411906	0.6574741127547101	5.129352569580078
0.5011118441153235	0.6594250086343231	5.159352540969849
0.499552252426963	0.6585118933139885	5.199352502822876
0.47675031896771924	0.65372405417177	5.2293524742126465
0.4760531580920004	0.6552504486842045	5.259352445602417
0.47645285105755325	0.656263901591968	5.299352407455444
0.4754472569828613	0.656528105837545	5.329352617263794
0.4751592518256896	0.6547031366790129	5.3593525886535645
0.47645440120578236	0.6562246210664763	5.399352550506592
0.5315176750805609	0.6532519569235387	5.429352521896362
0.531224275501071	0.6556601435700756	5.459352493286133
0.5322657537109085	0.6596555198998854	5.49935245513916
0.532736743640137	0.6627430048230546	5.529352426528931
0.5332920340654083	0.6622439193448441	5.559352397918701
0.5313783360519648	0.6599191640294712	5.599352598190308
0.29988933147941	0.5944920276371299	5.629352569580078
0.3043884881736849	0.6033667578562175	5.659352540969849
0.3043889268162893	0.60850904077393	5.699352502822876
0.30451676449458276	0.6148520917107511	5.7293524742126465
0.30557706815008523	0.6188230484443775	5.759352445602417
0.30587906972042145	0.6233984290330733	5.799352407455444
0.3072156705649629	0.6250276379792301	5.829352617263794
0.37388996973442873	0.6301403907903957	5.8593525886535645
0.40994164374088055	0.6192118051484614	5.899352550506592
0.41194427642501985	0.6229968405527689	5.929352521896362
0.4129839104372598	0.6263197631635267	5.959352493286133
0.41453919006042644	0.628663609880679	5.99935245513916
0.41512143052882733	0.6288959290851299	6.029352426528931
0.41560302859439296	0.6311393114032691	6.059352397918701
0.4162454545360734	0.6332886317005232	6.099352598190308
0.41716889162656035	0.6349841910476561	6.129352569580078
0.4172440670054128	0.6360932266635153	6.159352540969849
0.4209341032824954	0.6177258293147465	6.199352502822876
0.4724938719206248	0.458955866133975	6.2293524742126465
0.4733390903784088	0.4625864338219963	6.259352445602417
0.4731266337362082	0.4656004640370683	6.299352407455444
0.473208716650539	0.4690334429393433	6.329352617263794
0.4724219667171239	0.47064505133785983	6.3593525886535645
0.4710827332121629	0.472868007162738	6.399352550506592
0.4701876229155811	0.47291750576652025	6.429352521896362
0.4668989964499172	0.4684769825537087	6.459352493286133
0.29758201215043917	0.2641116531946081	6.49935245513916
0.29819101170918855	0.2673636487671563	6.529352426528931
0.2969276998129151	0.27066423414186414	6.559352397918701
0.2958514890486255	0.27358807232878624	6.599352598190308
0.2955693729804933	0.27684684285321803	6.629352569580078
0.29406400686831424	0.27923457736875434	6.659352540969849
0.2787993888704777	0.26378559310833144	6.699352502822876
0.27858346833352665	0.26487388677536744	6.7293524742126465
0.27752236845647515	0.26566451809747	6.759352445602417
0.27699059977412394	0.26550178487059833	6.799352407455444
0.27691213528063724	0.26614134338899276	6.829352617263794
0.27664268842637457	0.2667257120237459	6.8593525886535645
0.2766896242068511	0.2688456422940756	6.899352550506592
0.2766543838218488	0.27060636994747683	6.929352521896362
0.2765206434137742	0.27145216091639623	6.959352493286133
0.27833855294168836	0.2750388249698185	6.99935245513916
0.4920054278722338	0.5939115950172453	7.059352397918701
0.5055164642027759	0.6162191403002395	7.099352598190308
0.5067596643051345	0.6247631915926561	7.129352569580078
0.5080082459970158	0.6329424683883295	7.159352540969849
0.5097982211745449	0.6390999897114943	7.199352502822876
0.37706133652541823	0.5830213250269874	7.259352445602417
0.3791421810335907	0.5883276291820313	7.299352407455444
0.38154326551132633	0.5961812005725357	7.329352617263794
0.38207429482720695	0.5993936774455184	7.3593525886535645
0.38515455151465966	0.6009926726291707	7.399352550506592
0.4309155350316466	0.6071517777896102	7.429352521896362
0.43265178357875	0.6108847874876687	7.459352493286133
0.43319706722093615	0.6122615315197963	7.49935245513916
0.43386275197222973	0.6146362364433355	7.529352426528931
0.42627972243148166	0.6088661676432449	7.559352397918701
0.37666924610339275	0.6113824215117727	7.599352598190308
0.3770995093043946	0.615941103045935	7.629352569580078
0.37874084666113994	0.6164589703452122	7.659352540969849
0.37874084666113994	0.6164589703452122	7.7293524742126465
0.37874084666113994	0.6164589703452122	7.759352445602417
0.37874084666113994	0.6164589703452122	7.799352407455444
0.5307927717471236	0.001426137753200365	7.829352617263794
0.529796941692278	0.004155047123516218	7.8593525886535645
0.5294241841929102	0.006520709396122201	7.899352550506592
0.5281421370093574	0.007775475602522506	7.929352521896362
0.5281421370093574	0.007775475602522506	7.959352493286133
0.5281421370093574	0.007775475602522506	7.99935245513916
0.5814301393867755	0.0011098777167283856	8.02935242652893
0.5815423127206061	0.0035524711219837696	8.059352397918701
0.58051366506543	0.0041748001769693	8.099352598190308
0.5798242745535848	0.0031943915512218195	8.129352569580078
0.5797824673123229	0.00326197610834193	8.159352540969849
0.5780561862404837	0.0037301933217079863	8.199352502822876
0.5764220118668334	0.002924282573729441	8.229352474212646
0.5336950011153472	0.006339856270952255	8.259352445602417
0.5323161394848467	0.007841955220301428	8.309352397918701
0.5313533986735482	0.010599755363386849	8.329352617263794
0.5291600644105149	0.013583164675506652	8.359352588653564
0.5281371425547502	0.015461997410172342	8.399352550506592
0.5286407617612825	0.017545948342713127	8.429352521896362
0.5280639552030829	0.01880477820188272	8.459352493286133
0.5283573418908214	0.018492688967946473	8.49935245513916
0.5273855139434221	0.018643724973407917	8.52935242652893
0.5275989523962447	0.020092025289378774	8.559352397918701
0.5266434951615844	0.02088513816173533	8.599352598190308
0.49606078734311204	0.05080118202181754	8.629352569580078
0.49711460288923354	0.056016353224263675	8.659352540969849
0.49715399709488567	0.05851158780467298	8.699352502822876
0.49575059931310805	0.06016021270650698	8.729352474212646
0.494979741031338	0.06040880599475466	8.759352445602417
0.4946157860336416	0.0598331502744558	8.799352407455444
0.4950838409286412	0.06129984710014502	8.829352617263794
0.529347238577527	0.10967549566875304	8.859352588653564
0.5296483963830255	0.11449115477558408	8.899352550506592
0.5297702055660782	0.11994678391605121	8.929352521896362
0.5293538601680282	0.12020931205784223	8.959352493286133
0.5292700557323081	0.12079718810457657	8.99935245513916
0.5288808848185967	0.12058154525792902	9.02935242652893
0.5286286539398569	0.12005881727670832	9.059352397918701
0.528330357604715	0.12143189943325428	9.099352598190308
0.5279659448246267	0.12055423621535526	9.129352569580078
0.5270174530380392	0.1210044988226726	9.159352540969849
0.5725569982890125	0.103820393723698	9.199352502822876
0.5738788089368578	0.10690357962333104	9.229352474212646
0.5753798454874366	0.11183752984081695	9.259352445602417
0.5766048623637159	0.11440847250497344	9.299352407455444
0.5763644325658054	0.11505774467358659	9.329352617263794
0.5543887705722642	0.10993776327043801	9.359352588653564
0.528473870875087	0.10823504712839975	9.399352550506592
0.5273989623614116	0.1087846660629012	9.429352521896362
0.5265083833507642	0.11038813781969403	9.459352493286133
0.526844123269877	0.11058067428385253	9.49935245513916
0.5269705033454258	0.11192266956181048	9.52935242652893
0.5266336621089688	0.1135643078641299	9.559352397918701
0.5276290480331246	0.1137603867836867	9.599352598190308
0.5273207732129926	0.11474323929390853	9.629352569580078
0.52703071542699	0.11472267560358881	9.659352540969849
0.5257358631271005	0.11391216167945259	9.699352502822876
0.5248280282723367	0.11374472765117333	9.729352474212646
0.5253955789559849	0.11513789053259697	9.759352445602417
0.5255951881623154	0.11679012355828049	9.799352407455444
0.5258784976393841	0.11695597531206796	9.829352617263794
0.5252351774766157	0.11883724407459458	9.859352588653564
0.5252211557304151	0.11913473617531589	9.899352550506592
0.5257537601753444	0.11970479264416456	9.929352521896362
0.524442807771344	0.1195470348499476	9.959352493286133
0.5252460243965411	0.11981329591628166	9.99935245513916
0.5245214285793782	0.11948078594357169	10.02935242652893
0.5242775047165379	0.11909279580573148	10.059352397918701
0.5249579069100375	0.11911827341865498	10.099352598190308
0.5240539606184244	0.1188481671752249	10.129352569580078
0.5231732873461216	0.11707509180243023	10.159352540969849
0.5224482872982595	0.11693810096516023	10.199352502822876
0.5221958438381875	0.11677805653474152	10.229352474212646
0.5220651250808992	0.11625862505017123	10.259352445602417
0.5218427198200073	0.11634969745697846	10.299352407455444
0.5200524144193653	0.11276400741882758	10.329352617263794
0.5094792647009637	0.022711009440868096	10.359352588653564
0.5086009123907008	0.023275544410043265	10.399352550506592
0.5075672944057341	0.022496963144340906	10.429352521896362
0.5071761675125426	0.022750201320868305	10.459352493286133
0.5064628742662733	0.023677800972677382	10.49935245513916
0.5063310506501387	0.024697719611506318	10.52935242652893
0.5060926504099305	0.024282811984219995	10.559352397918701
0.5044100984399928	0.025311168161247406	10.599352598190308
0.5036722518214389	0.025552033569092823	10.629352569580078
0.505954378977398	0.024585080214363335	10.659352540969849
0.5328792371239519	0.08245770738692719	10.699352502822876
0.5336569755396731	0.08556256083740561	10.729352474212646
0.5337556215111815	0.09194749198956201	10.759352445602417
0.53367681241527	0.09661484889512542	10.799352407455444
0.5338387958786575	0.09835679893809948	10.829352617263794
0.5335791240098547	0.09845159713048963	10.859352588653564
0.5339781112493075	0.09954955314413667	10.899352550506592
0.5337666413743599	0.10086137235534054	10.929352521896362
0.5337810716241326	0.10246868220268872	10.959352493286133
0.534118388461023	0.10312306494826355	10.99935245513916
0.5340362823895978	0.10382743114149898	11.02935242652893
0.5342820684987589	0.10399976227726328	11.059352397918701
0.5326682563727573	0.10324339859753459	11.099352598190308
0.5319691606253327	0.10177764858266504	11.129352569580078
0.5312774496925631	0.10109725178403842	11.159352540969849
0.5315724434171897	0.10011136817018655	11.199352502822876
0.5316511083316001	0.1013082683702016	11.229352474212646
0.5312220868470128	0.10036745209540181	11.259352445602417
0.5309645354440135	0.10046685811276845	11.299352407455444
0.5296288551095307	0.0989386130294507	11.329352617263794
0.5291626115913655	0.09928456576554613	11.359352588653564
0.5288052942369641	0.10061338227124979	11.399352550506592
0.5021651874255587	0.07629049577088687	11.429352521896362
0.42942692172268765	0.06731560562235059	11.459352493286133
0.42972094485724727	0.06973896974795524	11.49935245513916
0.4298639322534392	0.07103634887803198	11.52935242652893
0.4284969322832726	0.06982832796546007	11.559352397918701
0.3483462329817104	0.11734095299641666	11.699352502822876
0.3680111336080389	0.0958553667585818	11.759352445602417
0.37308497328044643	0.08073370341695253	11.799352407455444
0.3735527253874619	0.08626644811914319	11.829352617263794
0.3754465838831511	0.09296550296128334	11.859352588653564
0.37846942190740485	0.09435279225950641	11.899352550506592
0.3787873049032793	0.09520749629717733	11.929352521896362
0.3811347739041397	0.09158311535882366	11.959352493286133
0.3799281123900331	0.0894036839742229	11.99935245513916
0.36158155482652016	0.12577016387611692	12.02935242652893
0.3629976100795154	0.12680331387537302	12.059352397918701
0.36083688932475183	0.12719136194077116	12.099352598190308
0.36099403999904595	0.13026587890395694	12.129352569580078
0.36239660779631744	0.13133673399137222	12.159352540969849
0.36293888303469446	0.13088738568623956	12.199352502822876
0.3624279022666567	0.13010973926367295	12.229352474212646
0.3629817370772681	0.1317388119016612	12.259352445602417
0.3841692549585093	0.1451352171339695	12.299352407455444
0.3956355971878341	0.15787700040419134	12.329352617263794
0.3969119878589562	0.16027307739869107	12.359352588653564
0.39723689213758046	0.16028275928218222	12.399352550506592
0.3972160136819037	0.16209568792494836	12.429352521896362
0.3975098427749099	0.16321476387816924	12.459352493286133
0.3984402067594323	0.16486303907323283	12.49935245513916
0.3996068430599206	0.16508923321226818	12.52935242652893
0.39997224224437034	0.1645172661482796	12.559352397918701
0.39976627102035217	0.16517144134055042	12.599352598190308
0.3995704848532448	0.1642862696468531	12.629352569580078
0.3724151739884248	0.1443154088517721	12.659352540969849
0.37235492049911845	0.14698781261633515	12.699352502822876
0.3726523707701421	0.1479898344796338	12.729352474212646
0.37289041740039663	0.1496119865753749	12.759352445602417
0.3742520816689126	0.150764476469199	12.799352407455444
0.37580107389226247	0.15350920527769255	12.829352617263794
0.4171128391471778	0.18093314436028696	12.859352588653564
0.41812289709574024	0.18439850843195982	12.899352550506592
0.4183303048388291	0.18754191789420455	12.929352521896362
0.4190990623913793	0.1883808115275203	12.959352493286133
0.4200147030441126	0.19043961567326834	12.99935245513916
0.4205264996763809	0.19138807169708424	13.02935242652893
0.4209043512056422	0.19357429582342667	13.059352397918701
0.42053270864325554	0.19433597368561156	13.099352598190308
0.42032533353065665	0.19453311866515755	13.129352569580078
0.4203429640822888	0.1944367085326773	13.159352540969849
0.4309507489684962	0.1880177111901381	13.199352502822876
0.4801603503598035	0.2009004901077935	13.229352474212646
0.48065964324432126	0.20153713513585664	13.259352445602417
0.481510210098126	0.2041478589360146	13.299352407455444
0.4833704785070225	0.20592808690259587	13.329352617263794
0.48419125344153424	0.20569138547870958	13.359352588653564
0.4845489966576921	0.20770658995857527	13.399352550506592
0.48474877480734563	0.20882426804680454	13.429352521896362
0.5183323840494338	0.22652930934315801	13.459352493286133
0.5201238135943498	0.22988845013322098	13.49935245513916
0.5221188177238436	0.23415255531216292	13.52935242652893
0.5234198208945755	0.2375383572957122	13.559352397918701
0.5239039922910805	0.23957572120743223	13.599352598190308
0.5250314595405058	0.24198594206092572	13.629352569580078
0.5271595200818341	0.24271525889537157	13.659352540969849
0.5278926777569333	0.24429463449821207	13.699352502822876
0.5278107652255557	0.2456729292763908	13.729352474212646
0.5279688497166797	0.24788724772405543	13.759352445602417
0.5288112488174775	0.24846664319536851	13.799352407455444
0.5289406760559054	0.24813152358943202	13.829352617263794
0.5294257054370055	0.24848747119212178	13.859352588653564
0.5293748855941632	0.24960527802818275	13.899352550506592
0.5828313215860261	0.1984649477412718	13.929352521896362
0.5848694986018411	0.19437169030889095	13.959352493286133
0.5846384376213225	0.1942274260659963	13.99935245513916
0.5847580738814817	0.19606255079396323	14.02935242652893
0.5853079370687596	0.19604298520473223	14.059352397918701
0.5839205098760696	0.19618215107045045	14.099352598190308
0.5835985148450341	0.19621032388130802	14.129352569580078
0.5842903693622183	0.19460093124020678	14.159352540969849
0.5839470243661385	0.19398846183263008	14.199352502822876
0.5829457950827334	0.19234309572964714	14.229352474212646
0.5835976299197781	0.1934956765838491	14.259352445602417
0.6052960222345661	0.24516156477988063	14.299352407455444
0.6056711774469384	0.2507393684997961	14.329352617263794
0.6063261844363943	0.2572597560282903	14.359352588653564
0.6060095196088728	0.25943555631366827	14.399352550506592
0.6062448454119872	0.2609248428488253	14.429352521896362
0.6029710415727795	0.25625061741434735	14.459352493286133
0.5649730921694475	0.20252383307827415	14.49935245513916
0.565099276705853	0.20461967850143553	14.52935242652893
0.5643665090007091	0.20562192660761264	14.559352397918701
0.5648808867701759	0.20591808219421948	14.599352598190308
0.5639357286913849	0.20748416712676254	14.629352569580078
0.5639274115128884	0.20665513004856376	14.659352540969849
0.5628141399224135	0.2041034700262342	14.699352502822876
0.5635001917498763	0.20320190163633553	14.729352474212646
0.5989395325461769	0.2114816431291058	14.759352445602417
0.5986378093592828	0.21778638277794832	14.799352407455444
0.6000910661517718	0.22071060568064949	14.829352617263794
0.598981330224428	0.22185799431658965	14.859352588653564
0.5986656938639134	0.2245681313486436	14.899352550506592
0.5974019723962629	0.22294084894745078	14.929352521896362
0.5989646228688156	0.22618242264405414	14.959352493286133
0.5985439450123234	0.22512904574525688	14.99935245513916
0.6241714117950354	0.24981491566920266	15.02935242652893
0.6242574684369978	0.2555217441323396	15.059352397918701
0.6248777807081577	0.25855816745150106	15.099352598190308
0.6248327242154945	0.261206711848077	15.129352569580078
0.6246845154212785	0.2613563558049993	15.159352540969849
0.6246753995435217	0.2634100384374734	15.199352502822876
0.6243917990068966	0.2653425832396782	15.229352474212646
0.6248706724296823	0.26580142971217185	15.259352445602417
0.624218051645795	0.26750521205709227	15.299352407455444
0.6245622288597057	0.2681858128720812	15.329352617263794
0.6245692201993985	0.26792590747418843	15.359352588653564
0.6242371524616876	0.26782357876910884	15.399352550506592
0.6222915561256658	0.29217397737918727	15.429352521896362
0.6174169887119123	0.3466992901125106	15.459352493286133
0.6175620284513058	0.35103199879044833	15.49935245513916
0.6182224358429461	0.3547342794133494	15.52935242652893
0.6182711868303329	0.35628886091086986	15.559352397918701
0.6192626785185945	0.35593303188962677	15.599352598190308
0.6181627756493251	0.35558824345253387	15.629352569580078
0.6185787585838406	0.35569873544316705	15.659352540969849
0.6186494122171536	0.3561954860229649	15.699352502822876
0.618756535484511	0.35593184098873354	15.729352474212646
0.6191892158542707	0.3570949093628863	15.759352445602417
0.6200894973546489	0.357378773723624	15.799352407455444
0.6066359003337338	0.34987510947752265	15.829352617263794
0.5705513478041797	0.34137374936302106	15.859352588653564
0.570413896365011	0.34329549221457256	15.899352550506592
0.5722812327225605	0.34562280434523324	15.929352521896362
0.5725257681796181	0.3468429574027561	15.959352493286133
0.5739020029510483	0.3487099938202449	15.99935245513916
0.5746355509243014	0.3502174667389092	16.02935242652893
0.5739570593120302	0.3521121380679224	16.0593523979187
0.5741115532913641	0.35503565946850263	16.099352598190308
0.5737130161175035	0.3547074857047905	16.129352569580078
0.5735645391050551	0.35584300575479816	16.15935254096985
0.5731640521090331	0.35682954380888454	16.199352502822876
0.5724483597042204	0.3574812725140615	16.229352474212646
0.5716971885257645	0.35752047340305415	16.259352445602417
0.5724655246028302	0.3572030353397767	16.299352407455444
0.571781297445886	0.35765968476136734	16.329352617263794
0.5711228182375547	0.35706144036982085	16.359352588653564
0.571058394981393	0.35680302432505423	16.399352550506592
0.5705603174581884	0.3561625691343358	16.429352521896362
0.5706161378460424	0.3573000593421242	16.459352493286133
0.570952335578093	0.357731427883791	16.49935245513916
0.571133945633974	0.35725728797306955	16.52935242652893
0.5705109208792569	0.3571079937997324	16.5593523979187
0.569603294354757	0.3556507779466258	16.599352598190308
0.5667497174190348	0.35266445068445845	16.629352569580078
0.5359048414649344	0.32493681226192017	16.65935254096985
0.5364584372826994	0.3242367512252629	16.699352502822876
0.5376461441754401	0.3248333064120835	16.729352474212646
0.536123389357387	0.3263413812794717	16.759352445602417
0.5361478461710896	0.3248636383058926	16.799352407455444
0.5347378431568586	0.32639812945028385	16.829352617263794
0.5316704161069388	0.3224992263263132	16.859352588653564
0.4914505144247927	0.29797698831072	16.899352550506592
0.4914309628415114	0.299879194664182	16.929352521896362
0.4908218581749129	0.29816667483105763	16.959352493286133
0.49080890039465724	0.2998128952423651	16.99935245513916
0.4909645118811503	0.30041695577853944	17.02935242652893
0.49081454958218307	0.30130490894538065	17.0593523979187
0.4905007327494077	0.30322119023249466	17.099352598190308
0.48962282518217193	0.3018896745165157	17.129352569580078
0.48950725833645914	0.3032454150551456	17.15935254096985
0.48967826719442525	0.3040130091758123	17.199352502822876
0.4664469204615856	0.29587482596074394	17.229352474212646
0.46784144215612167	0.29727280757814845	17.259352445602417
0.4670916262883678	0.29739347149792517	17.299352407455444
0.4658844131253851	0.2979429313851153	17.329352617263794
0.4660130324113661	0.2977338124551686	17.359352588653564
0.46600772877684105	0.2974253744766415	17.399352550506592
0.4627471782322412	0.29455606195406964	17.429352521896362
0.42413517014027696	0.2675325301865359	17.459352493286133
0.42383959363972457	0.26858924836220294	17.49935245513916
0.4233051757306206	0.2692954692395214	17.52935242652893
0.4237556009716174	0.26936189666565213	17.5593523979187
0.4239124670212648	0.2709127467101773	17.599352598190308
0.4232530395588263	0.27106792940236324	17.629352569580078
0.4222796077031839	0.27060046350345734	17.65935254096985
0.4218955096811464	0.26995933305423353	17.699352502822876
0.42093464535455793	0.2702600083427864	17.729352474212646
0.4201528118567061	0.2702660886924102	17.759352445602417
0.4201411771938939	0.26954897800648864	17.799352407455444
0.42015514100727563	0.26913555366841213	17.829352617263794
0.4200707640459238	0.26895047884213624	17.859352588653564
0.38251966249001923	0.23947982169616194	17.899352550506592
0.3780009959253217	0.24453326737380326	17.929352521896362
0.3777635023944569	0.24591247730293866	17.959352493286133
0.3785850159977227	0.24635182061990232	17.99935245513916
0.3798417214818091	0.24695832603544693	18.02935242652893
0.3804214079347242	0.248436240125601	18.0593523979187
0.37967239658590873	0.24922193446174332	18.099352598190308
0.3812966040916189	0.2515953420555173	18.129352569580078
0.38104061624810626	0.25193138370614915	18.15935254096985
0.3302040966862133	0.23514174312879024	18.199352502822876
0.3287653115025911	0.2428055155867661	18.229352474212646
0.32786555244132387	0.24405472853620588	18.259352445602417
0.32818061750492317	0.24572318584975217	18.299352407455444
0.3284723852797157	0.24876882674652118	18.329352617263794
0.32833639171373047	0.2509684948181685	18.359352588653564
0.3282615744293123	0.25163047858279314	18.399352550506592
0.32842022601217064	0.25270520414344405	18.429352521896362
0.3280025823650078	0.2536134656900621	18.459352493286133
0.32790044064627766	0.2555925612363335	18.49935245513916
0.3274775689269934	0.2561583181669344	18.52935242652893
0.3274941302988095	0.2568748496495667	18.5593523979187
0.31244404533469383	0.2607313584508962	18.599352598190308
0.3112487100463423	0.26313848967338194	18.629352569580078
0.31043499058427404	0.2663846030398906	18.65935254096985
0.3092565677026119	0.2683152953423465	18.699352502822876
0.309280349857209	0.27009922131243674	18.729352474212646
0.3098050703919846	0.2721990064316923	18.759352445602417
0.3107730157170366	0.2743948195611074	18.799352407455444
0.3111065076930459	0.27433034762741704	18.829352617263794
0.3110724406488249	0.2744922379169946	18.859352588653564
0.3108261557264441	0.2750877433261653	18.899352550506592
0.30994565495749926	0.27434698965790855	18.929352521896362
0.31007551680983986	0.274248317594417	18.959352493286133
0.3101992315085493	0.27451572417465747	18.99935245513916
0.3097307296652244	0.2749976257815306	19.02935242652893
0.3073260878350773	0.27089823642829913	19.0593523979187
0.2863748892705292	0.2320893514957557	19.099352598190308
0.28625153094812944	0.23467851994659475	19.129352569580078
0.2875552553953043	0.23619712919092378	19.15935254096985
0.2869292607606862	0.2362005971529238	19.199352502822876
0.2868777354148051	0.23716631355975867	19.229352474212646
0.2865228483129687	0.237898813121642	19.259352445602417
0.2860265553916582	0.23788785034569418	19.299352407455444
0.28554914814400234	0.23866975498737436	19.329352617263794
0.2861050140562096	0.24348409794864248	19.359352588653564
0.3090308383662416	0.32960960074693885	19.399352550506592
0.30852825144669194	0.33286559623118467	19.429352521896362
0.30867295634739766	0.33508438054906414	19.459352493286133
0.30836118522992245	0.33858264167507374	19.49935245513916
0.3083819253843157	0.3386210851570401	19.52935242652893
0.3077602226116837	0.34142945244957984	19.5593523979187
0.3078784496662855	0.34187981752520713	19.599352598190308
0.3074278912132173	0.34221484486836934	19.629352569580078
0.30723197164141236	0.3423301081816592	19.65935254096985
0.30919799004089005	0.34327058965785356	19.699352502822876
0.3086010674219566	0.34350510208152873	19.729352474212646
0.30919504292790434	0.34248486142258255	19.759352445602417
0.30841626074462497	0.3434250376295204	19.799352407455444
0.30866796094156185	0.34359824838372816	19.829352617263794
0.3083836368784802	0.3443946061066428	19.859352588653564
0.3080640377120386	0.34534597245055415	19.899352550506592
0.30727456812602316	0.3449287935753387	19.929352521896362
0.3069160819469872	0.3446258081026112	19.959352493286133
0.30645289316247976	0.34538796942300887	19.99935245513916
0.30683026853473866	0.34567836229969756	20.02935242652893
0.3058101182285258	0.3452687077758397	20.0593523979187
0.30551231492198583	0.34629529694033023	20.099352598190308
0.30548426435840154	0.3469775561934417	20.129352569580078
0.3056898628533215	0.3483381659118413	20.15935254096985
0.30744757101753106	0.35294245893091863	20.199352502822876
0.328416654218727	0.4111782580170039	20.229352474212646
0.32876364072647685	0.4151974519942111	20.259352445602417
0.32896809792079584	0.41704901145028866	20.299352407455444
0.32867197967153317	0.41980840115382856	20.329352617263794
0.32871628257806695	0.41825704461198404	20.359352588653564
0.3280087096013594	0.420095062913086	20.399352550506592
0.32862035757857383	0.41989592483699256	20.429352521896362
0.32793138271290456	0.42060632242907714	20.459352493286133
0.3284230497649404	0.41990092677837265	20.49935245513916
0.3279196888111405	0.42191177500098526	20.52935242652893
0.3273253441961073	0.4203035930216683	20.5593523979187
0.3521004556051858	0.3483230112874605	20.599352598190308
0.3520622925780387	0.3499514856532287	20.629352569580078
0.3523455936418621	0.34963181209770455	20.65935254096985
0.35180458891399796	0.3501905010045985	20.699352502822876
0.35209198954910653	0.3518082137081859	20.729352474212646
0.35167065971323314	0.35265447832049324	20.759352445602417
0.35077799965513223	0.35306085445565805	20.799352407455444
0.3510236389805969	0.3541960550162309	20.829352617263794
0.35067111835391757	0.35459013609827417	20.859352588653564
0.3508487666463389	0.3547976395059967	20.899352550506592
0.3507752022683213	0.3562688796113396	20.929352521896362
0.35795985565969823	0.37616905895586056	20.959352493286133
0.3660200235403963	0.4161080656697334	20.99935245513916
0.36623310337443155	0.4184270569295524	21.02935242652893
0.3667897699530316	0.4205716241476665	21.0593523979187
0.3661337306751979	0.4233204996949374	21.099352598190308
0.3665100230096188	0.42464686307903554	21.129352569580078
0.3663424427683483	0.42523307472416705	21.15935254096985
0.36700399298614395	0.4259350454835648	21.199352502822876
0.3668295082783658	0.42656690524375834	21.229352474212646
0.367197704013994	0.4266129797310244	21.259352445602417
0.36784414954849703	0.4282972165235675	21.299352407455444
0.36799608498851116	0.42702650797600866	21.329352617263794
0.36709106399726493	0.4262549929879549	21.359352588653564
0.3390514853917124	0.39204997866291963	21.399352550506592
0.3393252571726023	0.3926773363349123	21.429352521896362
0.33869067476217024	0.3926201823759438	21.459352493286133
0.3388321369131508	0.39390523450541864	21.49935245513916
0.3381241338467792	0.3937449648321611	21.52935242652893
0.3372520545742785	0.39429259605907646	21.5593523979187
0.3377958326314532	0.3942574732231996	21.599352598190308
0.3841132965851156	0.3805772006693345	21.629352569580078
0.3842650080341418	0.38294529764645635	21.65935254096985
0.385501386379675	0.3865751259864061	21.699352502822876
0.386101296952813	0.3883526091312436	21.729352474212646
0.3861757846517392	0.3879005223396549	21.759352445602417
0.38593927513160164	0.3874172298621693	21.799352407455444
0.38553303651043097	0.3872462962954839	21.829352617263794
0.3853672038402587	0.3886910945931125	21.859352588653564
0.3843340067606734	0.38813353835715164	21.899352550506592
0.38340384471384625	0.3880584495586679	21.929352521896362
0.3831741988528433	0.38876927950022916	21.959352493286133
0.38292076234581396	0.3884390127680792	21.99935245513916
0.3815315151255919	0.38748102627159425	22.02935242652893
0.38153012171021644	0.38847607778293414	22.0593523979187
0.3817529303510672	0.38774630669135335	22.099352598190308
0.38190335451599117	0.38924400932022074	22.129352569580078
0.3822291493963803	0.3897635106168841	22.15935254096985
0.3814446890840858	0.3888217338526741	22.199352502822876
0.38149276564782686	0.3875701780038651	22.229352474212646
0.38124383687703156	0.38724564525326255	22.259352445602417
0.3808819319979541	0.38547610052688913	22.299352407455444
0.3804871038269457	0.3859084051169725	22.329352617263794
0.38096950756662706	0.385954979832593	22.359352588653564
0.3812498510548712	0.3857483667550406	22.399352550506592
0.38202260152402323	0.3865388262951374	22.429352521896362
0.3824021699043341	0.38683911800420945	22.459352493286133
0.3823798297952414	0.3866470930705176	22.49935245513916
0.38273691305586394	0.386375222552518	22.52935242652893
0.47170999440661965	0.43921464113326486	22.5593523979187
0.4708605723705722	0.3873173092956903	22.599352598190308
0.47295566082349483	0.39021341263413806	22.629352569580078
0.4743453218343129	0.39242498141282744	22.65935254096985
0.47435518686220085	0.395265713977145	22.699352502822876
0.4740016778326554	0.3959285533360063	22.729352474212646
0.47425690463784054	0.39648199288152974	22.759352445602417
0.47193305722990303	0.39352677678483783	22.799352407455444
0.4416336851446202	0.34288297401045315	22.829352617263794
0.4414647831767012	0.34386024107516694	22.859352588653564
0.44206436117984294	0.3453610484792381	22.899352550506592
0.4419611462786273	0.3465081284630903	22.929352521896362
0.44215201238478785	0.34652917339201755	22.959352493286133
0.4416023188339532	0.34647288018540195	22.99935245513916
0.4402432977287022	0.3446970125847808	23.02935242652893
0.44026841362701297	0.344884517028885	23.0593523979187
0.44098978337192735	0.3459708780607968	23.099352598190308
0.44116424858917946	0.34674583163026684	23.129352569580078
0.5419175421489202	0.3629545476242323	23.199352502822876
0.5441949355153917	0.36561316727074633	23.229352474212646
0.5456496208952181	0.3692351581489665	23.259352445602417
0.5471991502634977	0.3722902612882937	23.299352407455444
0.5476110917490496	0.37418655570996145	23.329352617263794
0.5482905542335028	0.374585673176191	23.359352588653564
0.5481397602694901	0.37691826870743245	23.399352550506592
0.5491403872536651	0.37695879450881203	23.429352521896362
0.5496236608427018	0.377698126171005	23.459352493286133
0.5496511537473844	0.3785135157302234	23.49935245513916
0.5497592501502585	0.37958161219908604	23.52935242652893
0.5497230422858576	0.38089690841337975	23.5593523979187
0.5501290613928557	0.3838902705751022	23.599352598190308
0.5502605135340586	0.3834636760332451	23.629352569580078
0.5479261073206438	0.3794521731629096	23.65935254096985
0.5664311291621981	0.3895338001784409	23.699352502822876
0.569488467696462	0.3960449220965958	23.729352474212646
0.5698543731883319	0.39793364349125204	23.759352445602417
0.5698946092619037	0.398860253509712	23.799352407455444
0.5701817940457902	0.4005777338570287	23.829352617263794
0.5715113862153451	0.4021404453158417	23.859352588653564
0.5707072691749446	0.4023676911084854	23.899352550506592
0.5716899959093372	0.4027187111739804	23.929352521896362
0.5713407242828944	0.4032739009527536	23.959352493286133
0.5700249474095418	0.4042734755554003	23.99935245513916
0.5692009563516598	0.40378414193769785	24.02935242652893
0.5686241943456096	0.40350289345237256	24.0593523979187
0.5660284116410318	0.4073313711656662	24.099352598190308
0.5436471504579823	0.4615052938108915	24.129352569580078
0.5442005397392422	0.46664217209418485	24.15935254096985
0.5450908301849217	0.4687536454059009	24.199352502822876
0.5448990509751838	0.4708108248872656	24.229352474212646
0.5460338109178653	0.4713743299905644	24.259352445602417
0.5471938297856201	0.47152687179820635	24.299352407455444
0.547393070239218	0.47103115350028146	24.329352617263794
0.546930216423252	0.471367333536307	24.359352588653564
0.5463981778241358	0.4717489731786311	24.399352550506592
0.5468116915996736	0.4726119276167172	24.429352521896362
0.5463054446393704	0.473754658509729	24.459352493286133
0.5458758620346976	0.4745531797359156	24.49935245513916
0.5459830771975733	0.47711257421288694	24.52935242652893
0.5459545011316381	0.4778781171910746	24.5593523979187
0.5463097680551812	0.44152655049716516	24.599352598190308
0.5450230395185668	0.40255653642816863	24.629352569580078
0.5443403420979025	0.4002422233761347	24.65935254096985
0.5443972447466342	0.40079689568909055	24.699352502822876
0.5432634672817304	0.3999438127398174	24.729352474212646
0.5427639857111626	0.3998759235039131	24.759352445602417
0.5420671766720537	0.3985744917942818	24.799352407455444
0.4926627848592517	0.3478176575517715	24.829352617263794
0.4905331272501349	0.3424381060420108	24.859352588653564
0.4884267593880589	0.3421435060684303	24.899352550506592
0.4875635600634385	0.3435940396685083	24.929352521896362
0.4878351391330472	0.3424353503651857	24.959352493286133
0.48696498490154294	0.343107196465448	24.99935245513916
0.48619842350549747	0.344331734422685	25.02935242652893
0.4859439151315715	0.3443106628151713	25.0593523979187
0.4857949305338313	0.34400803672947194	25.099352598190308
0.4655550110714963	0.3456403108296174	25.129352569580078
0.46134646570493665	0.3414231343354078	25.169352531433105
0.46111398249086527	0.34251040156245083	25.199352502822876
0.4606713561617655	0.34323389337344723	25.229352474212646
0.4607646805689835	0.34431168299492004	25.259352445602417
0.4610980102621186	0.3453433079408185	25.299352407455444
0.45900274280270026	0.3478173437060398	25.329352617263794
0.45878664622269233	0.3525226448557465	25.359352588653564
0.5025385205554075	0.35154843599002294	25.399352550506592
0.5025647865050266	0.3610313435923859	25.429352521896362
0.5042937025832928	0.36563887952017027	25.459352493286133
0.5069852031812676	0.3671119617037267	25.49935245513916
0.5089387654644184	0.36392446796014966	25.52935242652893
0.5086702257585777	0.3673543691160049	25.5593523979187
0.5095980630275615	0.363385548682317	25.599352598190308
0.5098163201029499	0.3635694184068496	25.629352569580078
0.5096988831294046	0.36509290209833356	25.65935254096985
0.5017654890213937	0.38561655453960264	25.699352502822876
0.46301414676628944	0.356341761423678	25.729352474212646
0.46466942952492496	0.3593579222091567	25.759352445602417
0.4661171752939579	0.359712537076222	25.799352407455444
0.4661997826926649	0.3596451009141968	25.829352617263794
0.46689445555019304	0.3597247427877528	25.859352588653564
0.4656870126378635	0.36028513663836426	25.899352550506592
0.36101737663398487	0.35108206975373235	25.929352521896362
0.364151273457594	0.3579195076258969	25.959352493286133
0.36403686169159083	0.3594612164904254	25.99935245513916
0.3656984680920436	0.3655167751574116	26.02935242652893
0.36837865572013795	0.36283899666978714	26.0593523979187
0.3699817688234677	0.3668400509230777	26.099352598190308
0.3709163045521093	0.37281123443182157	26.129352569580078
0.37264569846553225	0.37406964235797663	26.15935254096985
0.3743383499061831	0.372349663272411	26.199352502822876
0.3754635909826498	0.3708226451869779	26.229352474212646
0.37578225899752765	0.37352209744311077	26.259352445602417
0.3755395216321089	0.3687952958775874	26.299352407455444
0.37551072468894886	0.36630942739944805	26.329352617263794
0.37565089734135887	0.3663611268599039	26.359352588653564
0.3732911956916011	0.36571187655049603	26.399352550506592
0.3447979863958573	0.3604525018553367	26.429352521896362
0.3451149187930808	0.36311250511069215	26.459352493286133
0.3442653693415393	0.36323418350995346	26.49935245513916
0.34399584359790664	0.36391294094250065	26.52935242652893
0.34320610989815875	0.3636438358541938	26.5593523979187
0.3425786831969162	0.3640414950691322	26.599352598190308
0.3425251837290739	0.36508550233543363	26.629352569580078
0.3426807389265532	0.3667321970175144	26.65935254096985
0.34346712817353436	0.36563853091624615	26.699352502822876
0.34374199517081655	0.3667916219790729	26.729352474212646
0.3438094424716868	0.3667095133663392	26.759352445602417
0.34419692600738877	0.36699248370304405	26.799352407455444
0.34358699638569706	0.3664380955563271	26.829352617263794
0.3424578263861137	0.3662793003012846	26.859352588653564
0.44316732956929167	0.4361548561446041	27.02935242652893
0.45097227853267846	0.44552774674157963	27.0593523979187
0.45418486149389314	0.4485264648149864	27.099352598190308
0.4593403115438372	0.45205255166085356	27.129352569580078
0.4634382473799697	0.4542322603302573	27.15935254096985
0.46709542451138003	0.45550149637388043	27.199352502822876
0.4693777569336856	0.4568928257388504	27.229352474212646
0.4705237143305242	0.4548563429763373	27.259352445602417
0.46921558234790056	0.45680246112185297	27.299352407455444
0.4695077783144249	0.45858988440046605	27.329352617263794
0.4696017797771982	0.46145337689625665	27.359352588653564
0.4712944833538136	0.4647229959382444	27.399352550506592
0.4722107649621995	0.46352073510276964	27.429352521896362
0.4719493746513041	0.46468939518387564	27.459352493286133
0.47156806049015176	0.4652474437810053	27.49935245513916
0.4732939255961114	0.4707568953831183	27.52935242652893
0.49768699499326485	0.5464570272775598	27.5593523979187
0.4980314487546379	0.5535022961164164	27.599352598190308
0.500511418042633	0.5579335142976027	27.629352569580078
0.5025670640520606	0.561152920031735	27.65935254096985
0.505535932890968	0.5625927596299255	27.699352502822876
0.5081477545899166	0.5655754506707812	27.729352474212646
0.510096470520115	0.5669846556833021	27.759352445602417
0.5094528295055772	0.5674147177123504	27.799352407455444
0.5117247965298525	0.5697778002241898	27.829352617263794
0.5129064868157306	0.5721514338985185	27.859352588653564
0.5148929490008265	0.5766121125381137	27.899352550506592
0.6858635163664341	0.9853633916323543	27.959352493286133
0.46295735086724493	0.5260706246223257	28.429352521896362
0.47477952686697084	0.5399957495363352	28.459352493286133
0.4781672648393239	0.5460932033774826	28.49935245513916
0.4802862438901441	0.5503437927878192	28.52935242652893
0.4813702094054205	0.5523051910985676	28.5593523979187
0.48228372405669895	0.5529014595483193	28.599352598190308
0.4821950659476422	0.5529452737320593	28.629352569580078
0.48290279683198145	0.5517394220691962	28.65935254096985
0.48281824457153816	0.5513513161423567	28.699352502822876
0.48312184009493864	0.5516816767173124	28.729352474212646
0.48533995666259516	0.5503495568719486	28.759352445602417
0.5261253284063965	0.536337698640835	28.799352407455444
0.5255460769148126	0.5398179672350114	28.829352617263794
0.5266086278937999	0.5418407856320736	28.859352588653564
0.5272895838103978	0.5438294505821293	28.899352550506592
0.5287915247173381	0.5452988999451923	28.929352521896362
0.5297309638492138	0.548050208349675	28.959352493286133
0.5296498546478784	0.5491310363296739	28.99935245513916
0.5303676594108598	0.5508478475226634	29.02935242652893
0.5314411996836244	0.5538151695822854	29.0593523979187
0.5321119833650519	0.5563447870263795	29.099352598190308
0.5326232925686367	0.5549234518788846	29.129352569580078
0.5326828093795174	0.5566874893474567	29.15935254096985
0.532952996259969	0.5574125571133204	29.199352502822876
0.5334394154875454	0.5550548103406249	29.229352474212646
0.5339021043045005	0.5573497422576802	29.259352445602417
0.5343253368392651	0.5574048004743678	29.299352407455444
0.5354240898824664	0.5593009157806943	29.329352617263794
0.5354523667512564	0.5607443805855024	29.359352588653564
0.5368859760977194	0.5628794205283053	29.399352550506592
0.5382799245588092	0.5625314607652653	29.429352521896362
0.5383638014487495	0.56657255924623	29.46935248374939
0.5391890598425971	0.56696831609078	29.49935245513916
0.5391729925777707	0.5669509546470285	29.52935242652893
0.5394698969951847	0.5669007469800705	29.5593523979187
0.5396762073685883	0.5694560386378926	29.599352598190308
0.5400925350407593	0.5702646158322133	29.629352569580078
0.5400603391671241	0.5702501196350338	29.65935254096985
0.5406945399766242	0.5705335466693424	29.699352502822876
0.540400826712062	0.5704657310359049	29.729352474212646
0.5402274068420982	0.5705148487225049	29.759352445602417
0.5393065780907236	0.5712867939865531	29.799352407455444
0.5387860998502079	0.5715910530505952	29.829352617263794
0.5380673622892147	0.571079405814214	29.859352588653564
0.5366864715427508	0.5715779048527192	29.899352550506592
0.5354345502712828	0.5717887872093621	29.929352521896362
0.535399467140133	0.5702615642588934	29.959352493286133
0.5344876084162261	0.571126951147637	29.99935245513916
0.5342106479542931	0.5708012154198165	30.02935242652893
0.5335939094547892	0.5701429502395027	30.0593523979187
0.5333279811137075	0.5710205573662219	30.099352598190308
0.5345088656779993	0.5717752026631079	30.129352569580078
0.5337814699084371	0.5711511666687237	30.15935254096985
0.5339232983866782	0.5713668271478972	30.199352502822876
0.5374730414451294	0.5760091081136961	30.229352474212646
0.5396755030845405	0.6605040287439392	30.259352445602417
0.5412822984029821	0.6640500161485221	30.299352407455444
0.542653108296437	0.66612401810125	30.329352617263794
0.5434143977805499	0.6683607597069126	30.359352588653564
0.5448586066805334	0.6695831601062116	30.399352550506592
0.5453737947868302	0.6708871311114116	30.429352521896362
0.5457911800770676	0.6714614388900457	30.459352493286133
0.5453728410239141	0.6727418184585737	30.49935245513916
0.5447838553345626	0.6731291814749963	30.52935242652893
0.5451010220041848	0.674107523974151	30.5593523979187
0.544417637251647	0.6738944186943279	30.599352598190308
0.543463852600759	0.6743743365920741	30.629352569580078
0.5428585568334746	0.6733038127069573	30.65935254096985
0.5904438586668161	0.49990539928927313	30.699352502822876
0.5886477810487576	0.5002536455753958	30.729352474212646
0.5890392269641227	0.5012720015792521	30.759352445602417
0.5886361790768271	0.502320125294755	30.799352407455444
0.5885892031316906	0.5045669467565657	30.829352617263794
0.5891673547459344	0.5068313206343145	30.859352588653564
0.5900755387862956	0.5086759012295518	30.899352550506592
0.5898507774930908	0.5095744931505058	30.929352521896362
0.5888716009427369	0.5091611838780041	30.959352493286133
0.5874302828037167	0.5093878930194308	30.99935245513916
0.5870174971318409	0.5100598049741729	31.02935242652893
0.5858301053265571	0.5089736236728787	31.0593523979187
0.5847967600621752	0.5090225508768175	31.099352598190308
0.5841140099787684	0.5090632451379355	31.129352569580078
0.5832318503771375	0.5078610659196681	31.15935254096985
0.5720045695559889	0.5006251408593551	31.199352502822876
0.5393606574751595	0.5166291629594549	31.229352474212646
0.5476648640787962	0.46014100109698514	31.299352407455444
0.5607850565689548	0.46635109482070747	31.329352617263794
0.5647512069700834	0.46990079308683524	31.359352588653564
0.5684905841154321	0.47278856075696996	31.399352550506592
0.5709312517091738	0.47574704666674794	31.429352521896362
0.5719204023351611	0.4772798193953076	31.459352493286133
0.5725283448033075	0.47917059440163035	31.49935245513916
0.5735992208291119	0.47961074966112394	31.52935242652893
0.5751336234443583	0.4813888025836442	31.5593523979187
0.5766787718921104	0.4823489484327965	31.599352598190308
0.5766996285110972	0.48347193569645613	31.629352569580078
0.5772007529998217	0.4840504665525294	31.65935254096985
0.5778051792857636	0.4851054926864806	31.699352502822876
0.7961450591308888	0.6188877039913121	31.759352445602417
0.8054022890261456	0.6399322214557047	31.799352407455444
0.8065713566191062	0.6449465502393362	31.829352617263794
0.8090005399286996	0.6510975254992286	31.859352588653564
0.8101855671478347	0.6556300403665187	31.899352550506592
0.8113041955657335	0.6569878493188267	31.929352521896362
0.8116613431029943	0.6600325377701508	31.959352493286133
0.8120770794885195	0.6612325230450771	31.99935245513916
0.8090521867771282	0.6604871242230587	32.02935242652893
0.7279355918021012	0.6491376024632489	32.0593523979187
0.727589928965248	0.6525247323037234	32.09935259819031
0.730240159388237	0.654905143192445	32.12935256958008
0.7312546877069991	0.6559039806289059	32.15935254096985
0.732712058336227	0.6589689568957389	32.199352502822876
0.732164582812409	0.6592577127414819	32.22935247421265
0.7330947490548382	0.6616549382236067	32.25935244560242
0.7349265583927673	0.6622094503202366	32.299352407455444
0.7363713851539744	0.663532916463273	32.329352617263794
0.7360976400143621	0.6643492515003013	32.359352588653564
0.7379000999713736	0.6677241341233596	32.39935255050659
0.7375287659505456	0.6684920222974124	32.42935252189636
0.7384659054786873	0.6693173570301808	32.45935249328613
0.675324980897436	0.6019869846754516	32.49935245513916
0.5050487091663572	0.5076628501048337	32.52935242652893
0.5046976504416576	0.5118234266651128	32.5593523979187
0.5041989765979603	0.5181950235906244	32.59935259819031
0.5040505679139355	0.5233258122240352	32.62935256958008
0.5038972295273777	0.5280133946754365	32.65935254096985
0.5044494708496617	0.5322454613590871	32.699352502822876
0.5048806253786575	0.534944081081041	32.72935247421265
0.5046798974960516	0.5353373626863858	32.75935244560242
0.5050203419266709	0.5384618201347525	32.799352407455444
0.5052150514544039	0.5410045732009	32.829352617263794
0.5045944520771605	0.5427937971956502	32.859352588653564
0.5044194740816998	0.543741634527908	32.89935255050659
0.5048528073487738	0.5457617874576624	32.92935252189636
0.5057314442490609	0.5477847828580307	32.95935249328613
0.5068242657611588	0.549512379921936	32.99935245513916
0.5077240175632555	0.5523355114994042	33.02935242652893
0.5097922208114599	0.5535839345461456	33.0593523979187
0.5109447205790577	0.5554787663612311	33.09935259819031
0.5116602240585109	0.5563706175892628	33.12935256958008
0.5122438989170085	0.557781701614574	33.15935254096985
0.5125587084332949	0.5576066030546083	33.199352502822876
0.5135149334535958	0.5586824540148508	33.22935247421265
0.5133262411529603	0.5604252346260727	33.25935244560242
0.5136459781874569	0.5612804644496509	33.299352407455444
0.5138016921230263	0.5622337602193107	33.329352617263794
0.5139666172718399	0.5625184280735441	33.359352588653564
0.5143620927894675	0.5639627765542593	33.39935255050659
0.5150305847670323	0.5626914072585134	33.42935252189636
0.5145612250614217	0.5628986176372726	33.45935249328613
0.5138303206293426	0.5615827373901927	33.49935245513916
0.5145076172905759	0.5613411936908596	33.52935242652893
0.5145070360490698	0.5608206463152672	33.5593523979187
0.5140545905523711	0.5613952886567433	33.59935259819031
0.5143921806212903	0.5621581118236252	33.62935256958008
0.5127291052672294	0.5613227580708876	33.65935254096985
0.5123889932416291	0.5612054159019936	33.699352502822876
0.513556125986548	0.5612562482318855	33.72935247421265
0.5149266204226878	0.5624273917958741	33.75935244560242
0.5145111816324043	0.5627394953266948	33.799352407455444
0.5135237171586247	0.5615754011697162	33.829352617263794
0.5130767539942769	0.5610893849971637	33.859352588653564
0.5121009291737487	0.5617688595416301	33.89935255050659
0.5116345762822897	0.5597455275922448	33.92935252189636
0.5107446496012344	0.5588765482212458	33.95935249328613
0.5105130215041565	0.5587162441376362	33.99935245513916
0.5103457463465721	0.5579867760001358	34.02935242652893
0.5106326022663636	0.5579647659739825	34.0593523979187
0.5104423113793762	0.5576542518280823	34.09935259819031
0.5112990290963454	0.556566246153189	34.12935256958008
0.5105849760106016	0.5552963940752382	34.15935254096985
0.5111149955724947	0.5550678853640583	34.199352502822876
0.5108542506108081	0.5545817650051114	34.22935247421265
0.5112074747804549	0.5543392576033611	34.25935244560242
0.5118265930011471	0.5527840730437046	34.299352407455444
0.5103593443990622	0.5529836193845389	34.329352617263794
0.5106086305409971	0.5527862664649208	34.359352588653564
0.5101452887549695	0.5524127555189525	34.39935255050659
0.5099889333500637	0.5530863866995493	34.42935252189636
0.5110721566222419	0.5541780494390447	34.45935249328613
0.5118614939449773	0.553372988782982	34.49935245513916
0.5111285640338704	0.5532904380152067	34.52935242652893
0.5096584471794193	0.5539899581679641	34.5593523979187
0.5110580456133079	0.5570023218417158	34.59935259819031
0.5478169272781668	0.6094160686577992	34.62935256958008
0.5487142874353311	0.6144945005041009	34.65935254096985
0.5490149247583797	0.6175304814629636	34.699352502822876
0.5491077036719785	0.6201490391324466	34.72935247421265
0.5483628031254671	0.6221438183680097	34.75935244560242
0.5483333424316964	0.6232994880944089	34.799352407455444
0.5472301393044675	0.6215190106497259	34.829352617263794
0.5466709558947191	0.624832536742611	34.859352588653564
0.5491929768139695	0.6138150460674209	34.89935255050659
0.6072731523072271	0.48007906820078206	34.92935252189636
0.6070344000758203	0.48243461454123765	34.95935249328613
0.6054868268772455	0.4821452479616645	34.99935245513916
0.6053482003438547	0.4830284357914082	35.02935242652893
0.6051594079315846	0.48574499914648817	35.0593523979187
0.6051532403141745	0.4862206294546368	35.09935259819031
0.6061370966641242	0.48862413553378176	35.12935256958008
0.6068733113953328	0.4910820321142903	35.15935254096985
0.606525019858031	0.4933096530793217	35.199352502822876
0.6064516797640751	0.4928888730324962	35.22935247421265
0.60697231034327	0.4947147931203887	35.25935244560242
0.601246592157639	0.49198075581904915	35.299352407455444
0.5646936464899471	0.512442568484598	35.329352617263794
0.5643693104284038	0.5129242319988226	35.359352588653564
0.5641059190511317	0.5158271517340768	35.39935255050659
0.5649525579647284	0.5185789865186347	35.42935252189636
0.5652817795215048	0.5187185409091751	35.45935249328613
0.5658262686416353	0.5194138433852318	35.49935245513916
0.6095006682685925	0.4693452610939893	35.52935242652893
0.6095259908389715	0.4735895619720347	35.5593523979187
0.6099408343451402	0.4750152784046595	35.59935259819031
0.6095247810046539	0.473685042617773	35.62935256958008
0.6096051345742891	0.4740117130201514	35.65935254096985
0.610095145912743	0.47147360019810997	35.699352502822876
0.6091764645192117	0.47349456123425004	35.72935247421265
0.6099474288579024	0.4731935091428849	35.75935244560242
0.6092942106152983	0.47283470119929144	35.799352407455444
0.6084387810222657	0.47714891323795405	35.829352617263794
0.6080051551857305	0.47522618193514116	35.859352588653564
0.6082140463900925	0.4820911223066455	35.89935255050659
0.6085753143981194	0.4829024546046116	35.92935252189636
0.6091025584336762	0.48314806464986937	35.95935249328613
0.6099562302816754	0.484120610027769	35.99935245513916
0.6104944983696592	0.48571560484768805	36.02935242652893
0.5768730815805788	0.5101584932226368	36.0593523979187
0.5757032923519123	0.5223566899276202	36.09935259819031
0.575062333679464	0.5235367037965747	36.12935256958008
0.574786069610621	0.5256081530663136	36.15935254096985
0.5740348768303384	0.5262195065992116	36.199352502822876
0.5733055224704913	0.5250158407257636	36.22935247421265
0.5728618733351509	0.52742711771311	36.25935244560242
0.572516716681111	0.5288845900852404	36.299352407455444
0.5723376799580584	0.5296139762201246	36.329352617263794
0.5715320302167957	0.528970829333262	36.359352588653564
0.5718387193788235	0.5294320070376782	36.39935255050659
0.5716717662098707	0.528505418552853	36.42935252189636
0.5706174706579231	0.5280653430493373	36.45935249328613
0.5696558010489432	0.5285203731451914	36.49935245513916
0.5693077634849971	0.5291741626505743	36.52935242652893
0.5499716480857332	0.5454774024407867	36.5593523979187
0.5435221637659212	0.5644509838533585	36.609352588653564
0.5440085912064166	0.567592605623247	36.62935256958008
0.5447511383435908	0.5690802715926155	36.65935254096985
0.5450820018227978	0.5701673174607068	36.699352502822876
0.5458326185857916	0.5698827705662842	36.72935247421265
0.5463713876554173	0.5704523647247427	36.75935244560242
0.5463061569647416	0.5725837766344277	36.799352407455444
0.5451520666993256	0.5727098263798659	36.829352617263794
0.40862015820869163	0.5363223326001139	36.89935255050659
0.40739575547249685	0.5388012715121567	36.92935252189636
0.4079676047350455	0.5425922328621696	36.95935249328613
0.40874179278934003	0.5456728831767172	36.99935245513916
0.4095666147754772	0.5473707811047287	37.02935242652893
0.40953865646706483	0.5493000913981422	37.0593523979187
0.40919509172810914	0.549896234779552	37.09935259819031
0.410142935673787	0.5501368879276508	37.12935256958008
0.4103230672212573	0.5518000476738864	37.15935254096985
0.40968653935425586	0.5498367419501309	37.199352502822876
0.3815930203380731	0.5304985316534351	37.22935247421265
0.3817623885688964	0.5323026137869552	37.25935244560242
0.38214613412257203	0.5338832058751423	37.299352407455444
0.38218482954687294	0.5363463740947079	37.329352617263794
0.38304262061329425	0.5392627515968829	37.359352588653564
0.3830183479405481	0.5395856193117748	37.39935255050659
0.3835015794334202	0.5403663156729611	37.42935252189636
0.3850657727121134	0.5410174809229887	37.45935249328613
0.38597219315409637	0.543403487108902	37.49935245513916
0.38649884978693166	0.5442228847507735	37.52935242652893
0.3866754167940704	0.5445735930033649	37.5593523979187
0.38673309120400573	0.5448264445950896	37.59935259819031
0.38665438845704014	0.5446887511562967	37.62935256958008
0.3640915175588087	0.5192089711678158	37.65935254096985
0.3628216283627586	0.5189167294043711	37.699352502822876
0.3633592502487612	0.5186513956501403	37.72935247421265
0.36325337438052135	0.5204127493652939	37.75935244560242
0.36409709548489194	0.5202984818125383	37.799352407455444
0.3633835970488697	0.519368553161769	37.829352617263794
0.3641836181830041	0.5200521224816302	37.859352588653564
0.3648640223288586	0.5209377958833725	37.89935255050659
0.3640748929056301	0.5206733105243281	37.92935252189636
0.36355586985127514	0.5231032984386949	37.95935249328613
0.3635294578429545	0.5226328195748854	37.99935245513916
0.3639438489520839	0.5231871095480223	38.02935242652893
0.3637163154812501	0.5231605322413672	38.0593523979187
0.3631255787274098	0.5232383878230308	38.09935259819031
0.3632087942296732	0.5234706910229734	38.12935256958008
0.3634871669857781	0.5262444079151891	38.15935254096985
0.36370000499343597	0.5267197049845158	38.199352502822876
0.36411735181465715	0.5280800234516989	38.22935247421265
0.3627491168591346	0.5264797603567722	38.25935244560242
0.3456227876188232	0.5292584442014426	38.299352407455444
0.3455406009339423	0.5323976399112021	38.329352617263794
0.34570038553686433	0.5313906981942329	38.359352588653564
0.34602728785007275	0.5325960599506229	38.39935255050659
0.34551096949610616	0.5322430640009745	38.42935252189636
0.3451950240997161	0.5309621840701797	38.45935249328613
0.34619710876930126	0.5306145146108987	38.49935245513916
0.3459076537013391	0.5319685139007176	38.52935242652893
0.3451996191405749	0.5317746490324208	38.5593523979187
0.3450297400678095	0.5313889265494328	38.59935259819031
0.34385786995111794	0.5298598151446284	38.62935256958008
0.32092552253064693	0.5306128328009548	38.65935254096985
0.3197800501265875	0.5301018116422178	38.699352502822876
0.3195164111026971	0.53058971957746	38.72935247421265
0.31839622920406124	0.529468117056767	38.75935244560242
0.3186721708365812	0.5298442379555083	38.799352407455444
0.31943214376721185	0.5298586207482864	38.829352617263794
0.31970600695609125	0.5293515446365861	38.859352588653564
0.31961565303081146	0.5314499206451421	38.89935255050659
0.3197404320877552	0.5325839196202153	38.92935252189636
0.3453196328309946	0.6502830223858851	38.95935249328613
0.34596614919923124	0.6561129370347742	38.99935245513916
0.3468352735296428	0.6621249068780156	39.02935242652893
0.345361073510333	0.6637660412002492	39.0593523979187
0.3295699484741429	0.6605559578500124	39.09935259819031
0.4315123809926405	0.6479084945377837	39.25935244560242
0.433116379989636	0.6461170223580226	39.299352407455444
0.43671570314086416	0.6483493976790122	39.329352617263794
0.44026036919687506	0.6526256263582693	39.359352588653564
0.4398698105276925	0.65002276470722	39.39935255050659
0.4314507830048013	0.6323318830160265	39.42935252189636
0.4314507830048013	0.6323318830160265	39.62935256958008
0.4314507830048013	0.6323318830160265	39.65935254096985
0.4314507830048013	0.6323318830160265	39.699352502822876
0.4314507830048013	0.6323318830160265	39.72935247421265
0.40263437995372087	0.6790148481056242	39.75935244560242
0.40001133821608764	0.6795179957962486	39.799352407455444
0.39586796985715056	0.6761394460242224	39.829352617263794
0.2937761893252143	0.6710229910413353	39.859352588653564
0.2826935434938125	0.670411819574632	39.89935255050659
0.2954132514794821	0.6666419454680649	39.92935252189636
0.2919732762823691	0.6662751002673843	39.95935249328613
