COORDENADA X	 COORDENADA Y	 TEMPO
0.37343122225084135	0.5872734228105637	0.005935192108154297
0.3748231255266306	0.5888082394490762	0.04593515396118164
0.3742651702925874	0.588219363060314	0.07593512535095215
0.37355583683685356	0.5882300162901354	0.10593509674072266
0.37387483108403236	0.5879647847427473	0.1459352970123291
0.3734425054526606	0.5871524780037021	0.1759352684020996
0.373069743562364	0.58741405958859	0.20593523979187012
0.3729833034250661	0.5871933280992003	0.24593520164489746
0.3726224257465759	0.5858337275363911	0.27593517303466797
0.4784108959963659	0.5621312292235614	0.3459351062774658
0.47796556897023557	0.5588164264027946	0.37593507766723633
0.478150781883258	0.5574951507165768	0.4159352779388428
0.42292845267510826	0.6497638660446172	0.4859352111816406
0.41887619237689183	0.6579699099938542	0.5359351634979248
0.4194710067699917	0.6594625007295664	0.5759351253509521
0.4229523132703414	0.6656618555311571	0.6059350967407227
0.4205138903278647	0.6618821040840974	0.6359350681304932
0.42078828611370894	0.6612048515813554	0.6659352779388428
0.4118037378702394	0.6564689380031105	0.7059352397918701
0.25780965253692845	0.6204547777510666	0.7459352016448975
0.26050785921842035	0.6248215334901609	0.8259351253509521
0.26087911689881427	0.6298609526617371	0.8459351062774658
0.28004656612693396	0.6205743258998587	0.9059352874755859
0.4021629333811837	0.6104254962710671	0.9459352493286133
0.40632446922351867	0.6200787957331562	0.965935230255127
0.4062870867183082	0.6197096045254318	0.9859352111816406
0.3930802323081546	0.6097893090095075	1.0059351921081543
0.3458849212724766	0.4500201309604382	1.0459351539611816
0.3880040457635491	0.5820422978115689	1.145935297012329
0.4008898426080361	0.5814872869615934	1.1759352684020996
0.40146187786499055	0.5836440988890339	1.2059352397918701
0.4097060838818188	0.5833501123602954	1.2459352016448975
0.43826097805697817	0.33237363897860955	1.3059351444244385
0.4364091422495227	0.3284994457227518	1.3459351062774658
0.436407488468886	0.3310335293562848	1.3759350776672363
0.4344312743411395	0.3335940114275789	1.405935287475586
0.4359479276564301	0.33170493088695	1.4459352493286133
0.4350777376787292	0.34024242306521496	1.4759352207183838
0.43313770155354764	0.34917476668256414	1.5059351921081543
0.4327154374631857	0.3552665903039084	1.5459351539611816
0.44198875870304843	0.33518834254673746	1.5759351253509521
0.44245089435752616	0.34074360383083957	1.6059350967407227
0.4356565404970118	0.35107262921820903	1.645935297012329
0.27854645084167956	0.29842195496481644	1.6759352684020996
0.2771039795027729	0.29635490764516675	1.7059352397918701
0.27791034371965295	0.3161475368773214	1.7459352016448975
0.2809015153004421	0.31903738780463553	1.775935173034668
0.2863168728224561	0.3262095601089406	1.8059351444244385
0.28800081483595136	0.3272419617722666	1.8459351062774658
0.2903447404208074	0.333090989439885	1.8759350776672363
0.28906268500331683	0.34167580977713713	1.905935287475586
0.3095045188531334	0.28844693081086314	1.9459352493286133
0.30890555334957037	0.284321348066701	1.9759352207183838
0.30991033233368337	0.27332386215117777	2.0059351921081543
0.307197487260321	0.2748957866252271	2.0459351539611816
0.3074043857285833	0.27381129804661963	2.075935125350952
0.2844247867321854	0.2879558400626817	2.1059350967407227
0.2836800116650843	0.2916068896216292	2.145935297012329
0.2860831211900845	0.29094820843661123	2.1759352684020996
0.28284626206990054	0.2943788429265276	2.20593523979187
0.28261502139447253	0.2975306008545528	2.2459352016448975
0.2873712974899738	0.29480994590475107	2.275935173034668
0.3180136581560878	0.28338687477467245	2.3059351444244385
0.31716218997261664	0.28406546745381817	2.345935106277466
0.31826944481847685	0.2840210221948414	2.3759350776672363
0.31740348576247535	0.28482952047913923	2.405935287475586
0.3188879675862459	0.2840535632701138	2.4459352493286133
0.3200904254494769	0.2828582707936152	2.475935220718384
0.3216166811066075	0.2792555133792793	2.5059351921081543
0.32161377094669114	0.2778922202699225	2.5459351539611816
0.32091211112706763	0.27991736158151087	2.575935125350952
0.32092528285176347	0.279343011073443	2.6059350967407227
0.32000939064606176	0.2802232575331313	2.645935297012329
0.3197648274429169	0.2806652928952108	2.6759352684020996
0.3414181794722278	0.2732150841216271	2.70593523979187
0.3412272758277209	0.2745324675652595	2.7459352016448975
0.3401736529931658	0.2762095860403741	2.775935173034668
0.3401398615986933	0.2758257109968708	2.8059351444244385
0.3406235479987715	0.27680135905098185	2.845935106277466
0.34148032236133286	0.2781923686839802	2.8759350776672363
0.34009548241301557	0.2777834270175307	2.905935287475586
0.34032962270851136	0.27818732939696994	2.9459352493286133
0.3404586936735196	0.27851539820783644	2.975935220718384
0.34090525601954946	0.2791815481315785	3.0059351921081543
0.3734464194613955	0.2835354488906123	3.0459351539611816
0.3893376456529025	0.281667553578564	3.135935068130493
0.3898044205986976	0.2829498435606101	3.155935287475586
0.3890724050927578	0.283236891447106	3.1759352684020996
0.38909305072185635	0.2844522925003232	3.20593523979187
0.38955269789638525	0.28636268905888784	3.2459352016448975
0.3891156517568946	0.2857476416707824	3.275935173034668
0.4155068976387016	0.2807521597565661	3.3059351444244385
0.41221440616873284	0.27483589122892177	3.345935106277466
0.4146429131136312	0.2774461065743869	3.3759350776672363
0.41475106645665166	0.2772557914898858	3.405935287475586
0.41445271953717344	0.2779340261337603	3.4459352493286133
0.41490802625936213	0.2796169203950066	3.475935220718384
0.41502642598957973	0.2797390971527431	3.5059351921081543
0.4155585653763461	0.280826472198641	3.5459351539611816
0.4174723258306183	0.2840017742241748	3.575935125350952
0.4381573110283306	0.2723625919552906	3.6059350967407227
0.43802702569270435	0.2744054280783946	3.645935297012329
0.43880535714821695	0.27591693530014	3.6759352684020996
0.4402587383825006	0.277053668544949	3.70593523979187
0.4422982649805756	0.2783429569525761	3.7459352016448975
0.4417307208795138	0.2783852481110334	3.775935173034668
0.44252124725604347	0.27933500103934594	3.8059351444244385
0.44230105176318807	0.2821323843100343	3.845935106277466
0.4469289364249686	0.28955150108003425	3.8759350776672363
0.4461703455417282	0.29234698461660397	3.905935287475586
0.44945889202139383	0.2919053678010556	3.9459352493286133
0.4438493921036019	0.2860587088253742	3.975935220718384
0.44394549207879946	0.28330886045684256	4.005935192108154
0.4440797732347007	0.2790913071307214	4.045935153961182
0.44391163134703965	0.27774469504116006	4.075935125350952
0.4443402838531473	0.2788232212987569	4.105935096740723
0.4443095446719527	0.27711540897849246	4.145935297012329
0.4441457480998124	0.2774970889630671	4.1759352684021
0.4442460444452508	0.2747982838101242	4.20593523979187
0.40838138224661813	0.25858616379015403	4.2459352016448975
0.4081223119568371	0.2629889582414351	4.275935173034668
0.40850055742937497	0.26350471615830395	4.3059351444244385
0.40819524822589887	0.264456079372158	4.345935106277466
0.41368374378368233	0.27340285852065055	4.375935077667236
0.4140794802099263	0.27439923467828636	4.405935287475586
0.4130466649137422	0.2760942097971446	4.445935249328613
0.41287976411053495	0.27667127173876893	4.475935220718384
0.4130791248549587	0.2780801786591963	4.505935192108154
0.41287732943635785	0.27888948307487205	4.545935153961182
0.4138960119135764	0.28061212517453454	4.575935125350952
0.44701059392951453	0.2805276579347902	4.605935096740723
0.44840682266418275	0.2826230293323732	4.645935297012329
0.44952464627765853	0.28636181142154754	4.6759352684021
0.4501929609200062	0.28760493675445936	4.70593523979187
0.44976514718191507	0.28824119827670164	4.7459352016448975
0.4492468657320522	0.2887998667265047	4.775935173034668
0.4491213497993516	0.2879640995822491	4.8059351444244385
0.44830247740855905	0.28730240477166913	4.845935106277466
0.4344868624339434	0.2805156476126479	4.875935077667236
0.41482237765525665	0.279103804699972	4.905935287475586
0.4151389750729484	0.281601195023017	4.945935249328613
0.4147950963782555	0.28066056674278783	4.975935220718384
0.4149144761997703	0.28055096515699585	5.005935192108154
0.41539749617776955	0.2809858800101846	5.045935153961182
0.4157331779243346	0.2822568487328433	5.075935125350952
0.4159746680376845	0.2834587812198054	5.105935096740723
0.4157410539908811	0.28392007889048626	5.145935297012329
0.4154661244317959	0.28335145547431667	5.1759352684021
0.41576972717149047	0.28313996744850206	5.20593523979187
0.4151687961571179	0.28250733725475347	5.2459352016448975
0.41507349169611735	0.28264343224389676	5.275935173034668
0.41492782416943824	0.2809349803853828	5.3059351444244385
0.41468987534065627	0.28143688993203086	5.345935106277466
0.41389464912478535	0.2822172444365046	5.375935077667236
0.4135252767574284	0.2807616072564054	5.405935287475586
0.43546467304062964	0.25703845374633105	5.445935249328613
0.4971487863323023	0.25130920317744887	5.475935220718384
0.498088636946668	0.25470693795857496	5.505935192108154
0.4992598886228567	0.2574067500867343	5.545935153961182
0.49918797304287854	0.2587716466410193	5.575935125350952
0.4991359185563378	0.2594446956409161	5.605935096740723
0.4989159008517354	0.26067713542730525	5.645935297012329
0.49792233285398424	0.2624621836901335	5.6759352684021
0.4982699701653276	0.26243372928092823	5.70593523979187
0.49799572462903147	0.26179029082310157	5.7459352016448975
0.49800202003783123	0.26383844852250704	5.775935173034668
0.49893014465770713	0.26363517347429527	5.8059351444244385
0.49989233255205867	0.2640620288360388	5.845935106277466
0.4990057297491929	0.2648581239388904	5.875935077667236
0.4981286028703026	0.2661615920925898	5.905935287475586
0.49909820229051843	0.2667678201594607	5.945935249328613
0.501119741141638	0.2640708811744556	5.975935220718384
0.5329806149115367	0.26675009997518484	6.005935192108154
0.5333690099705048	0.26697927499338797	6.045935153961182
0.5346319801918	0.26969070034647435	6.075935125350952
0.5355276950645876	0.2713619871470762	6.105935096740723
0.535616476344112	0.27346843522811787	6.145935297012329
0.5352381480400662	0.2751718606990429	6.1759352684021
0.5356579631617208	0.2768196708050128	6.20593523979187
0.5360393802330105	0.2794267043683841	6.2459352016448975
0.5376239917293223	0.2807449557681921	6.275935173034668
0.5848530996865461	0.3159678502060604	6.3059351444244385
0.5866034509137383	0.32119856150624987	6.345935106277466
0.5881021097137935	0.3258059721948047	6.375935077667236
0.589654578757234	0.3257007745431484	6.405935287475586
0.5901670621072916	0.3276674142299799	6.445935249328613
0.5901685704218002	0.3303534729739593	6.475935220718384
0.5909475547836213	0.3307004088259524	6.505935192108154
0.5904871049364628	0.32929626677775675	6.545935153961182
0.5907272190688042	0.32964978160591774	6.575935125350952
0.5912099564101294	0.3306612332183627	6.605935096740723
0.5901330513903255	0.33066648427463735	6.645935297012329
0.5920391153310182	0.32619834092984207	6.6759352684021
0.6004594576180255	0.3108004238061174	6.70593523979187
0.6004148505601894	0.31385555277019017	6.7459352016448975
0.599682588358427	0.3149501133400807	6.775935173034668
0.5987334029616752	0.31459791360787825	6.8059351444244385
0.5981345275333438	0.31305107021968276	6.845935106277466
0.598342345422292	0.3115899212964202	6.875935077667236
0.5972623563918136	0.3104246215933871	6.905935287475586
0.5968981492209485	0.3110799797251052	6.945935249328613
0.5954285870369131	0.3102633438469575	6.975935220718384
0.5330204806510981	0.30261885522070603	7.005935192108154
0.5357504619643297	0.30296033025585084	7.045935153961182
0.5357555039632714	0.30630666038911436	7.075935125350952
0.5355391105820475	0.3092916500972765	7.105935096740723
0.5358770725578919	0.3110865203924622	7.145935297012329
0.5376096549909465	0.31068734591945524	7.1759352684021
0.5937043431112167	0.30496653250732514	7.20593523979187
0.5944958051734671	0.3068989956982113	7.2459352016448975
0.5947378841691388	0.30833750258762227	7.275935173034668
0.5955224436398808	0.30939505017457325	7.3059351444244385
0.5951215499955106	0.31030326702331423	7.345935106277466
0.593975314534311	0.3096916597736155	7.375935077667236
0.5943874199397512	0.3115372112648086	7.405935287475586
0.594493869578656	0.31044888622785527	7.445935249328613
0.5936054175163243	0.31092387491228607	7.475935220718384
0.5937694359554966	0.31129696944426244	7.505935192108154
0.5944905905934739	0.31405513075689206	7.545935153961182
0.5934660617255735	0.3130055123337698	7.575935125350952
0.5933905483686341	0.31222001814085604	7.605935096740723
0.5922997591651484	0.3141253201326207	7.645935297012329
0.5915705534807354	0.3146417980395725	7.6759352684021
0.5920909449175813	0.3167587701639613	7.70593523979187
0.5913200627878976	0.31685492654356	7.7459352016448975
0.5916960746901404	0.3179041337950963	7.775935173034668
0.5920512476348918	0.31846539160789444	7.8059351444244385
0.5917924784882609	0.3194642387587871	7.845935106277466
0.5925154004173075	0.3190578175574524	7.875935077667236
0.5929954532669184	0.321278667776634	7.905935287475586
0.5956672019883485	0.3192967714047313	7.945935249328613
0.5956491532738943	0.3219951608366988	7.975935220718384
0.5959251017351241	0.32288778876606455	8.005935192108154
0.5956958924236105	0.32382668609939824	8.045935153961182
0.595484722797936	0.32379870072168326	8.075935125350952
0.595580374462099	0.32387529647046337	8.105935096740723
0.5948318716325888	0.3240506328020149	8.145935297012329
0.5945125170311621	0.32446441849680197	8.1759352684021
0.5904190023312792	0.3195812335464202	8.20593523979187
0.571671799623588	0.32676520857885355	8.245935201644897
0.57207097574462	0.3263465920815664	8.275935173034668
0.5710336487241624	0.3276643066428807	8.305935144424438
0.5699772460515674	0.3269426784193287	8.345935106277466
0.5693948422073388	0.3265710274066052	8.375935077667236
0.5687413890133313	0.32595182024358665	8.405935287475586
0.5685592757943294	0.3263350047250246	8.445935249328613
0.5680876206119154	0.32611618354612054	8.475935220718384
0.5672779166564077	0.32652655538670816	8.505935192108154
0.5666982136352325	0.32819674707899643	8.545935153961182
0.5694050615196096	0.3313299446634951	8.575935125350952
0.5912917689968142	0.35397531613471095	8.605935096740723
0.5911387700283736	0.3550354974413058	8.645935297012329
0.5917863844837042	0.3581055097134276	8.6759352684021
0.5920903349243658	0.3598883472211918	8.70593523979187
0.5930208928706483	0.36206896197224797	8.745935201644897
0.5926868906359725	0.36318830663129675	8.775935173034668
0.5470135417560238	0.328544952809203	8.805935144424438
0.5479920996865013	0.32792733107581146	8.845935106277466
0.548721081962818	0.3315357383474341	8.875935077667236
0.5491470102712706	0.3340098835464967	8.905935287475586
0.5488936277460974	0.3350866950734923	8.945935249328613
0.5483148239222161	0.33462780564508054	8.975935220718384
0.5483728339710805	0.33502113225228475	9.015935182571411
0.5478247168796653	0.3350317430710992	9.045935153961182
0.5466170956564288	0.3341275215852783	9.075935125350952
0.5465305659951708	0.3341543557028052	9.11593508720398
0.5322682650578807	0.33707294636674234	9.145935297012329
0.521287137748476	0.35418148933910737	9.1759352684021
0.5218218302541943	0.35481413746816515	9.20593523979187
0.5227166591219597	0.35821050504585916	9.245935201644897
0.5235808876284064	0.35987560530256174	9.275935173034668
0.5242093578401749	0.36045459064471586	9.315935134887695
0.5237735613206957	0.36161493308968423	9.345935106277466
0.5237327522637586	0.3627301033355388	9.375935077667236
0.5227960487589521	0.365229806050577	9.405935287475586
0.5149358723700665	0.3819787076523594	9.445935249328613
0.5162698568077421	0.3818153161752047	9.475935220718384
0.5166598433363008	0.38234310389772136	9.515935182571411
0.5165511398952227	0.3825032993733999	9.545935153961182
0.5163961321120448	0.3850641390609566	9.575935125350952
0.5162169728971502	0.3862036608866242	9.61593508720398
0.5169763977662931	0.3871749583980543	9.645935297012329
0.5169887991371409	0.38610001736400046	9.6759352684021
0.5167637382481493	0.38681294309511277	9.715935230255127
0.5368879047113357	0.35340622182759096	9.745935201644897
0.5378548633240637	0.34880012164987	9.775935173034668
0.5390431603838889	0.3489541273849778	9.815935134887695
0.5399914798721497	0.35123901679181496	9.845935106277466
0.5398607420005817	0.3520268578622101	9.875935077667236
0.5388184911365992	0.3509776327299681	9.915935277938843
0.5154380479448502	0.3736167839157172	9.945935249328613
0.5422691471770166	0.3409664573771158	10.045935153961182
0.5557970145771082	0.33118168884709376	10.075935125350952
0.5575587305580277	0.33169964093863685	10.11593508720398
0.5624061279850663	0.33575099973037703	10.145935297012329
0.5651304926600806	0.34038666036312576	10.1759352684021
0.5681848363817144	0.34252961590085007	10.215935230255127
0.5702057063522759	0.3439089487017354	10.245935201644897
0.5708953847853389	0.3439886370729693	10.275935173034668
0.5712954164844875	0.34387556355095994	10.315935134887695
0.5715640240980256	0.3433017367419525	10.345935106277466
0.5713988721502499	0.3416680017073413	10.375935077667236
0.5156893664305047	0.32125573556452425	10.415935277938843
0.5172791227612091	0.322694577028049	10.445935249328613
0.5175591325216453	0.32490418116733316	10.475935220718384
0.5182027139178207	0.3267449536988719	10.515935182571411
0.5193982381802645	0.3283857693397623	10.545935153961182
0.5203569380734039	0.3291366271304634	10.575935125350952
0.521116271943139	0.3297745354177467	10.61593508720398
0.5214853539683854	0.33110119439277125	10.645935297012329
0.5210170122295905	0.3309542196839361	10.6759352684021
0.5215587578485747	0.3306949359088913	10.715935230255127
0.5227300197799563	0.33153947649002025	10.745935201644897
0.5230463099869774	0.33263321340454177	10.775935173034668
0.5219686122424422	0.3740152813929188	10.815935134887695
0.5222767420069143	0.374658119320375	10.845935106277466
0.5222460883856652	0.3779106790861032	10.875935077667236
0.5223216669488572	0.3793848720428472	10.915935277938843
0.5217795030455038	0.37881341440447885	10.945935249328613
0.5216887043166376	0.3800545361865054	10.975935220718384
0.5216347777880627	0.37969706407377435	11.015935182571411
0.49164731505714065	0.3730163678808373	11.045935153961182
0.4924718853124931	0.37609335889572015	11.075935125350952
0.49222330237794154	0.3780445853578547	11.11593508720398
0.4914019240062683	0.3785699944592123	11.145935297012329
0.4912901398778705	0.377493244514882	11.1759352684021
0.49225068497274505	0.37895388235137	11.215935230255127
0.49191644061442535	0.3786761649457343	11.245935201644897
0.4918955330853146	0.3800507131828372	11.275935173034668
0.47516148817103193	0.3658044083911294	11.315935134887695
0.4610181531600391	0.3632040761311404	11.345935106277466
0.4613122034101532	0.3638360989006775	11.375935077667236
0.46217172402701073	0.36549982811608267	11.415935277938843
0.4629722875732244	0.36651219493498355	11.445935249328613
0.46356869620138524	0.3671169014930127	11.475935220718384
0.4632015474733219	0.3674802275700016	11.515935182571411
0.4633111656215628	0.36626158635224065	11.545935153961182
0.46314559469360256	0.3661029271867053	11.575935125350952
0.48951984728703896	0.35265682587664016	11.61593508720398
0.48899163524743966	0.35267512136466134	11.645935297012329
0.4895612775189413	0.3550047847547477	11.6759352684021
0.4902511394163728	0.35709647655474086	11.715935230255127
0.4904477477969741	0.3583196950924673	11.745935201644897
0.4910837071744186	0.35951041025353553	11.775935173034668
0.4933986529734955	0.3601157266505211	11.815935134887695
0.5176906466904377	0.3749081795356129	11.845935106277466
0.5191764367117352	0.3764928177854817	11.875935077667236
0.5201237896983864	0.3791734083606999	11.915935277938843
0.5208319404487239	0.3795147699450407	11.945935249328613
0.5202852610799386	0.3801040269835696	11.975935220718384
0.5197420213314711	0.38233607108986994	12.015935182571411
0.5205848935543528	0.3822309968337084	12.045935153961182
0.517739587553996	0.38228532373517055	12.075935125350952
0.4338936282478807	0.3574888733935135	12.11593508720398
0.43437673348638084	0.3595752681200727	12.145935297012329
0.43465324183642745	0.3629654342554576	12.1759352684021
0.43641016578366865	0.3649985218318444	12.215935230255127
0.4368695577583038	0.3675029392208169	12.245935201644897
0.4372856223508586	0.3692563190836995	12.275935173034668
0.4361443717709961	0.36823160576505937	12.315935134887695
0.4364185194521156	0.36908600560577604	12.345935106277466
0.4371457094549672	0.37028352678675525	12.375935077667236
0.43711037249152374	0.3698643708906623	12.415935277938843
0.4395305795180242	0.3697326818569723	12.445935249328613
0.4650421106275487	0.3727726964208953	12.475935220718384
0.4647813510950172	0.37495909808081823	12.515935182571411
0.4652547362434962	0.37452358093238725	12.545935153961182
0.46493284076805946	0.3754432935060301	12.575935125350952
0.4653994019000397	0.37734992962058284	12.61593508720398
0.46568316387431435	0.3787394146145326	12.645935297012329
0.4663173526637877	0.379054059599669	12.6759352684021
0.4666061027696586	0.3809412948799849	12.715935230255127
0.5061557835696429	0.39063904210445693	12.745935201644897
0.5296865050859618	0.4057313161659386	12.775935173034668
0.5306730667220222	0.4087375320958902	12.815935134887695
0.5319375002925936	0.4129413035410757	12.845935106277466
0.5334738044538564	0.4152499361669935	12.875935077667236
0.5343340109762381	0.41814620198391456	12.915935277938843
0.5356048850634236	0.4191681479262743	12.945935249328613
0.5361515806073412	0.4197895132744119	12.975935220718384
0.534156118134718	0.3989068066089478	13.015935182571411
0.5339141934758986	0.3982591222766429	13.045935153961182
0.5320905572022073	0.3963521870299558	13.075935125350952
0.5313174871221702	0.3959842675607591	13.11593508720398
0.5313146143907063	0.3968104481137761	13.145935297012329
0.5313416005167003	0.395400324925012	13.1759352684021
0.5306068904465232	0.39460483987680184	13.215935230255127
0.5302488344313098	0.3935168385402845	13.245935201644897
0.5299725203255108	0.39326519657683023	13.275935173034668
0.5284872708777704	0.3926932203524324	13.315935134887695
0.5284805704658844	0.39243249706021216	13.345935106277466
0.5277742280797969	0.391298078064319	13.375935077667236
0.5267459733535035	0.3912753780232618	13.415935277938843
0.5288244133146959	0.3920612923654115	13.445935249328613
0.562672511809391	0.411295649021577	13.475935220718384
0.5632361735276519	0.41483033610933373	13.515935182571411
0.5640703621737472	0.41776511845410264	13.545935153961182
0.564685940195396	0.42013766803512925	13.575935125350952
0.5662949865176818	0.422844375610885	13.61593508720398
0.5674897662440996	0.4239576277013841	13.645935297012329
0.5686615734941066	0.42663900019506634	13.6759352684021
0.5657735618586599	0.42396181331516697	13.715935230255127
0.538159561001073	0.41536945634099853	13.745935201644897
0.5395421036781115	0.4174690428222208	13.775935173034668
0.5400154366274922	0.41822116862869724	13.815935134887695
0.5394995677100071	0.4191504846690432	13.845935106277466
0.5180793687302027	0.38637028629768344	13.875935077667236
0.5167418127500212	0.3858605077808164	13.915935277938843
0.5146957360568829	0.3850320033671433	13.945935249328613
0.5142913262333734	0.3860152928103361	13.975935220718384
0.514065955230677	0.38762358647303885	14.015935182571411
0.5147507102136546	0.3886474028829181	14.045935153961182
0.5142948959867331	0.3887590304030389	14.075935125350952
0.47871463289327815	0.35845505920857484	14.11593508720398
0.4627137273510291	0.3583172643675473	14.145935297012329
0.4613639699229411	0.35768497370008145	14.1759352684021
0.46070964723708324	0.3587717902916871	14.215935230255127
0.46035239022229607	0.36045552820356114	14.245935201644897
0.46116603695161734	0.3612813190326903	14.275935173034668
0.4620531780377209	0.36292699275392826	14.315935134887695
0.38322367649236566	0.31539252987542543	14.345935106277466
0.3595450046627834	0.3271566649897704	14.375935077667236
0.3595971906840773	0.32958815645561323	14.415935277938843
0.36026845043969086	0.332062279509742	14.445935249328613
0.360633915861802	0.33539202162678133	14.475935220718384
0.36068911435953205	0.3360945558194096	14.515935182571411
0.360490641016117	0.3370495721424568	14.545935153961182
0.3610847932954095	0.33847284296681174	14.575935125350952
0.36082569544558146	0.33989555073094146	14.61593508720398
0.33955954817847733	0.3029398230757662	14.645935297012329
0.3391495026374354	0.3022822326061113	14.6759352684021
0.33923905025685863	0.3043760471178252	14.715935230255127
0.33940852787989345	0.3050652807052675	14.745935201644897
0.3396916996431155	0.30498252075099935	14.775935173034668
0.4310027929614708	0.3018140760136786	14.845935106277466
0.4325078192289572	0.3072304236622187	14.875935077667236
0.4338282453013991	0.3101307357844157	14.915935277938843
0.4346532714715059	0.3119033927628851	14.945935249328613
0.43487314882190037	0.3149239146079591	14.975935220718384
0.4358798467569533	0.3175449906991685	15.015935182571411
0.43720520925316253	0.31914229099714647	15.045935153961182
0.43728330334046384	0.320911404228561	15.075935125350952
0.4447074580952424	0.3146821921802694	15.11593508720398
0.4983943325761464	0.2949674188176523	15.145935297012329
0.4999492535957582	0.2983300973791608	15.1759352684021
0.5009406477188743	0.2995418131210264	15.215935230255127
0.5021359442853124	0.30040818102662253	15.245935201644897
0.5027623831024103	0.30092761450700706	15.275935173034668
0.502744870741983	0.30113142345972643	15.315935134887695
0.5028129640278354	0.30193956165088065	15.345935106277466
0.5028779183766723	0.3023094400272985	15.375935077667236
0.5025279755946495	0.30296883153453913	15.415935277938843
0.501440958220432	0.3019876148053261	15.445935249328613
0.5012645566397889	0.30060308614743697	15.475935220718384
0.515860882663934	0.29194893535043576	15.515935182571411
0.5169544257874054	0.29251431604936845	15.545935153961182
0.5163344773170512	0.29368456712189067	15.575935125350952
0.5162687503915352	0.2930868055001	15.61593508720398
0.5161255429551157	0.29302169941800954	15.645935297012329
0.5167386403441078	0.2936480127200497	15.6759352684021
0.5162700559721392	0.29304528998284973	15.715935230255127
0.5161582089090977	0.2947437527326953	15.745935201644897
0.5164334513216071	0.29647242974096616	15.775935173034668
0.516587950397482	0.29803678111842036	15.815935134887695
0.5161085635143569	0.2981961827705193	15.845935106277466
0.5458568514768068	0.3117531017243652	15.875935077667236
0.5459738747499547	0.31600334714164785	15.915935277938843
0.5477156564803686	0.3198307408507055	15.945935249328613
0.5485914259655693	0.3215619057238981	15.975935220718384
0.5486328612872763	0.3228812956547347	16.01593518257141
0.5474973563095089	0.32311775156781675	16.04593515396118
0.5476371230977399	0.3225354136172612	16.075935125350952
0.5487267203857593	0.32495218937874804	16.11593508720398
0.548375913046405	0.3245195448521216	16.14593529701233
0.5518122308939655	0.32563922692107794	16.1759352684021
0.5687456127175737	0.3313686625676606	16.215935230255127
0.5680155052104923	0.3318902841822658	16.245935201644897
0.5671100503602169	0.33078547314088924	16.275935173034668
0.567199841212797	0.3317105956017151	16.315935134887695
0.5660911522766947	0.3315272412081021	16.345935106277466
0.566091335290754	0.33137216541639647	16.375935077667236
0.5653113278625357	0.33106943487772267	16.415935277938843
0.5667666970575918	0.33189276130378753	16.445935249328613
0.5676882582742345	0.33266597386189034	16.475935220718384
0.5689158564265102	0.3334124590181854	16.51593518257141
0.5682688051186247	0.3315794274041048	16.54593515396118
0.5680165105871797	0.3321413424622002	16.575935125350952
0.5678811810690603	0.33072703035165446	16.61593508720398
0.5678551871988722	0.3323298859017689	16.64593529701233
0.5041320614466102	0.33506046909965176	16.6759352684021
0.5046632712048067	0.34403544692589094	16.715935230255127
0.5045410479967338	0.34500710591749345	16.745935201644897
0.5047482286144128	0.34701297353227234	16.775935173034668
0.5048631226136767	0.34772950091845245	16.815935134887695
0.504979405476474	0.34754164848649743	16.845935106277466
0.5045605296596919	0.34877233766023785	16.875935077667236
0.504439993456551	0.3485072585485738	16.915935277938843
0.5041670170914575	0.3486079900618402	16.945935249328613
0.5078363855647758	0.3492441020407269	16.975935220718384
0.5076137554463548	0.351387352763213	17.01593518257141
0.5068910120147059	0.353021180518638	17.04593515396118
0.507548493993482	0.3515947619563145	17.075935125350952
0.5070921520908546	0.354117442087512	17.11593508720398
0.505558328191524	0.35476777185691	17.14593529701233
0.4724173194264039	0.34970240061706387	17.1759352684021
0.4739529621384889	0.3505972465693935	17.215935230255127
0.47557516931505833	0.3518355404875543	17.245935201644897
0.4753975354647159	0.3546011573914565	17.275935173034668
0.4765965584933964	0.3551189862721888	17.315935134887695
0.47682599908033535	0.3567833968453844	17.345935106277466
0.4771330898710475	0.3575780981603564	17.375935077667236
0.4773469717786161	0.3576082460433686	17.415935277938843
0.47846102702983656	0.35715483919486096	17.445935249328613
0.47934257219358717	0.3586736954941821	17.475935220718384
0.4602762708700844	0.3715223183696593	17.51593518257141
0.4602561654966163	0.3733495139203148	17.54593515396118
0.45973166015637246	0.3761705373116296	17.575935125350952
0.4591445151488106	0.3780710237118764	17.61593508720398
0.4594069273924196	0.3803267715516643	17.64593529701233
0.4587334678329434	0.37974238096129087	17.6759352684021
0.4587151093702635	0.38089060862362656	17.715935230255127
0.45869877225070527	0.3820640123335384	17.745935201644897
0.45835248062647277	0.3813190675305059	17.775935173034668
0.4580652302650636	0.38206079940170024	17.815935134887695
0.45750267073320794	0.3823580865012552	17.845935106277466
0.47230877073225297	0.36870843314081997	17.875935077667236
0.47731680506898344	0.3665460624268247	17.915935277938843
0.47907541672162646	0.36803041712388773	17.945935249328613
0.4811328228150217	0.3679805189193212	17.975935220718384
0.48237152769739394	0.3695130456566209	18.01593518257141
0.48277643472056025	0.37058841199576886	18.04593515396118
0.48376115121253166	0.37110426647176736	18.075935125350952
0.48349606383992844	0.37318116915081473	18.11593508720398
0.4833226820850386	0.3720230448477573	18.14593529701233
0.48257302838471317	0.3714710564827765	18.1759352684021
0.48265332762729785	0.37172125783123056	18.215935230255127
0.4828627597497661	0.37236987840075453	18.245935201644897
0.48244377918730713	0.3727411142825999	18.275935173034668
0.482383270873083	0.3724639792777147	18.315935134887695
0.4823545051407433	0.37136332911837	18.345935106277466
0.48274563262120845	0.3713639098200246	18.375935077667236
0.49362660368099215	0.3808780922564421	18.415935277938843
0.4968538351904137	0.38443305884946166	18.445935249328613
0.4989497010843699	0.38979641654325736	18.475935220718384
0.5000596884220513	0.3917433042256169	18.51593518257141
0.5001378083089845	0.3927166774486101	18.54593515396118
0.5005064236157921	0.39261557641357475	18.575935125350952
0.501941920185681	0.393150543490951	18.61593508720398
0.5013508356073516	0.3937225131338419	18.64593529701233
0.5028770596596635	0.3942767438315415	18.6759352684021
0.503378592918684	0.39321103928907486	18.715935230255127
0.5031053946046471	0.39124899043298184	18.745935201644897
0.5029399106902629	0.3904283416757062	18.775935173034668
0.5278310324554089	0.38534878653436516	18.815935134887695
0.5290677926058589	0.38554704628794073	18.845935106277466
0.5296846824955634	0.3865834493740874	18.875935077667236
0.529698110321914	0.3863367903170469	18.915935277938843
0.5287647219927145	0.3856866877568871	18.945935249328613
0.5292055113390428	0.3864464994412417	18.975935220718384
0.5292622889839227	0.38708706359807565	19.01593518257141
0.5287272110815414	0.38812654572049754	19.04593515396118
0.5273913017531858	0.3884688434991339	19.075935125350952
0.527019559349994	0.3885413740187734	19.11593508720398
0.5269195639032584	0.3892061386616873	19.14593529701233
0.5254355177173674	0.38814468872618535	19.1759352684021
0.5236855340939873	0.3824660761437576	19.215935230255127
0.5214275540782342	0.37671306906374546	19.245935201644897
0.5219953515269492	0.37130023533992323	19.275935173034668
0.523156827361198	0.3709193831763685	19.315935134887695
0.5240119192017185	0.37134646855448444	19.345935106277466
0.52382373634159	0.3721042502769995	19.375935077667236
0.4654440138259113	0.3762795956095644	19.415935277938843
0.46804361380631715	0.3800499329653772	19.445935249328613
0.46788258226648693	0.3845395757061792	19.475935220718384
0.4685444154019299	0.3861707687702888	19.51593518257141
0.46814498440508856	0.3871828908503605	19.54593515396118
0.46795423914697426	0.38785361660284784	19.575935125350952
0.4682037119866785	0.38880800656457537	19.61593508720398
0.46803024128019033	0.3894364779399666	19.64593529701233
0.4682678066778597	0.389407898005658	19.6759352684021
0.46862797911681964	0.3892935735454377	19.715935230255127
0.4690440605879015	0.39055504179075473	19.745935201644897
0.4688428628226224	0.3900578582616014	19.775935173034668
0.4660626994891597	0.3867655563379616	19.815935134887695
0.42508395057697423	0.3816855655025369	19.845935106277466
0.42522757110834014	0.3842472291186183	19.875935077667236
0.42609267623169744	0.3859628599238013	19.915935277938843
0.4264248220491146	0.38690079796640614	19.945935249328613
0.427356919914354	0.3887019188108589	19.975935220718384
0.42819534482611976	0.3893809231699666	20.01593518257141
0.4293089511979277	0.3923283773153179	20.04593515396118
0.429717867378992	0.3942103579126825	20.075935125350952
0.429817342905039	0.3952400760506495	20.11593508720398
0.43016345613247386	0.39533507994310346	20.14593529701233
0.4294868210114035	0.39654836917262826	20.1759352684021
0.42599542135640844	0.39210133982470435	20.215935230255127
0.40941762440832336	0.3968685774549471	20.245935201644897
0.40950772825260134	0.4004150166506819	20.275935173034668
0.40924057360331084	0.4013132056614705	20.315935134887695
0.40909769351487607	0.40085180378329277	20.345935106277466
0.4096449005885171	0.4039593721523348	20.375935077667236
0.40955119853928923	0.4040979005062478	20.415935277938843
0.39700671942697113	0.39379831087678185	20.445935249328613
0.39791357221547635	0.3966923017105455	20.475935220718384
0.3973978146492504	0.3981878317540969	20.51593518257141
0.39757373765134474	0.3980476071943895	20.54593515396118
0.39731325176955806	0.39798651970504484	20.575935125350952
0.3972453319197192	0.39945203567226684	20.61593508720398
0.39743336204437496	0.3986546846025319	20.64593529701233
0.404408211441125	0.3925976833553112	20.6759352684021
0.461480199132174	0.37660028688766345	20.715935230255127
0.4640590949474683	0.3794924900091625	20.745935201644897
0.4664425436124394	0.3820241677105086	20.775935173034668
0.4677315351089195	0.38468912433930513	20.815935134887695
0.46860541142146855	0.3868882683437969	20.845935106277466
0.47541210355088226	0.38242313599670685	20.875935077667236
0.5029649751140981	0.3768756068100493	20.915935277938843
0.503525081072768	0.3776341853332111	20.945935249328613
0.5043063927973163	0.3777791535136751	20.975935220718384
0.5046064388338494	0.37942266716733314	21.01593518257141
0.5046954769510091	0.38095203548220535	21.04593515396118
0.5050946303454935	0.38164754172140614	21.075935125350952
0.5054098709784491	0.38124877731989354	21.11593508720398
0.5043980381778568	0.3811641254797357	21.14593529701233
0.499539336472923	0.3715137219858969	21.1759352684021
0.49774659902955365	0.3685724046015682	21.215935230255127
0.49710096242793705	0.3685062492527849	21.245935201644897
0.49602622182483125	0.3674461554167758	21.275935173034668
0.49574950837951803	0.36835689707573505	21.315935134887695
0.4953355230051512	0.36801227254067126	21.345935106277466
0.49565724358778435	0.368535534095455	21.375935077667236
0.4962573929477428	0.3680449396061727	21.415935277938843
0.49704576472214007	0.36816745588419636	21.445935249328613
0.49662131374686963	0.3674295227263695	21.475935220718384
0.4743713605689197	0.3569355907636056	21.51593518257141
0.47342297956145574	0.35901315786433313	21.54593515396118
0.47274587723848505	0.36054423057609775	21.575935125350952
0.47203766194599417	0.3600308766025007	21.61593508720398
0.47134274408394183	0.3611952981047805	21.64593529701233
0.47080721599081715	0.3610984444177661	21.6759352684021
0.4703429424621133	0.3620377801336944	21.715935230255127
0.47053096446723747	0.36181016677738626	21.745935201644897
0.4710034374340479	0.3607794302828719	21.775935173034668
0.4700642512176105	0.3595568932129757	21.815935134887695
0.46930986814616854	0.35879330416628014	21.845935106277466
0.4475059755758989	0.3615140630877808	21.875935077667236
0.44553104326029813	0.3614469979675467	21.915935277938843
0.4452884787370233	0.36072557161743146	21.945935249328613
0.44483009466902446	0.36109213620677233	21.975935220718384
0.44435569203083153	0.36098215830744224	22.01593518257141
0.44543932232557076	0.3626624268480935	22.04593515396118
0.445699351183288	0.36385084052224576	22.075935125350952
0.4451940452240741	0.36357031261200573	22.11593508720398
0.4456054833491822	0.36372541188976604	22.14593529701233
0.4466885548973411	0.36422228700651105	22.1759352684021
0.4464291399140387	0.3646794927818933	22.215935230255127
0.4456374722831678	0.36549730699380284	22.245935201644897
0.44542614283950327	0.3661508713461312	22.275935173034668
0.4451743261175048	0.36630875851755973	22.315935134887695
0.4422863208713151	0.36168288926515785	22.345935106277466
0.42043399757325955	0.35562605144973763	22.375935077667236
0.41959990349935655	0.3564238737846519	22.415935277938843
0.4193796196636085	0.3571898816267362	22.445935249328613
0.41920717147197295	0.35996810844256694	22.475935220718384
0.4192066082507709	0.35996416168645506	22.51593518257141
0.42020842326465974	0.3609176463887421	22.54593515396118
0.4206126302227031	0.3624729071969691	22.575935125350952
0.41990033764255724	0.36110184150649954	22.61593508720398
0.40989643122934266	0.36085384670881393	22.64593529701233
0.3975693608278819	0.3645963602147167	22.6759352684021
0.3971991410784216	0.36704592525658314	22.715935230255127
0.3975021966136263	0.3686588986576694	22.745935201644897
0.3977999333504105	0.3713797954690924	22.775935173034668
0.3987749748517705	0.3737469440718211	22.815935134887695
0.48008029764945515	0.3623638610768697	22.845935106277466
0.482268796672853	0.36577018745146034	22.875935077667236
0.4844673143025002	0.37044855484252615	22.915935277938843
0.485544227458234	0.3738837251804205	22.945935249328613
0.4875004058580375	0.37887619535012257	22.975935220718384
0.4879978474440002	0.3816198214008142	23.01593518257141
0.4895180112538184	0.38236191642649525	23.04593515396118
0.489576013849552	0.3838642927724705	23.075935125350952
0.48974294118157163	0.3841770028708881	23.11593508720398
0.4897262684310368	0.3842030908728467	23.14593529701233
0.48007427348169895	0.375098707727339	23.1759352684021
0.4513177189950107	0.36860838290169196	23.215935230255127
0.4513766996652101	0.37121718912876367	23.245935201644897
0.4517571984267261	0.37326520804423996	23.275935173034668
0.4524042061443908	0.3746277145933296	23.315935134887695
0.4521229391965702	0.37560594615770226	23.345935106277466
0.45260185987092644	0.37567252935615486	23.375935077667236
0.45184067007407563	0.3758221571566477	23.415935277938843
0.4523232598616159	0.37746290571169566	23.445935249328613
0.46871311328886267	0.40296322075360536	23.475935220718384
0.4696061139258816	0.406291066961473	23.51593518257141
0.47069730183617287	0.40877381200560464	23.54593515396118
0.47051753015981335	0.409909699972497	23.575935125350952
0.46952203270678045	0.4101696576618053	23.61593508720398
0.4706987629738832	0.4120418692955305	23.64593529701233
0.4709352891519051	0.4116841005223248	23.6759352684021
0.4708057164200242	0.41212824034803497	23.715935230255127
0.43179562920538783	0.38648325452889876	23.745935201644897
0.40946023421640754	0.39430571819395066	23.775935173034668
0.40904532192633036	0.39745647556609587	23.815935134887695
0.40933430953112376	0.39895514205584803	23.845935106277466
0.4092597745101492	0.40040887634640415	23.875935077667236
0.4092299544787377	0.40006989889461	23.915935277938843
0.40610221410927105	0.39775769106415354	23.945935249328613
0.38401611398592767	0.40795631326884957	23.975935220718384
0.3844701599335911	0.409260345490537	24.01593518257141
0.3838285147934784	0.4094065135177478	24.04593515396118
0.3829818859350327	0.4096073121856136	24.075935125350952
0.3836318571595298	0.40999046637280767	24.11593508720398
0.3845151452162889	0.41179419817662966	24.14593529701233
0.4109710241744716	0.45062840119179526	24.1759352684021
0.42221305896620076	0.46160070496232514	24.215935230255127
0.4230054244838265	0.46423388423138595	24.245935201644897
0.42345822702495367	0.4669865114492452	24.275935173034668
0.4234611349265699	0.46840320887867587	24.315935134887695
0.42303867407379664	0.46931442858188444	24.345935106277466
0.36743256474479974	0.43646430285912496	24.375935077667236
0.3676272636554157	0.4368032157941182	24.415935277938843
0.3668897048507435	0.4383017326594247	24.445935249328613
0.3673072452856707	0.4406203600055816	24.475935220718384
0.36734658375864926	0.4420375439944319	24.51593518257141
0.3665664349433824	0.4421637492250971	24.54593515396118
0.36716510550549203	0.444182353656075	24.575935125350952
0.36729040102395166	0.44544246437106017	24.61593508720398
0.36714021531146956	0.4454567919214767	24.64593529701233
0.367239688520171	0.4461566048644998	24.6759352684021
0.3668290878679366	0.44664607842416437	24.715935230255127
0.3668093014988165	0.4460278735539219	24.745935201644897
0.366217062826554	0.4461317916214787	24.775935173034668
0.36685823320110506	0.4467018189380321	24.815935134887695
0.3677336735435965	0.4486201028540259	24.845935106277466
0.3676691945112312	0.4486024601808209	24.875935077667236
0.505747053760146	0.42084167529028865	24.945935249328613
0.5070783050902228	0.42515168706530343	24.975935220718384
0.509337574376351	0.4308314758620346	25.01593518257141
0.5106593621890971	0.43728997446991036	25.04593515396118
0.5117340843458374	0.4415041127135765	25.075935125350952
0.5125895446548481	0.44445696915409805	25.11593508720398
0.5140967540356521	0.44597813409188325	25.14593529701233
0.5512961015087893	0.44092987589408594	25.1759352684021
0.5523415733105981	0.44455955472243475	25.215935230255127
0.5535389092397967	0.44713338377939427	25.245935201644897
0.554306454459971	0.44926359315634284	25.275935173034668
0.5544862588359116	0.4498318228564458	25.315935134887695
0.5549451002140359	0.45063881721299504	25.345935106277466
0.5543776664735407	0.4511967498421376	25.375935077667236
0.553746971789235	0.45118852279520966	25.415935277938843
0.5530370317766117	0.45097227366154885	25.445935249328613
0.5520023203911195	0.44949461229665183	25.475935220718384
0.46913080496614834	0.44377369560408514	25.51593518257141
0.46937830580370954	0.4442771918858836	25.54593515396118
0.4687098114753929	0.4488477747496736	25.575935125350952
0.4695375235191362	0.451751214033646	25.61593508720398
0.47011485993308044	0.4557347724541411	25.64593529701233
0.47017743736977863	0.4572349036970424	25.6759352684021
0.470101253596879	0.457066843841404	25.715935230255127
0.4693253591714067	0.45822925885702387	25.745935201644897
0.4696823041487983	0.4588440270144171	25.775935173034668
0.4672409959759467	0.4539271212696817	25.815935134887695
0.4386124091494521	0.4496825269519104	25.845935106277466
0.43891802131172236	0.4500753239721269	25.875935077667236
0.43898323780930626	0.4517238247150037	25.915935277938843
0.4390759264193425	0.45273182402865697	25.945935249328613
0.4390277308028215	0.4534267091619867	25.975935220718384
0.43861674858016064	0.4529264308521518	26.01593518257141
0.43834191668147937	0.45362527470427116	26.04593515396118
0.43839770804527944	0.4535337338428373	26.075935125350952
0.4382465147602751	0.45350971554307407	26.11593508720398
0.43802484480120757	0.4544992905663643	26.14593529701233
0.4396273941924165	0.45517075509818145	26.1759352684021
0.5088018270251328	0.4354061872361808	26.215935230255127
0.5121252700285498	0.4376222073533191	26.245935201644897
0.5164668540653996	0.4425488985156543	26.275935173034668
0.5080416255204	0.43846201420196557	26.315935134887695
0.4980560886226568	0.46140346563636425	26.475935220718384
0.5062374137300476	0.46219483007421097	26.51593518257141
0.5106391937611602	0.460745580046033	26.54593515396118
0.5130103845098196	0.4631110471451437	26.575935125350952
0.5163370813618808	0.4629283984829293	26.61593508720398
0.5180308204446741	0.4617993520121972	26.64593529701233
0.5185307396516375	0.4620843351928385	26.6759352684021
0.518690136161386	0.4598825018923333	26.715935230255127
0.5187882625255043	0.4602409790709501	26.745935201644897
0.5190228825814254	0.4590449819391266	26.775935173034668
0.5190243366977556	0.4592885874476102	26.815935134887695
0.5299833433188985	0.4370649804390375	26.845935106277466
0.5513840177720066	0.4355329460567034	26.875935077667236
0.5510298051729631	0.4374146618666349	26.915935277938843
0.5519421485321154	0.44014199631115236	26.945935249328613
0.5526861732003499	0.44038423996037224	26.975935220718384
0.5532148940342888	0.44191938022249183	27.01593518257141
0.5532471102884899	0.4420531917703417	27.04593515396118
0.5538905786258965	0.4433698336486873	27.075935125350952
0.5548481594502592	0.4452542479303513	27.11593508720398
0.5528466722152002	0.4438416729149056	27.14593529701233
0.4962474213404416	0.4149338605226983	27.1759352684021
0.49676406054841094	0.41784477968274963	27.215935230255127
0.49824763038296543	0.4211799032326014	27.245935201644897
0.49981795971110315	0.4234288455797322	27.275935173034668
0.4998104654787239	0.42594151661794727	27.315935134887695
0.4994997285354027	0.42657319691446133	27.345935106277466
0.4992956719980067	0.42599158409337967	27.375935077667236
0.4984697185700263	0.4265909466049094	27.415935277938843
0.500008919585247	0.4241728708087917	27.445935249328613
0.5187496747478321	0.3965399527477783	27.475935220718384
0.5160361789032207	0.3969868645467635	27.51593518257141
0.5184009546408561	0.39771150723757676	27.54593515396118
0.5168787848734917	0.39736442769666735	27.575935125350952
0.516208789329128	0.3981247863232683	27.61593508720398
0.36638702740446777	0.39533267771169234	27.6759352684021
0.3686503055281527	0.40223752960310966	27.715935230255127
0.36811524096738246	0.40703634115738313	27.745935201644897
0.36861544438294114	0.4109383826095035	27.775935173034668
0.3696242048097804	0.4142743842834024	27.815935134887695
0.37143041433130397	0.4246194570234776	27.845935106277466
0.3757514083048919	0.4522321879637694	27.875935077667236
0.37550824463251126	0.4552020911387676	27.915935277938843
0.37491104197344427	0.45461061899564176	27.945935249328613
0.3749807541783971	0.4539861404079333	27.975935220718384
0.3757142204386453	0.4537920091139144	28.01593518257141
0.3749782490405647	0.4558006554542947	28.04593515396118
0.3754249948729743	0.4556582434415922	28.075935125350952
0.3763370913818519	0.45677125677747765	28.11593508720398
0.37707864116322254	0.45730534766480024	28.14593529701233
0.37662827547148703	0.4574538868449382	28.1759352684021
0.37717839288440835	0.45971861867974134	28.215935230255127
0.3653492185551335	0.44660719331733284	28.245935201644897
0.3638220619058013	0.4431892562362108	28.275935173034668
0.36334781715029696	0.4441610924795528	28.315935134887695
0.363789526748186	0.44264072844769037	28.345935106277466
0.3645043125304144	0.4428738860184454	28.375935077667236
0.36546390272766144	0.4438984299065641	28.415935277938843
0.36553062208688025	0.4437089871843346	28.445935249328613
0.3642892304650672	0.4414962034636889	28.475935220718384
0.3634239927181912	0.4417191617233266	28.51593518257141
0.364154421871774	0.44080781185225515	28.54593515396118
0.36307322774648837	0.43989290027149724	28.575935125350952
0.3623245531749002	0.44122939422626745	28.61593508720398
0.3621867526217156	0.44376405562780324	28.64593529701233
0.36174251389311307	0.4436959955657057	28.6759352684021
0.3619565995842222	0.44123934170815254	28.715935230255127
0.36104340557674913	0.44286564459897004	28.745935201644897
0.36090522429349886	0.43925244019061155	28.775935173034668
0.36256242464492305	0.4377808780319507	28.815935134887695
0.3810837890651047	0.42077821867872794	28.845935106277466
0.3826984618749451	0.42331754501009805	28.875935077667236
0.38204801660402415	0.4217171599985054	28.915935277938843
0.3825372016717212	0.4242727160573235	28.945935249328613
0.38246678610002555	0.4246425820243631	28.975935220718384
0.38255132673966724	0.4246324390580733	29.01593518257141
0.38419142577688453	0.42549438458494077	29.04593515396118
0.38431187502791037	0.4252808380625355	29.075935125350952
0.3850863076012772	0.4262144142343002	29.11593508720398
0.4166666720417889	0.4150664903854361	29.14593529701233
0.41820055803290324	0.41746918588435766	29.1759352684021
0.4191632622665715	0.4185049735041655	29.215935230255127
0.4194982928400808	0.4189233079751658	29.245935201644897
0.4195853262320111	0.42008396379575424	29.275935173034668
0.4200113438275311	0.42105087581667655	29.315935134887695
0.4207310777484149	0.42163923938060055	29.345935106277466
0.42064916031818356	0.42237513612655375	29.375935077667236
0.5127525793346246	0.41742693716376295	29.445935249328613
0.5133988087170444	0.42053137877038355	29.475935220718384
0.514798649634137	0.4233380049962233	29.51593518257141
0.5153923667551307	0.42551460219599463	29.54593515396118
0.5162892847766584	0.4279987934904734	29.575935125350952
0.516458184344701	0.42809871378383946	29.61593508720398
0.5169898210100047	0.4297981744122862	29.64593529701233
0.5176057026287948	0.43153956790654396	29.6759352684021
0.5174060018528631	0.43172586887511916	29.715935230255127
0.5186587865842834	0.4335186318088877	29.745935201644897
0.5191619792622224	0.4338098178737363	29.775935173034668
0.5181051159695579	0.4336350996472798	29.815935134887695
0.5182036567220436	0.4348006044707002	29.845935106277466
0.5189342588834407	0.4356386634922501	29.875935077667236
0.519265003911931	0.4374336149618026	29.915935277938843
0.5182734674800411	0.43766327944393	29.945935249328613
0.5278579862260119	0.4303355024106194	29.975935220718384
0.5496814376982194	0.4447933411787646	30.01593518257141
0.5501604536946371	0.44940552047200105	30.04593515396118
0.5503274740486233	0.4516335781289625	30.075935125350952
0.5508773293150804	0.45231822139776506	30.11593508720398
0.5500845320668922	0.45390123177157343	30.14593529701233
0.5498207374196107	0.4531302019043929	30.1759352684021
0.5495425878161053	0.45182783573140006	30.215935230255127
0.4914027870179126	0.4323046009490875	30.245935201644897
0.49209812730739527	0.4330240525268213	30.275935173034668
0.49083075398675663	0.43244971763266454	30.315935134887695
0.49078890962984645	0.43501875211870084	30.345935106277466
0.49048421934638886	0.4359854097843149	30.375935077667236
0.4898349585622942	0.4372193855033816	30.415935277938843
0.4901885485644752	0.43851320573988906	30.445935249328613
0.4902368734528115	0.440606303136278	30.475935220718384
0.49022911425830085	0.44058185051334814	30.51593518257141
0.4899545452785263	0.43922645221842926	30.54593515396118
0.48977198297902086	0.4398014796719574	30.575935125350952
0.48935183047933967	0.44104072478400036	30.61593508720398
0.48974757447327694	0.44120459904093723	30.64593529701233
0.48978265681080385	0.4414261054393604	30.6759352684021
0.48883467167193173	0.43907581615368363	30.715935230255127
0.4548748854379637	0.41804623919667666	30.745935201644897
0.4548003217040586	0.4205766937767082	30.775935173034668
0.4543594293502624	0.42291003695367996	30.815935134887695
0.45432086207935285	0.42279504917973504	30.845935106277466
0.45156229394486497	0.4212775178943695	30.875935077667236
0.3743280959021741	0.42053484020492155	30.915935277938843
0.3752027167615663	0.42206497794254505	30.945935249328613
0.3748885958048746	0.42567055968325895	30.975935220718384
0.3759700318705019	0.4294388993624841	31.01593518257141
0.3757472756929736	0.4309787481639165	31.04593515396118
0.37600171983348707	0.4333553255558036	31.075935125350952
0.3764240809477947	0.43297482129355436	31.11593508720398
0.3756958443660571	0.4336257433935078	31.14593529701233
0.3765666618131986	0.43589461366298327	31.1759352684021
0.3773743217725039	0.437246198732365	31.215935230255127
0.3608230835227128	0.435407917312413	31.245935201644897
0.36138079111117655	0.43776778430047475	31.275935173034668
0.3612029371972448	0.4380944456710904	31.315935134887695
0.3606916322986766	0.43845924745499587	31.345935106277466
0.35988179923190095	0.4373001043721456	31.375935077667236
0.35945695478426887	0.43867166889817183	31.415935277938843
0.36037453284998705	0.4380078242846932	31.445935249328613
0.36050253353865036	0.4378990067738581	31.475935220718384
0.36045710180061213	0.43886777953882095	31.51593518257141
0.3966415607871151	0.4256002176973918	31.54593515396118
0.3994246491133323	0.42700442372497305	31.575935125350952
0.3997665289480377	0.42905358823440576	31.61593508720398
0.4008627110680609	0.42900644558510126	31.64593529701233
0.4007560671569096	0.42899252163520474	31.6759352684021
0.40137857483805545	0.42997050118119867	31.715935230255127
0.4024156806768229	0.4299339910076632	31.745935201644897
0.402178400210041	0.4268354559926418	31.775935173034668
0.40258800675787876	0.42665348858998475	31.815935134887695
0.4035379409714608	0.4279502001185706	31.845935106277466
0.40407797633498665	0.4279323802598195	31.875935077667236
0.4033506424679594	0.42289195272265706	31.915935277938843
0.37584294452961164	0.3966110988505408	31.945935249328613
0.37536625788144323	0.39521230253348777	31.975935220718384
0.3742928325510401	0.39706767720299546	32.01593518257141
0.3737855897402447	0.4010127112213723	32.04593515396118
0.37367314602028395	0.4034804100537368	32.07593512535095
0.37329439793065017	0.40572228079569395	32.11593508720398
0.3730491190951973	0.4059933992255886	32.14593529701233
0.3730695237918048	0.4073791368203685	32.1759352684021
0.37195056497222395	0.4087782269371974	32.21593523025513
0.3545892845170379	0.40816005547499323	32.2459352016449
0.3549607467286652	0.40990225185058476	32.27593517303467
0.3553194843937665	0.41200746953399353	32.315935134887695
0.3554295281556025	0.4139502094899983	32.345935106277466
0.3557270781948758	0.41656883143613976	32.375935077667236
0.3565433118752264	0.4185327886874388	32.41593527793884
0.35614445196501093	0.4192509604814575	32.44593524932861
0.35588419996674986	0.4208175256541891	32.475935220718384
0.35692086966479336	0.42208966314377927	32.51593518257141
0.35660383544629864	0.42226643797827834	32.54593515396118
0.35672462323705373	0.4241258022292403	32.57593512535095
0.3433330142844125	0.4013851740488957	32.61593508720398
0.34347112691551157	0.40078558551208154	32.64593529701233
0.34307347187762527	0.401511800465079	32.6759352684021
0.3429208867706316	0.40329845104826684	32.71593523025513
0.34296209324297944	0.4035529272330598	32.7459352016449
0.3429354501035089	0.4049129482738321	32.77593517303467
0.3424529662222207	0.404345140705227	32.815935134887695
0.3424613285855608	0.4036372324259612	32.845935106277466
0.34350495699560274	0.4015153170737277	32.875935077667236
0.38521948502084497	0.37037589703898344	32.91593527793884
0.3854850560634458	0.3742600945859196	32.94593524932861
0.3867831197526731	0.3768974499058669	32.975935220718384
0.3888804856734706	0.3790200596318444	33.01593518257141
0.452354199967959	0.3463049638985409	33.04593515396118
0.4540786470425988	0.3493129721304042	33.07593512535095
0.45477395113093805	0.3546418852743069	33.11593508720398
0.4571193766420264	0.3583047879027225	33.14593529701233
0.45728265484019864	0.3590332197389732	33.1759352684021
0.4575489692581495	0.3610408096858028	33.21593523025513
0.4574332663821109	0.3619165092068154	33.2459352016449
0.47503154354389354	0.3834001403821151	33.27593517303467
0.4826513150626163	0.40561838638996317	33.315935134887695
0.482856639623878	0.40819618699781834	33.345935106277466
0.4820816252007543	0.4104116566052456	33.375935077667236
0.48217169667636944	0.41231412135858864	33.41593527793884
0.4827787903485742	0.4123870069395859	33.44593524932861
0.48251005353311244	0.41370905419196347	33.475935220718384
0.4825678192642808	0.4152526650751117	33.51593518257141
0.4838312762386213	0.417353658580275	33.54593515396118
0.5389546907129236	0.6089053985136278	33.57593512535095
0.5410285752885502	0.6159917465681715	33.61593508720398
0.5436867804266536	0.62594329670262	33.64593529701233
0.5440096718546162	0.6299493171602477	33.6759352684021
0.543886517327288	0.6308852772289733	33.71593523025513
0.5436539378437909	0.6336145173503409	33.7459352016449
0.5433491901283923	0.6348567474809991	33.77593517303467
0.46615844998012346	0.4076194450240578	33.845935106277466
0.4642842441247453	0.4096360842182334	33.875935077667236
0.4634578554468021	0.4134561069077947	33.91593527793884
0.46393468542262295	0.41760969239974227	33.94593524932861
0.46367122326168414	0.4214182502278313	33.975935220718384
0.46310568154083886	0.42273889351846317	34.01593518257141
0.4627182267292097	0.42339333808005336	34.04593515396118
0.462476020243431	0.4240973000287672	34.07593512535095
0.4624702049754231	0.4249296452967849	34.11593508720398
0.4619861637803506	0.4258022601647149	34.14593529701233
0.3821535313720679	0.38420740358173505	34.1759352684021
0.3733564313977167	0.39385545287515805	34.21593523025513
0.3734042613126676	0.39678740402977336	34.2459352016449
0.3736175883746014	0.39814417016120274	34.27593517303467
0.3731717766863018	0.3995498898626103	34.315935134887695
0.3735139206188039	0.40191888976991574	34.345935106277466
0.37464197175339353	0.40463786403783447	34.375935077667236
0.3743704007741064	0.40524089284668774	34.41593527793884
0.37394570411353034	0.41168008731421135	34.44593524932861
0.3731101269781033	0.4012862323599293	34.475935220718384
0.3899870913612661	0.4075048218417212	34.51593518257141
0.3937959641565493	0.41644834642825657	34.54593515396118
0.3793391836579309	0.4284922687943919	34.57593512535095
0.3837189372511978	0.41088890326527483	34.61593508720398
0.37506739185048465	0.4105236279814491	34.64593529701233
0.38788971204186334	0.4633581557593068	34.6759352684021
0.39261676484423325	0.4656591150993084	34.71593523025513
0.36572343421193915	0.5589097536452112	34.7459352016449
0.3650284736924108	0.5321363728065567	34.77593517303467
0.37268454640941967	0.5405478177601398	34.815935134887695
0.5257886532836967	0.45427196954062193	34.875935077667236
0.5247482893145453	0.4727257320904821	34.91593527793884
0.5245562516156611	0.47379946834590936	34.94593524932861
0.5270036966084893	0.4704694623061185	34.975935220718384
0.5157508398812823	0.4738288121493343	35.01593518257141
0.5162054066170475	0.48602050479269604	35.04593515396118
0.5152352507928973	0.49696083727223556	35.07593512535095
0.5166755150593448	0.48909964814342927	35.11593508720398
0.5139660879841431	0.49618814072754197	35.14593529701233
0.5158497944683775	0.5074475325689402	35.1759352684021
0.49711621642425213	0.4722270891529789	35.21593523025513
0.46150964712841736	0.46697692637866367	35.2459352016449
0.46200145589129366	0.4641752052984379	35.27593517303467
0.45595998888479894	0.49630398892829863	35.315935134887695
0.4546677863218944	0.4871554571426628	35.345935106277466
0.4500717037272552	0.4712333107136295	35.375935077667236
0.4523644495142764	0.45450902682910904	35.41593527793884
0.46190288807550567	0.4351811253613633	35.44593524932861
0.4602074961774684	0.457351351710296	35.475935220718384
0.4592208582110287	0.4547599838210949	35.51593518257141
0.45900775120754506	0.44572921869961957	35.54593515396118
0.47307305164332386	0.49238754771705007	35.57593512535095
0.29703766328651465	0.3566535904099059	35.61593508720398
0.2943366641641758	0.39322047215589867	35.64593529701233
0.2943366641641758	0.39322047215589867	35.6759352684021
0.2943366641641758	0.39322047215589867	35.71593523025513
0.4593951461269443	0.40525229925454	35.7459352016449
0.46120126010303303	0.403953328502151	35.77593517303467
0.4605009898679511	0.38601513359371925	35.815935134887695
0.46296392989377994	0.3934219876856289	35.845935106277466
0.511493581930704	0.41091023543607985	35.875935077667236
0.5117731817708162	0.4183114055185644	35.91593527793884
0.5103154841389784	0.4339071850556134	35.94593524932861
0.5124722887337285	0.42781234083800607	35.975935220718384
0.503434054180912	0.4238332296639181	36.01593518257141
0.5059692856550853	0.385901579653604	36.04593515396118
0.5046515838228233	0.3737315652440078	36.07593512535095
0.5078406353991123	0.3702168957120751	36.11593508720398
0.507191102882379	0.38203443852677266	36.14593529701233
0.5066355707222074	0.3768554225587442	36.1759352684021
0.5067353871717621	0.375104474393704	36.21593523025513
0.5023203675935844	0.3701586414842383	36.2459352016449
0.4228886915819587	0.41659326092223065	36.315935134887695
0.42185388763254966	0.420632982314473	36.345935106277466
0.42188550756747445	0.42457119288230455	36.375935077667236
0.42120033391823614	0.42633886675223187	36.41593527793884
0.4197938549213948	0.42825245168598697	36.44593524932861
0.42171027125592087	0.4283718381590179	36.475935220718384
0.4199482539413529	0.4267606137147363	36.51593518257141
0.419352186373354	0.4287860982551741	36.54593515396118
0.3982384821965075	0.42578563515597306	36.57593512535095
0.3757744799341122	0.4425869479810482	36.61593508720398
0.37699871898620513	0.44656704178121265	36.64593529701233
0.37662390943410845	0.44934400132417657	36.6759352684021
0.3764047400991084	0.4511184166439337	36.71593523025513
0.3762751520869082	0.4515261448965856	36.7459352016449
0.3758928262863604	0.45117804057063454	36.77593517303467
0.3759451800569885	0.45352086473890413	36.815935134887695
0.37644534473441615	0.4528098325012813	36.845935106277466
0.3762216050136815	0.4538816031414472	36.875935077667236
0.3762407723576318	0.45547235836376676	36.91593527793884
0.37585764765008217	0.45644433489621994	36.94593524932861
0.37441627746988987	0.4566962910449337	36.975935220718384
0.3748130223644909	0.45583005678536787	37.01593518257141
0.3744133524228434	0.45604244822764517	37.04593515396118
0.3738147835171073	0.45560341262252774	37.07593512535095
0.3741382684536705	0.45587789345243773	37.11593508720398
0.3780342975615284	0.47261055942204483	37.14593529701233
0.3779735889906533	0.4745836231801003	37.1759352684021
0.37825263140873017	0.477337158463828	37.21593523025513
0.3775180494479441	0.47846608930628637	37.2459352016449
0.3769573965381151	0.48069540516132886	37.27593517303467
0.37647554075447764	0.48095039175574245	37.315935134887695
0.3774466540558814	0.4835483687420885	37.345935106277466
0.37717853791855616	0.4815785871605864	37.375935077667236
0.3652593878192922	0.4386710542448469	37.41593527793884
0.36520835358293186	0.4418851630718618	37.44593524932861
0.3661509710997545	0.44179576809813886	37.475935220718384
0.3656296910582208	0.4419732583939844	37.51593518257141
0.3648097937845581	0.4434766564458755	37.54593515396118
0.36429325107613464	0.4439751322383714	37.57593512535095
0.3639486389564154	0.44459549532690074	37.61593508720398
0.3650737754329385	0.44478463944521585	37.64593529701233
0.5664521664053083	0.41726902366971796	37.71593523025513
0.5686759826972216	0.4247611356955804	37.7459352016449
0.5698929651898228	0.4310533981333033	37.77593517303467
0.5723696874847382	0.43676734047289595	37.815935134887695
0.5725700893308368	0.44021983106549045	37.845935106277466
0.5732132494725655	0.4444051527223244	37.875935077667236
0.5736910000512264	0.44659242389617865	37.91593527793884
0.5738184734284336	0.4487518892736197	37.94593524932861
0.5748144231642299	0.45056800061278146	37.975935220718384
0.5753463248531854	0.45660563838423546	38.01593518257141
0.5526458977352912	0.629394237745619	38.04593515396118
0.5543914593736905	0.6358192891598055	38.07593512535095
0.5550988873493292	0.6443708490906869	38.11593508720398
0.555922358272622	0.6507076847966854	38.14593529701233
0.55652892246631	0.6538723643194201	38.1759352684021
0.555889791789447	0.6545667670284102	38.21593523025513
0.37472504880305085	0.6823605590234824	38.27593517303467
0.3747193933345884	0.6878842991075532	38.315935134887695
0.3761690323663268	0.6935344660692544	38.345935106277466
0.3769219215710237	0.6971631393172169	38.375935077667236
0.545263359861536	0.38404508415175165	38.44593524932861
0.5582203169184141	0.3946441251226225	38.475935220718384
0.5587631900699309	0.4022406361839045	38.51593518257141
0.5608220911757547	0.4093565984003267	38.54593515396118
0.5620841049736891	0.41269119707290514	38.57593512535095
0.5620768749230872	0.41425068972622014	38.61593508720398
0.5622409426436376	0.41707566046157446	38.64593529701233
0.5621968500250096	0.41851813125899096	38.6759352684021
0.5623186680335492	0.42092336840267497	38.71593523025513
0.5620403602793194	0.4218163125511537	38.7459352016449
0.5625729640175501	0.42408101801701564	38.77593517303467
0.5625173405594278	0.4261082664092638	38.815935134887695
0.5625987690523194	0.42925736084365634	38.845935106277466
0.5627965572957792	0.43142124547519917	38.875935077667236
0.5628810964727626	0.43172289031081745	38.91593527793884
0.5635708179310241	0.43303282425638956	38.94593524932861
0.5630450023826106	0.4331047431167996	38.975935220718384
0.5624519134925606	0.43251583542468713	39.01593518257141
0.5620321346507382	0.4322444144575142	39.04593515396118
0.5628485605068868	0.4330967261445842	39.07593512535095
0.5626981478921799	0.4318972580707777	39.11593508720398
0.5631326630594272	0.4302997650441724	39.14593529701233
0.5627811074175125	0.4307415117119525	39.1759352684021
0.5633247423505957	0.4294748342799616	39.21593523025513
0.5636232540851317	0.42934463759742686	39.2459352016449
0.5628730691112837	0.42935655752590296	39.27593517303467
0.5632794728815411	0.4289051711685806	39.315935134887695
0.5640310216114784	0.4284157928031692	39.345935106277466
0.5642847919767888	0.42886164933983983	39.375935077667236
0.5645787878936508	0.42784909220623124	39.41593527793884
0.5746761490039121	0.6165269979177999	39.44593524932861
0.6317649216989902	0.6523536088178448	39.475935220718384
0.6353239983376562	0.659340902136021	39.51593518257141
0.636251840550192	0.6629445214367096	39.54593515396118
0.6370566606001862	0.6662498062283064	39.57593512535095
0.6371772825166733	0.6681131873453666	39.61593508720398
0.6366268977481284	0.6697545128379199	39.64593529701233
0.6359248629001384	0.6692155543790425	39.6759352684021
0.6350972736531315	0.6700593751311207	39.71593523025513
0.6354627939804118	0.6719764505241508	39.7459352016449
0.6351627367901255	0.6719037187401468	39.77593517303467
0.6343419730566165	0.6715702313666639	39.815935134887695
0.6359055025514678	0.6757054785108588	39.845935106277466
0.9259243544347286	0.7028067138853233	39.91593527793884
