COORDENADA X	 COORDENADA Y	 TEMPO
0.4423911392386616	0.09009816165954829	0.01855754852294922
0.4422819863375996	0.08969992410271994	0.04855751991271973
0.5173291200542633	0.24363908929926711	0.11855769157409668
0.5153480146739096	0.2467383904022866	0.1485576629638672
0.5163811517810114	0.2535837989308939	0.18855762481689453
0.5422988099138901	0.3413900240222368	0.21855759620666504
0.5406662829685498	0.3488795595753391	0.24855756759643555
0.5397578140473055	0.35398921830680624	0.2885575294494629
0.5392839083390162	0.3570157179316873	0.3185575008392334
0.5399312088218788	0.356859431922071	0.3485574722290039
0.5424508464185119	0.36009188923311103	0.38855767250061035
0.6033070051033238	0.41224942508244655	0.41855764389038086
0.6000966178915902	0.4163909943678457	0.44855761528015137
0.6002681487728649	0.4132357930724285	0.4885575771331787
0.5983307302247162	0.41558521151297273	0.5185575485229492
0.5970217896778778	0.4166833865941247	0.5485575199127197
0.47933647745259134	0.6503423271999098	0.6185576915740967
0.4747436102147511	0.6514990614558009	0.6485576629638672
0.4721293055373526	0.6601482613506313	0.6885576248168945
0.4694241038865478	0.6665381022824634	0.718557596206665
0.46809762955529255	0.6709314178089525	0.7485575675964355
0.4674704435300505	0.673675627152508	0.7885575294494629
0.5827852722510074	0.6717053274087028	0.8485574722290039
0.5783421721940646	0.6771698078883274	0.8885576725006104
0.5768293600666433	0.6774397552007839	0.9185576438903809
0.5786563694482024	0.6824775810815672	0.9485576152801514
0.6669708827947607	0.6829177424097973	0.9885575771331787
0.6671485841086767	0.6848538526648349	1.0185575485229492
0.6662930605765679	0.6882732293713827	1.0485575199127197
0.6710503571534168	0.6893371053571882	1.088557481765747
0.7275215108269293	0.7017748023753736	1.1185576915740967
0.7243141390612554	0.702366057753673	1.1485576629638672
0.7226025812606592	0.7049063634184423	1.1885576248168945
0.7201214247540701	0.7019631766892985	1.218557596206665
0.5999961972994401	0.4338772760744467	1.2485575675964355
0.6019176803383328	0.42558705842903044	1.288557529449463
0.6011368114861031	0.4244921684882413	1.3185575008392334
0.5992211812163944	0.42512880328994507	1.348557472229004
0.5985369404732545	0.4249540721139442	1.3885576725006104
0.598085153506228	0.42495568481348794	1.4185576438903809
0.546063138752568	0.3548485937755905	1.4885575771331787
0.5453601959688652	0.3553220751557251	1.5185575485229492
0.5450830523172846	0.352797097102547	1.5485575199127197
0.5451858164263016	0.35256856611608123	1.588557481765747
0.5444763488505929	0.3526578071434885	1.6185576915740967
0.544732589719998	0.3523796485399142	1.6485576629638672
0.5449531172951919	0.3512082761402681	1.6885576248168945
0.5406761930053771	0.35085020020680113	1.718557596206665
0.5118585014121683	0.32274664274359677	1.7485575675964355
0.5117368515986226	0.3226962213341032	1.788557529449463
0.5114318625253972	0.3249805189109159	1.8185575008392334
0.5115930775698554	0.32404760799186194	1.848557472229004
0.5124156055513606	0.321625943038813	1.8885576725006104
0.5115653285255094	0.3201982966340004	1.9185576438903809
0.5125913377438215	0.31883617857095176	1.9485576152801514
0.513091306886291	0.31875849402858064	1.9885575771331787
0.5133754466067484	0.3178596623867223	2.018557548522949
0.5140497535970754	0.31582461429654335	2.0485575199127197
0.5143894381644831	0.3148017629259975	2.088557481765747
0.5159938041333624	0.3143346038791495	2.1185576915740967
0.5166934657355056	0.3134603693219391	2.148557662963867
0.5164848697095761	0.3149540141819175	2.1885576248168945
0.5167098220424012	0.3148110708210708	2.218557596206665
0.5168272140342947	0.31329364922375585	2.2485575675964355
0.5283943734461373	0.29803630588517027	2.288557529449463
0.5562756189329576	0.2586830913567075	2.3185575008392334
0.5547545629749192	0.2597227541155961	2.348557472229004
0.5542755848980722	0.2604271944654289	2.3885576725006104
0.554764398548602	0.25959352293556137	2.418557643890381
0.5553867316215392	0.2588015532496965	2.4485576152801514
0.5551681254956182	0.25894851920447837	2.4885575771331787
0.5556300043366946	0.2593768291247041	2.518557548522949
0.5561717752264267	0.2582593077884122	2.5485575199127197
0.556418049822334	0.25772227965887384	2.588557481765747
0.556267722184846	0.258736242823055	2.6185576915740967
0.5556965267005223	0.2582691770400381	2.648557662963867
0.5549677283672906	0.25978099481771455	2.6885576248168945
0.5547239704498712	0.2591919126416602	2.718557596206665
0.5273239436373438	0.2930209255158345	2.7485575675964355
0.5257798803251617	0.30110481367227326	2.788557529449463
0.5247132446305361	0.3049435813198982	2.8185575008392334
0.52465472753878	0.30589024202487924	2.848557472229004
0.5248642357910417	0.3088948254165369	2.8885576725006104
0.5352746753290375	0.3716792938824407	2.918557643890381
0.5342612613256672	0.37072672972711096	2.9485576152801514
0.5327221470434932	0.3704088519946686	2.9885575771331787
0.5325234890552405	0.3692975351395759	3.018557548522949
0.5313728169496568	0.3709709917348205	3.0485575199127197
0.5307616692428455	0.3719829688628587	3.088557481765747
0.5298189290236582	0.37233117012413963	3.1185576915740967
0.5192398144010117	0.4051598692885593	3.148557662963867
0.5199614740788169	0.40744919654696277	3.1885576248168945
0.5204350225868741	0.4066696904457108	3.218557596206665
0.5200996389864778	0.4069357479176779	3.2485575675964355
0.520692775666817	0.40667768549807676	3.288557529449463
0.5194775381812599	0.40621892854149283	3.3185575008392334
0.5192612616933979	0.4076098408852676	3.348557472229004
0.5197293360691652	0.40743351244600473	3.3885576725006104
0.5195726841555336	0.40674206951030206	3.418557643890381
0.5193183834768579	0.40652561924186265	3.4485576152801514
0.5199330419410475	0.40556727552565364	3.4885575771331787
0.5194053570362837	0.3999146044029096	3.518557548522949
0.5156653460106674	0.32953323089797815	3.5485575199127197
0.5162026813845767	0.32997083836801666	3.588557481765747
0.5169542294724292	0.3296395477909967	3.6185576915740967
0.5164741391176983	0.3285392321879917	3.648557662963867
0.5165524856304661	0.3287982398082339	3.6885576248168945
0.5161560710351962	0.32877443195251044	3.718557596206665
0.5188157205794324	0.32284644929944933	3.7485575675964355
0.5354017731303219	0.2671253415422651	3.788557529449463
0.5349181446753911	0.26769403365112426	3.8185575008392334
0.5335756629121072	0.2713459210184376	3.848557472229004
0.5337628060145828	0.2709430191152491	3.8885576725006104
0.5342484513848813	0.26985627868558326	3.918557643890381
0.5347816585059362	0.26872290751186223	3.9485576152801514
0.5389289237318562	0.26594010752709013	3.9885575771331787
0.5694625694561471	0.23989044855175393	4.018557548522949
0.5675620869313086	0.24261806290308965	4.04855751991272
0.5666117317419526	0.24220859355942648	4.088557481765747
0.5657974100054285	0.24178257371460657	4.118557691574097
0.5667411806431797	0.24024358174756125	4.148557662963867
0.5656709539315369	0.24215408335197763	4.1885576248168945
0.565374756180531	0.24127986828628092	4.218557596206665
0.5651146238109466	0.24097526629857915	4.2485575675964355
0.6054227215463384	0.22875945352552124	4.288557529449463
0.604785343507109	0.22694714529958354	4.318557500839233
0.603227605126819	0.2262158154696424	4.348557472229004
0.6022942921271508	0.22622131339765103	4.38855767250061
0.6015252071982483	0.22599693895332926	4.418557643890381
0.599665535302966	0.22687827677870695	4.448557615280151
0.5999448917998093	0.22707031157408972	4.488557577133179
0.6005308382429003	0.22682975933810645	4.518557548522949
0.5990928719897239	0.22706885320558212	4.54855751991272
0.6000511073427085	0.2273829084128573	4.588557481765747
0.6007180964635052	0.2265544797302508	4.618557691574097
0.602126352059614	0.22585162923389007	4.648557662963867
0.6421194372050681	0.22328725353333687	4.6885576248168945
0.6417340481672862	0.2234626945370591	4.718557596206665
0.640706171165912	0.22337710270748026	4.7485575675964355
0.6401571299552645	0.22347296289049856	4.788557529449463
0.6400581810402772	0.22216387862905873	4.818557500839233
0.6388354967681991	0.2215830764789055	4.848557472229004
0.6383830796478772	0.22165907816278663	4.88855767250061
0.6380060827088139	0.22151121331974225	4.918557643890381
0.6374451068257079	0.2206294187082104	4.948557615280151
0.6372246508001285	0.21927729680189978	4.988557577133179
0.6370283935060626	0.21943984378734105	5.018557548522949
0.6371907820497027	0.21911713911786346	5.04855751991272
0.6371718314850011	0.21940321926296444	5.088557481765747
0.6390295213848278	0.2191400266201407	5.118557691574097
0.7054475084767347	0.23283981693536496	5.148557662963867
0.7044252596401237	0.23494761592667926	5.1885576248168945
0.7023627704564154	0.23605359826436367	5.218557596206665
0.7026092393054366	0.2367091770166105	5.2485575675964355
0.7026391999090038	0.2386847554541064	5.288557529449463
0.7016707113322243	0.24048874316953928	5.318557500839233
0.6997832061588433	0.24072601087082857	5.348557472229004
0.6980341967031382	0.24228578117248048	5.38855767250061
0.6968871201471363	0.2399054774237872	5.418557643890381
0.7318361373624622	0.2694210202372696	5.488557577133179
0.7310905191649367	0.2680132241948996	5.518557548522949
0.7311265534119602	0.26786036756799186	5.54855751991272
0.730333350155427	0.2695974307438991	5.588557481765747
0.7301780145148343	0.269471375324882	5.618557691574097
0.7303168919299231	0.2683034844595371	5.648557662963867
0.7305449719133916	0.26965473633142245	5.6885576248168945
0.7325533382727951	0.2708661366287541	5.718557596206665
0.7438438069286004	0.29146556808445123	5.7485575675964355
0.7432860496063581	0.29000843030168516	5.788557529449463
0.7432469612064889	0.2902015241153761	5.818557500839233
0.7428436480040944	0.29033461790108117	5.848557472229004
0.7423151477341422	0.2893637612280974	5.88855767250061
0.7415550032006478	0.29151151169740147	5.918557643890381
0.7434128771777173	0.2931601450334197	5.948557615280151
0.7605112752317882	0.3380361682167642	5.988557577133179
0.7602751007938393	0.3362348871243942	6.018557548522949
0.759500891885657	0.3356835709811635	6.04855751991272
0.7592187731958352	0.33450318588308514	6.088557481765747
0.7588940953446079	0.33438139206330747	6.118557691574097
0.7589528300480416	0.3361611950511702	6.148557662963867
0.7570313320537014	0.3372101797029174	6.1885576248168945
0.7561423038237535	0.3385891443026316	6.218557596206665
0.7573328486995368	0.3431323202416455	6.2485575675964355
0.7637808033356585	0.38511933236352297	6.288557529449463
0.7632497207422004	0.3823694235659521	6.318557500839233
0.7624358750757216	0.3840504997852995	6.348557472229004
0.7633998068526693	0.3860580754040711	6.38855767250061
0.7632940268828122	0.3853707540345893	6.418557643890381
0.7640432296104425	0.3864219450703714	6.448557615280151
0.7645026578525315	0.3868591228817702	6.488557577133179
0.761360093708695	0.4205548693705247	6.518557548522949
0.7600906401059923	0.4474371581431732	6.54855751991272
0.7604289214664038	0.4436005040531823	6.588557481765747
0.7608447497535341	0.44251379981811784	6.618557691574097
0.7612465238158237	0.44312190592556383	6.648557662963867
0.7615035261589341	0.44199823448622133	6.6885576248168945
0.761341761243618	0.4415487091285502	6.718557596206665
0.7619251320770293	0.44149091848975447	6.7485575675964355
0.7544388217060795	0.4710989161010072	6.788557529449463
0.7508920380031197	0.5013542505840035	6.818557500839233
0.751513287414303	0.5002723712477377	6.848557472229004
0.7521207565490334	0.500608664301826	6.88855767250061
0.7521867034954994	0.5019073947741134	6.918557643890381
0.7526885960051822	0.5017515670907399	6.948557615280151
0.7527306631206583	0.5027262925358256	6.988557577133179
0.7531420571536278	0.503624178116287	7.018557548522949
0.7502605940377592	0.5085063556818291	7.04855751991272
0.733583870746642	0.5528314344508833	7.088557481765747
0.7336606916960753	0.5523167914656145	7.118557691574097
0.734130616256861	0.5507778054165497	7.148557662963867
0.7340046047945679	0.5499386418553143	7.1885576248168945
0.7335101152313055	0.5500278487820902	7.218557596206665
0.7335881218970906	0.5511283913362176	7.2485575675964355
0.7324975264102392	0.5522545323919194	7.288557529449463
0.7073741479029796	0.5869378238884794	7.318557500839233
0.7062232231288179	0.5882707109412048	7.348557472229004
0.7072015835355158	0.5904721478458611	7.38855767250061
0.7069743622125961	0.5907377887492093	7.418557643890381
0.7071493186816217	0.5912873026004015	7.448557615280151
0.7074322120782166	0.5913362020498932	7.488557577133179
0.7078853811430115	0.5910681519274845	7.518557548522949
0.7073756866665674	0.591190285421165	7.54855751991272
0.7027609332613354	0.5926859212948347	7.588557481765747
0.6743326585712391	0.6054416355718383	7.618557691574097
0.6732201293610597	0.6070833392104545	7.648557662963867
0.6729708085006868	0.6075406084126107	7.6885576248168945
0.6743331642337893	0.606874252751695	7.718557596206665
0.6735124083386345	0.6072629925347711	7.7485575675964355
0.6724645737830915	0.6083248542822921	7.788557529449463
0.6479800853227055	0.6147995165658829	7.818557500839233
0.6465421661311345	0.6142973950905334	7.858557462692261
0.6460040131478169	0.6149130685585521	7.88855767250061
0.6450315580672776	0.616974196232658	7.918557643890381
0.6442830506398596	0.6168702242298678	7.958557605743408
0.6432301230057259	0.6191827028723818	7.988557577133179
0.638140954952693	0.6209145838047706	8.01855754852295
0.6193655767370563	0.6282161549891574	8.058557510375977
0.6203898194402396	0.627893702252328	8.088557481765747
0.6200080282223502	0.6301558812192448	8.118557691574097
0.6198271594347953	0.6305415223144388	8.158557653427124
0.6172982472920989	0.6304709761564983	8.188557624816895
0.5925213246911971	0.6272344466730966	8.218557596206665
0.5923491427678169	0.6277963885795085	8.258557558059692
0.592412880387092	0.6269266008934213	8.288557529449463
0.5915830833127895	0.6266810910746646	8.318557500839233
0.5916066873193419	0.6265575061659455	8.35855746269226
0.591770178072498	0.6256555459002704	8.38855767250061
0.5650907951854426	0.6166764182461357	8.41855764389038
0.5663635073657025	0.6158362662537413	8.458557605743408
0.566377755372886	0.6166236374111951	8.488557577133179
0.5662168054041034	0.6169865237470892	8.51855754852295
0.5664286110459288	0.6166975425113195	8.558557510375977
0.5673818757888262	0.6163695487601963	8.588557481765747
0.5629997563372511	0.6163665213430155	8.618557691574097
0.5384914291338444	0.5980209082181877	8.658557653427124
0.5370847699964237	0.5998731579698077	8.688557624816895
0.5370281696514273	0.5982165846839813	8.718557596206665
0.5388067421262632	0.5976385345334059	8.758557558059692
0.5376514163481501	0.5978352931539499	8.788557529449463
0.5368184689830803	0.5986372079656472	8.818557500839233
0.5352265397654474	0.5987412101589277	8.85855746269226
0.5347405979621638	0.5990516796648581	8.88855767250061
0.5270845096756144	0.5986351490213931	8.91855764389038
0.5114506812800237	0.5568056194488804	8.958557605743408
0.5119346829744482	0.5560465610825255	8.988557577133179
0.5104277193018666	0.5566329365837585	9.01855754852295
0.5131349875885719	0.5549936886708007	9.058557510375977
0.5133883106227094	0.5538686844266624	9.088557481765747
0.5133513815158001	0.5539317795142185	9.118557691574097
0.5017201220641626	0.5275259795394897	9.158557653427124
0.4998676812517189	0.49505067644704176	9.188557624816895
0.4992544623762443	0.49530480668011423	9.218557596206665
0.4997975426567519	0.49586028892822936	9.258557558059692
0.5004374048331008	0.49509219030436	9.288557529449463
0.5000822746241651	0.4959545064636944	9.318557500839233
0.5013829573762935	0.4930196747268154	9.35855746269226
0.5014333427148311	0.4933588358161457	9.38855767250061
0.5020482783079722	0.49314384345550133	9.41855764389038
0.49152189341377306	0.4658094744104244	9.458557605743408
0.4932586387050925	0.4610155589864495	9.488557577133179
0.4943343010683636	0.46027946490438554	9.51855754852295
0.49523314115780537	0.46152161031707367	9.558557510375977
0.49532869494070836	0.45957658699465803	9.588557481765747
0.4956235026785306	0.4590474472261419	9.618557691574097
0.4961255763247888	0.4596233110429345	9.658557653427124
0.49621070845201726	0.45874187768224584	9.688557624816895
0.49380283479401366	0.4236188661988846	9.718557596206665
0.49460209143138806	0.4243403936323076	9.758557558059692
0.49390336027571696	0.4240190369458904	9.788557529449463
0.49376740300739047	0.422672090719844	9.818557500839233
0.4932521489494816	0.4231899448156446	9.85855746269226
0.4939498093684997	0.42326772961163905	9.88855767250061
0.5007563480956818	0.3966464139705573	9.91855764389038
0.5047818524637724	0.3637342928158707	9.958557605743408
0.5042540586885642	0.36447801013135145	9.988557577133179
0.504270480504409	0.3648182262667225	10.01855754852295
0.505059384217779	0.3635502209001259	10.058557510375977
0.5051211656559206	0.36421157284816	10.088557481765747
0.5056662376216593	0.3638016200423629	10.118557691574097
0.505563563738634	0.3636793899216186	10.158557653427124
0.5086692733511721	0.3215826991513017	10.188557624816895
0.5118449586114862	0.31050829187972173	10.218557596206665
0.5110745049536469	0.31228509396725795	10.258557558059692
0.5116117521113889	0.31237053313307056	10.288557529449463
0.5116013778897125	0.310456507603992	10.318557500839233
0.5112495148274306	0.3106715820905458	10.35855746269226
0.5110710338191786	0.31039407713296435	10.38855767250061
0.5113420593106028	0.3106327833776405	10.41855764389038
0.5418202783685957	0.382242701193319	10.458557605743408
0.5391227249866607	0.3896432831414464	10.488557577133179
0.5380869071099653	0.39239140023456265	10.51855754852295
0.5374525753716517	0.3957185974689869	10.558557510375977
0.53571773563113	0.40039821373439927	10.588557481765747
0.5338472717194	0.40099927213293063	10.618557691574097
0.5326476594836774	0.40425353581548173	10.658557653427124
0.5347019651723645	0.4046889327812468	10.688557624816895
0.5494231371765266	0.4172855687468759	10.718557596206665
0.5491618490267265	0.41825252803699337	10.758557558059692
0.54768945939868	0.417889503339581	10.788557529449463
0.5480419975720924	0.4182373055278367	10.818557500839233
0.5474756640927174	0.4181670071273522	10.85855746269226
0.5466013052003964	0.41770464188619844	10.88855767250061
0.5456416039847126	0.41899110850891513	10.91855764389038
0.551038583418481	0.3761587393083188	10.958557605743408
0.5515563588503645	0.3691305364153784	10.988557577133179
0.5523184575523896	0.36518463374076876	11.01855754852295
0.5524238864860457	0.36512981884803164	11.058557510375977
0.5521164175351293	0.3650204774315819	11.088557481765747
0.5521188056557289	0.3641186097064435	11.118557691574097
0.5520607337356259	0.36288647468673685	11.158557653427124
0.5520882150301869	0.3624868039192111	11.188557624816895
0.552729834343567	0.3612872184166222	11.218557596206665
0.5539952530004622	0.36052264238915005	11.258557558059692
0.5886333109458155	0.33819553461175855	11.288557529449463
0.5877507454533031	0.3333594308473889	11.318557500839233
0.5874457257144675	0.3316825234198919	11.35855746269226
0.5875760576043572	0.3311999147393685	11.38855767250061
0.5882183624545663	0.33164841076305845	11.41855764389038
0.5880529078909206	0.3319311416988045	11.458557605743408
0.5873581715147491	0.3324182785268074	11.488557577133179
0.5871089543574821	0.3329873726285154	11.51855754852295
0.5876244844897915	0.33308809059740474	11.558557510375977
0.6056573228267907	0.3190947553886086	11.588557481765747
0.6047133112811139	0.31922722160933825	11.618557691574097
0.6044542309043386	0.3185124191324295	11.658557653427124
0.6045826078551724	0.31772589103396803	11.688557624816895
0.6051070091021974	0.3155474251696255	11.718557596206665
0.6052547787013204	0.31581327013382876	11.758557558059692
0.6042791704399805	0.31653496846724916	11.788557529449463
0.6047356593803401	0.3153171763424155	11.818557500839233
0.605272128845914	0.3132770813620384	11.85855746269226
0.6054378078051006	0.31411958583004673	11.88855767250061
0.6040014610414579	0.3141950666823531	11.91855764389038
0.6076105060057925	0.3131084833132204	11.958557605743408
0.6369399870400781	0.2992155534841173	11.988557577133179
0.6371334933468261	0.2987304682887137	12.01855754852295
0.6364777770344433	0.2990902718227581	12.058557510375977
0.6363818485731392	0.29686749477475016	12.088557481765747
0.6349083066346294	0.2968274754064216	12.118557691574097
0.6349666049217167	0.29622328614770055	12.158557653427124
0.6352072380076873	0.29639964863563617	12.188557624816895
0.6350992189946191	0.2963251625983291	12.218557596206665
0.6382867740583935	0.29478080696517317	12.258557558059692
0.666720042831629	0.3173714022164709	12.288557529449463
0.6658124940614689	0.31747622122747515	12.318557500839233
0.6650932553021269	0.31825655313938206	12.35855746269226
0.6631727835358048	0.31942750388526364	12.38855767250061
0.6630277019305348	0.31815044421834027	12.41855764389038
0.6619338087972623	0.31877777409096547	12.458557605743408
0.6620142221650379	0.31760990582502285	12.488557577133179
0.6614228935844584	0.31814310307729476	12.51855754852295
0.6661074757245732	0.31947176495144014	12.558557510375977
0.6865994528510027	0.3127625928286541	12.588557481765747
0.6859257170938018	0.31184044711374237	12.618557691574097
0.6855505131740107	0.3118979565326676	12.658557653427124
0.6848124771953016	0.3131666252935883	12.688557624816895
0.6850750566071704	0.3137490458399531	12.718557596206665
0.6863951650352804	0.31341200447733936	12.758557558059692
0.7080217591648017	0.3504429535471564	12.788557529449463
0.7071145669006014	0.3512760242055859	12.818557500839233
0.7061306020848364	0.35399037976150843	12.85855746269226
0.7064150887684907	0.35436921724331066	12.88855767250061
0.705795786697373	0.3548760703503987	12.91855764389038
0.7058704266889259	0.355104956615884	12.958557605743408
0.7056940574348864	0.3556209165332052	12.988557577133179
0.7107468182916825	0.4125037920767304	13.01855754852295
0.7103483792643231	0.4211930106817477	13.058557510375977
0.7099776650270417	0.42435142414041255	13.088557481765747
0.7099310370949456	0.42417159315155406	13.118557691574097
0.711079435430416	0.42359490326115506	13.158557653427124
0.7108476253154954	0.4247460563008315	13.188557624816895
0.7109031807743394	0.42593747223537465	13.218557596206665
0.7104530017028163	0.42477480303446835	13.258557558059692
0.7089992937223984	0.4280139156212546	13.288557529449463
0.7081192083007577	0.42924441177742784	13.318557500839233
0.7078754645615991	0.4300957944563819	13.35855746269226
0.7165019770841002	0.45105457570838997	13.38855767250061
0.7153087617984093	0.4572946286114468	13.41855764389038
0.7143958008419211	0.45886069316078043	13.458557605743408
0.7148568611636813	0.45957131931982825	13.488557577133179
0.7148520765959925	0.45917949600991537	13.51855754852295
0.7146873282059929	0.4591367271748699	13.558557510375977
0.7149955308242758	0.45879002882580205	13.588557481765747
0.7138168159333633	0.46129506616203486	13.618557691574097
0.70575827446127	0.5035634513866313	13.658557653427124
0.7066338747033581	0.503900900278158	13.688557624816895
0.7066186186828216	0.5040462856755531	13.718557596206665
0.706210238056512	0.5046497427744777	13.758557558059692
0.706209038758028	0.5060245766826775	13.788557529449463
0.7062461251787401	0.5051001496047485	13.818557500839233
0.7019755249250296	0.5091938318244819	13.85855746269226
0.6827753397002647	0.54362277433058	13.88855767250061
0.6816839172334551	0.5442872802672508	13.91855764389038
0.6829327834103089	0.5416108759480631	13.958557605743408
0.682798846070459	0.5428603543303029	13.988557577133179
0.6817884214782962	0.5443956942542473	14.01855754852295
0.6810216239765859	0.5450400236706607	14.058557510375977
0.6812668912084776	0.5455927785978205	14.088557481765747
0.6802105867320936	0.5473245399500969	14.118557691574097
0.679181060657387	0.5472979701351316	14.158557653427124
0.6789166047479273	0.5484505220883249	14.188557624816895
0.6779256026727357	0.5470702531810803	14.218557596206665
0.6558006286677265	0.5540651830925295	14.258557558059692
0.6565421555902777	0.554355704706221	14.288557529449463
0.6558879834074967	0.5551978510956164	14.318557500839233
0.6564349409777774	0.5559890392553839	14.35855746269226
0.6564203958588929	0.5555661863136947	14.38855767250061
0.6568764361250192	0.5560546688210039	14.41855764389038
0.6518929008284841	0.5589459561879113	14.458557605743408
0.637353457415687	0.5763446469988811	14.488557577133179
0.6374015081824199	0.5763662047183555	14.51855754852295
0.637343557123555	0.577834316276133	14.558557510375977
0.6372674531854903	0.5791589086568935	14.588557481765747
0.6382709931631002	0.578530849277458	14.618557691574097
0.6373151667258359	0.5798098632097634	14.658557653427124
0.6019040855674818	0.5788031780890835	14.688557624816895
0.6009705110519583	0.5790318005394604	14.718557596206665
0.6007554829048845	0.5789569792703956	14.758557558059692
0.6013805643028939	0.580736704300936	14.788557529449463
0.600439416531053	0.5794727296318151	14.818557500839233
0.6002557652850578	0.5791120534291088	14.85855746269226
0.600470538300707	0.5793795523219679	14.88855767250061
0.6009737531886619	0.5781519176648541	14.91855764389038
0.5989128194740556	0.5792700662578223	14.958557605743408
0.5798711426878742	0.5704824283496895	14.988557577133179
0.5811541620649134	0.5700585633458541	15.01855754852295
0.5806106414231966	0.570709290764191	15.058557510375977
0.5803584426850824	0.5706352314061731	15.088557481765747
0.5804803001098033	0.5700644008595631	15.118557691574097
0.5572970910754562	0.5585521888577418	15.158557653427124
0.5553740363978928	0.5561834265841143	15.188557624816895
0.554224184007406	0.5534790346011397	15.218557596206665
0.554378753426788	0.5523867892129779	15.258557558059692
0.5537852001898984	0.5526825305273144	15.288557529449463
0.5543214335642611	0.5529136528785303	15.318557500839233
0.5546224288897977	0.5515278471454158	15.35855746269226
0.5505316360839534	0.550370698566845	15.38855767250061
0.5351708897794452	0.5260096367789842	15.41855764389038
0.5356037435663665	0.5264945051812099	15.458557605743408
0.5379159560350867	0.5259350774809315	15.488557577133179
0.5368052419163942	0.5252157725404972	15.51855754852295
0.5375377191633274	0.5243935337264265	15.558557510375977
0.536857743940843	0.516997670109277	15.588557481765747
0.5301669785646593	0.4613560741221886	15.618557691574097
0.5309380682105386	0.46548672446843775	15.658557653427124
0.5325839069166337	0.46611108132676937	15.688557624816895
0.5325635696085163	0.4657490605534161	15.718557596206665
0.5324325747894715	0.4655041205890088	15.758557558059692
0.533269744492942	0.46438159556342323	15.788557529449463
0.5345958962290894	0.46364994345375526	15.818557500839233
0.5338770222046799	0.46396775931519535	15.85855746269226
0.5334435948724533	0.4636333533710137	15.88855767250061
0.5493873043841329	0.42045047805475166	15.91855764389038
0.5509380463765976	0.40262281021466784	15.958557605743408
0.5508459429283156	0.40617360153094784	15.988557577133179
0.5507721096238153	0.40442836723424613	16.01855754852295
0.5505388903560499	0.4028243464857553	16.058557510375977
0.5509557320639091	0.4027792810132599	16.088557481765747
0.5511445489594281	0.4018175019038751	16.118557691574097
0.5517652313190232	0.40136970698012103	16.158557653427124
0.5517183752349569	0.401562971813615	16.188557624816895
0.552426836874163	0.4005252475536243	16.218557596206665
0.5526487071928189	0.40069427479475955	16.258557558059692
0.5528775634848025	0.40060864103162575	16.288557529449463
0.5523527802817055	0.3973483023563674	16.318557500839233
0.5537263273667791	0.374125784962881	16.35855746269226
0.5540894579920607	0.37466545079156344	16.38855767250061
0.5543728820936122	0.3752896642957345	16.41855764389038
0.5540042870688506	0.3748643272277241	16.458557605743408
0.5538327299503454	0.3746579244103191	16.48855757713318
0.5537263605941125	0.3761293358960882	16.51855754852295
0.5510471604640571	0.3843542984748026	16.558557510375977
0.5466948144776966	0.4225881992323631	16.588557481765747
0.5476252800610566	0.4212921466245439	16.618557691574097
0.5478542445025735	0.4205656078516858	16.658557653427124
0.5486051829640484	0.4198025594228694	16.688557624816895
0.5480439491143538	0.42059392304125015	16.718557596206665
0.5467574423456593	0.4212900131170617	16.758557558059692
0.5468312932679716	0.4229666598606052	16.788557529449463
0.5459538019476303	0.423438099401204	16.818557500839233
0.5452304266960537	0.42531239600333687	16.85855746269226
0.5443538194580387	0.4262188120234837	16.88855767250061
0.5440595604328745	0.42438623287212557	16.91855764389038
0.582028896311279	0.42624049639866085	16.958557605743408
0.5818539326168375	0.4268145223668336	16.98855757713318
0.5813275832677341	0.4268061819224488	17.01855754852295
0.5802527011259107	0.4269543760260848	17.058557510375977
0.5791510640430592	0.4263630668152837	17.088557481765747
0.5788867578106993	0.42728202283525907	17.118557691574097
0.5784489638558309	0.427711618232183	17.158557653427124
0.578671747598579	0.42760635324356794	17.188557624816895
0.5792392139377988	0.42765656350059195	17.218557596206665
0.5788228447521278	0.42714614217491187	17.258557558059692
0.5790615561155465	0.42678652590326116	17.288557529449463
0.5794166346138026	0.4272875745721031	17.318557500839233
0.5792118679877343	0.4259130014546361	17.35855746269226
0.5800470763521404	0.426425137424624	17.38855767250061
0.5806231738326962	0.4252845677110977	17.41855764389038
0.5816456611956543	0.42302300716766644	17.458557605743408
0.598278338716404	0.3854162799012963	17.48855757713318
0.5984132919476065	0.3794759562188098	17.51855754852295
0.597979798735574	0.378223861848661	17.558557510375977
0.5987767489854516	0.3761508499643544	17.588557481765747
0.5995807267567024	0.3750508476378496	17.618557691574097
0.5996798535960127	0.37433591582454323	17.658557653427124
0.5987181209243964	0.3749743796777768	17.688557624816895
0.5988084753416629	0.3755959994607795	17.718557596206665
0.5993781151343519	0.37403924081980794	17.758557558059692
0.599274264878633	0.3736441944351004	17.788557529449463
0.5988956138567177	0.37280867671788037	17.818557500839233
0.5991531211134463	0.37381215086414793	17.85855746269226
0.600315053943472	0.3727178184150829	17.88855767250061
0.5995251294800539	0.37668680583963754	17.91855764389038
0.5949352850709798	0.39656360142559727	17.958557605743408
0.5952461633767058	0.3971213706209992	17.98855757713318
0.5961872215717863	0.3959637257933339	18.01855754852295
0.5965549127794221	0.396229549626128	18.058557510375977
0.5955111074647332	0.3977226418447945	18.088557481765747
0.5956779443394662	0.4000077448032861	18.118557691574097
0.5941841302070211	0.398919799328163	18.158557653427124
0.5938173680441209	0.4001332728398608	18.188557624816895
0.6185747506850225	0.4108872875873211	18.218557596206665
0.6190680570479553	0.4122593956300785	18.258557558059692
0.619227754300428	0.41342650426752553	18.288557529449463
0.6180122839359011	0.41235469411723075	18.318557500839233
0.6182249422991313	0.41373606913880834	18.35855746269226
0.6176579490416158	0.41400686548307186	18.38855767250061
0.6184585616284608	0.4133152715894245	18.41855764389038
0.6178283503527958	0.4129089176058202	18.458557605743408
0.6178718661119058	0.413781661187259	18.48855757713318
0.6179631615716613	0.41308751184492676	18.51855754852295
0.6160141918924715	0.41555360184665596	18.558557510375977
0.595387091857717	0.41139670290511826	18.588557481765747
0.5968263474867737	0.40881251543977115	18.618557691574097
0.5976528969877715	0.4084350045460029	18.658557653427124
0.5971948417726667	0.4074721242192523	18.688557624816895
0.5974951233196596	0.4065318256320067	18.718557596206665
0.5980855120062063	0.40696282772941683	18.758557558059692
0.5979048659953345	0.4055661118617498	18.788557529449463
0.5982105418250445	0.4064335189091827	18.818557500839233
0.5987869335936273	0.4066774820403442	18.85855746269226
0.5985789938437287	0.406430609020194	18.88855767250061
0.5993278223475077	0.4045266705456613	18.91855764389038
0.5996342685156483	0.40426861466157726	18.958557605743408
0.5989692112455353	0.4036490742122134	18.98855757713318
0.5985569634442163	0.4022449282729127	19.01855754852295
0.5999073284244061	0.40232426717737135	19.058557510375977
0.5997990197902922	0.40120194175528817	19.088557481765747
0.6019665557655088	0.3983547523836871	19.118557691574097
0.6116003128423422	0.3828999052641808	19.158557653427124
0.6121108522411679	0.38361064987601823	19.188557624816895
0.6111682804697668	0.38244824200852784	19.218557596206665
0.6111691597741034	0.3827178662591503	19.258557558059692
0.6111113796533191	0.38330082762277723	19.288557529449463
0.6113501390722468	0.38186842605848215	19.318557500839233
0.6117166378772132	0.3807866650106903	19.35855746269226
0.6107028993849101	0.38239994537653266	19.38855767250061
0.610040502299843	0.3821073651683119	19.41855764389038
0.6097722649540628	0.3813067728698963	19.458557605743408
0.6098533533701559	0.38036996482986607	19.48855757713318
0.609724841539406	0.3807195759490107	19.51855754852295
0.6096588265456179	0.3807851881169061	19.558557510375977
0.6133542532050814	0.3810978011220754	19.588557481765747
0.6276390740235589	0.3682684062028685	19.618557691574097
0.6274678206593997	0.3681829113846651	19.658557653427124
0.6271907535749909	0.36645864505649506	19.688557624816895
0.6269494162026221	0.36816219494058205	19.718557596206665
0.6273907173998983	0.367219926190019	19.758557558059692
0.626881704003194	0.36681266335829366	19.788557529449463
0.6265614013283218	0.36792941877222596	19.818557500839233
0.6270456495961187	0.36883838681523146	19.85855746269226
0.626261478076135	0.3678592008003757	19.88855767250061
0.6271595265635106	0.36855321706273586	19.91855764389038
0.631955979574609	0.3687067927902328	19.958557605743408
0.653909175854137	0.3696157177036684	19.98855757713318
0.6541395700902748	0.36808422796486473	20.01855754852295
0.6529038953919347	0.36888185441040694	20.058557510375977
0.6527139584912681	0.3695057697391728	20.088557481765747
0.6528464042795792	0.36837472996857595	20.118557691574097
0.652606647266864	0.3678907461305094	20.158557653427124
0.670190197207699	0.39627625390302407	20.188557624816895
0.6686874244390094	0.40073633864343505	20.218557596206665
0.6676463322871997	0.40132827668782506	20.258557558059692
0.6655029814634923	0.40339386751867856	20.288557529449463
0.6653363628843795	0.40358801455214155	20.32855749130249
0.6650569943764263	0.4037511938073978	20.35855746269226
0.665010310949226	0.40442597475579173	20.38855767250061
0.6645623181382243	0.40553672239692684	20.41855764389038
0.6653352602138716	0.4068607366191414	20.458557605743408
0.6659869663605632	0.40575990982014093	20.48855757713318
0.6668920940201568	0.4056048765167124	20.51855754852295
0.6655595507696116	0.4036290686172506	20.558557510375977
0.6660807830299106	0.40433910007576546	20.588557481765747
0.6664884928073685	0.4044306344555718	20.618557691574097
0.6666444183006055	0.4045376622368205	20.658557653427124
0.6674283801854245	0.405460976959235	20.688557624816895
0.6669443815685386	0.40446110443806316	20.718557596206665
0.6890502539323806	0.4103338370716907	20.758557558059692
0.6886476135218658	0.4149844624407328	20.788557529449463
0.6891726699091929	0.4149367746272272	20.818557500839233
0.6887090554990384	0.41433310786544625	20.85855746269226
0.6894691321573893	0.4153083003847519	20.88855767250061
0.689976098698351	0.41554434789568756	20.91855764389038
0.6898695136466773	0.41577967996294235	20.958557605743408
0.6897569153019285	0.41487316250269524	20.98855757713318
0.6894617733332286	0.4160224976706076	21.01855754852295
0.6904688704399288	0.41872477239094286	21.058557510375977
0.6932391785373361	0.44631415244605743	21.088557481765747
0.6926468312223216	0.4458365467591904	21.118557691574097
0.6922993889221583	0.446745661566188	21.158557653427124
0.6915760332423692	0.4472019640873214	21.188557624816895
0.6908823618355174	0.4471880376081408	21.218557596206665
0.6908806251424845	0.44682474854110926	21.258557558059692
0.6902934343885507	0.4480784089799695	21.288557529449463
0.6903587197099416	0.4491980912127407	21.318557500839233
0.6892839055396455	0.45735694120794645	21.35855746269226
0.6886198154106232	0.46582456650412307	21.38855767250061
0.68896952955551	0.4720540060774193	21.41855764389038
0.6886642488174056	0.4737430043054489	21.458557605743408
0.6881887010987312	0.4736858034588161	21.48855757713318
0.6884852935160538	0.47341759586024856	21.51855754852295
0.6885581604437654	0.4743144201687356	21.558557510375977
0.688038106732676	0.4747121969315109	21.588557481765747
0.6881355410184987	0.4754543866357399	21.618557691574097
0.6879264425839785	0.4756095915426054	21.658557653427124
0.6881637347347896	0.4740507814444745	21.688557624816895
0.6869382309935176	0.47314423819022744	21.718557596206665
0.6676830840061754	0.49001756786474965	21.758557558059692
0.6680687691775717	0.48929603171265085	21.788557529449463
0.6682423895480445	0.48912036220392463	21.818557500839233
0.6657273264055968	0.49082227603569756	21.85855746269226
0.6533666226748369	0.5018157540478405	21.88855767250061
0.6535498582627274	0.4993581835915804	21.91855764389038
0.6535773745698258	0.5011798140967438	21.958557605743408
0.6533480877406145	0.5033113967192318	21.98855757713318
0.6515289336589122	0.5050536506135057	22.01855754852295
0.6506859250775849	0.5060463888236576	22.058557510375977
0.6501912611740862	0.5065256950217853	22.088557481765747
0.6598883103642261	0.5207090031465195	22.118557691574097
0.6596842748597573	0.5218169088589879	22.158557653427124
0.6599118687483196	0.5227103325112498	22.188557624816895
0.6604733852557728	0.5215061154111386	22.218557596206665
0.6606793961782265	0.5224392938590048	22.258557558059692
0.6609295126115236	0.5218195173821649	22.288557529449463
0.6609126675136305	0.5214130541998984	22.318557500839233
0.6619173033460088	0.5202742449373294	22.35855746269226
0.6609514313861301	0.5213401864939748	22.38855767250061
0.6223722327704229	0.5366327224233596	22.41855764389038
0.6214353309297187	0.5398277739938753	22.458557605743408
0.6215395354066042	0.5410226209203249	22.48855757713318
0.620883698808818	0.5409648705951547	22.51855754852295
0.6209552411687563	0.5412355316464851	22.558557510375977
0.620612538399434	0.542391737628425	22.588557481765747
0.6202480557456141	0.5414762335190908	22.618557691574097
0.6204401321464027	0.5414237212151719	22.658557653427124
0.6197175517116146	0.5422746922482404	22.688557624816895
0.6189178873203107	0.5421471108532446	22.718557596206665
0.5979770508923179	0.5346273408460086	22.758557558059692
0.5980951288301142	0.532400019609756	22.788557529449463
0.5982652135581786	0.5328564617342577	22.818557500839233
0.5977072966538313	0.5324457699673508	22.85855746269226
0.5924738319774808	0.5328080954462265	22.88855767250061
0.578359191994545	0.5127874472417921	22.91855764389038
0.5782642592404761	0.5126000251950857	22.958557605743408
0.578744964676566	0.5131285432518193	22.98855757713318
0.5792717270869515	0.5131574185180874	23.01855754852295
0.5800739948749756	0.5138516262561135	23.058557510375977
0.5804150512945581	0.5123341901465477	23.088557481765747
0.581056945234616	0.5125661972902135	23.118557691574097
0.5814713727499774	0.5131594560065597	23.158557653427124
0.5827172145336623	0.512177852774866	23.188557624816895
0.5797394233984495	0.5041086326166726	23.218557596206665
0.574946107294045	0.48034301391834316	23.258557558059692
0.5753245458183429	0.4801781917002074	23.288557529449463
0.5749405967829687	0.4804192402949517	23.318557500839233
0.5750020447235326	0.480938871159811	23.35855746269226
0.5738426676458622	0.48103944301591933	23.38855767250061
0.5749657866199085	0.48149077646509064	23.41855764389038
0.5770268068626485	0.4790561734506513	23.458557605743408
0.6178013437462785	0.4633106519090115	23.48855757713318
0.6157289675058294	0.46367432174710316	23.51855754852295
0.6132435343723166	0.4639609749241408	23.558557510375977
0.6134456107280085	0.4653190742158465	23.588557481765747
0.6121444301924412	0.46466088476624173	23.618557691574097
0.6126012715964748	0.4651604405527162	23.658557653427124
0.6125986394050973	0.4646525466017134	23.688557624816895
0.612032392026551	0.4670022590307726	23.718557596206665
0.6101965631452172	0.46686273046158655	23.758557558059692
0.6098049820552933	0.46711369280576975	23.788557529449463
0.6096241892690311	0.4651293554199983	23.818557500839233
0.6095484000894145	0.4644046752351856	23.85855746269226
0.6103977910809786	0.4583463409268244	23.88855767250061
0.6156782799138643	0.4204050718809282	23.91855764389038
0.6169289035082641	0.42096560608946393	23.958557605743408
0.6159806733715926	0.4213752434635509	23.98855757713318
0.615343771252961	0.4209525156708853	24.01855754852295
0.6150982107298216	0.4201393869070418	24.058557510375977
0.6148071314971356	0.4216653335123228	24.088557481765747
0.6146570287435656	0.42143811225082495	24.118557691574097
0.6141010158525988	0.4221665246258971	24.158557653427124
0.614404494366565	0.4229409894390197	24.188557624816895
0.6142350868149083	0.4237158745255168	24.218557596206665
0.6154227440794431	0.40651422254752184	24.258557558059692
0.6149834975444265	0.4060765070654807	24.288557529449463
0.6150587255031993	0.40508398608043744	24.318557500839233
0.6144554591087333	0.4053195732457901	24.35855746269226
0.6173078167324548	0.4072634271791536	24.38855767250061
0.6526174113003688	0.4109530253703822	24.41855764389038
0.6513562925720533	0.41023409440617187	24.458557605743408
0.6500043168212062	0.41187289472733807	24.48855757713318
0.6502006307107279	0.4116063758316493	24.51855754852295
0.650805296207372	0.41321636116789257	24.558557510375977
0.6505609734012541	0.41545165958733643	24.588557481765747
0.650879612671299	0.4526285329416001	24.618557691574097
0.6502698855292756	0.46207384050165595	24.658557653427124
0.6512532292231918	0.46561537045457485	24.688557624816895
0.6514325785155659	0.4661516249478345	24.718557596206665
0.6503212867266163	0.46732803788927796	24.758557558059692
0.6506698076947899	0.4670825203836812	24.788557529449463
0.651272304982831	0.4677884331893869	24.818557500839233
0.6511430435493792	0.4679931645238015	24.85855746269226
0.6516558224914187	0.4675079106219999	24.88855767250061
0.6518862642612296	0.4671290849385836	24.91855764389038
0.6512926944645	0.46713831232526126	24.958557605743408
0.6529790160742258	0.4666522779396189	24.98855757713318
0.6529004371961493	0.4670037635111871	25.01855754852295
0.6527035179572402	0.4673295220421304	25.058557510375977
0.6537287715838667	0.46507644588790087	25.088557481765747
0.6537353432201859	0.4659055090278651	25.118557691574097
0.6536653022969041	0.46584229253718434	25.158557653427124
0.6531151264808726	0.4655200419021165	25.188557624816895
0.6513310660423353	0.4656484644987692	25.218557596206665
0.6413290202520822	0.4757051951783086	25.258557558059692
0.6413167265475495	0.47422432583088164	25.288557529449463
0.6418223973116804	0.47385268783954854	25.318557500839233
0.6418296815226914	0.47427496083184295	25.35855746269226
0.6425238934135077	0.4752234062374294	25.38855767250061
0.6431941912789364	0.4747231508979485	25.41855764389038
0.6428523551922645	0.4736044780882237	25.458557605743408
0.6416582850062436	0.4746616249138504	25.48855757713318
0.6413933102858681	0.474327628820377	25.51855754852295
0.6336204183722345	0.48987068486518437	25.558557510375977
0.6331297429175236	0.49463607481598226	25.588557481765747
0.6333507566647447	0.49902540871983186	25.618557691574097
0.6333599028401459	0.49863983839523807	25.658557653427124
0.6334603044533038	0.49978870690376603	25.688557624816895
0.6337510638339083	0.49900530848790126	25.718557596206665
0.6331553843663394	0.5012138612629633	25.758557558059692
0.6332282537712491	0.5023656351820893	25.788557529449463
0.632892823564565	0.5027084430765125	25.818557500839233
0.6327733312700191	0.5020122927277593	25.85855746269226
0.6322324090314223	0.5017716877184243	25.88855767250061
0.6312160509916621	0.503621165258257	25.91855764389038
0.6335068278583813	0.5041450415013415	25.958557605743408
0.6323194317683637	0.5049259669140513	25.98855757713318
0.631430152806834	0.5060178390271647	26.01855754852295
0.630289069415041	0.5075548018213949	26.058557510375977
0.6301776884516375	0.508380101182809	26.088557481765747
0.6322515277403677	0.5098663672970329	26.118557691574097
0.6310580030933177	0.5090143411492278	26.158557653427124
0.6306309209460292	0.5114255658362072	26.188557624816895
0.6307808339142175	0.512450638871138	26.218557596206665
0.6311786928377644	0.5101683659384045	26.258557558059692
0.6132106844119959	0.18516072721504784	26.318557500839233
0.6151201281353349	0.1864915370524053	26.35855746269226
0.6150970551262922	0.18578270801881472	26.38855767250061
0.6158510834063258	0.18474638920110892	26.41855764389038
0.6146645868473092	0.20227926590995066	26.458557605743408
0.5921304796109335	0.5861647876931542	26.48855757713318
0.579467700301053	0.6284458387049634	26.51855754852295
0.5780050538995124	0.6321602591108232	26.558557510375977
0.5764699685719114	0.633253122774949	26.588557481765747
0.5766102871982914	0.6306648114494826	26.618557691574097
0.5745891795613637	0.6320706399827727	26.658557653427124
0.5723519199634292	0.6334779732465722	26.688557624816895
0.5715094631726184	0.6354907824756677	26.718557596206665
0.5711907330843038	0.6354507354393912	26.758557558059692
0.5716233433595964	0.6363680608830022	26.788557529449463
0.5729120530920458	0.63271861912314	26.818557500839233
0.6090791243620594	0.5550686349237602	26.85855746269226
0.6082227988848208	0.5533449972602613	26.88855767250061
0.608014097817154	0.5525657946055189	26.91855764389038
0.607924629326215	0.5520388325903214	26.958557605743408
0.6085765313336283	0.5524846347529062	26.98855757713318
0.60841373310805	0.5525789167437846	27.01855754852295
0.6079559320972348	0.5526395421554187	27.058557510375977
0.6099223777732242	0.5477441748022247	27.088557481765747
0.622248486081931	0.3621246460032695	27.118557691574097
0.6268414349539206	0.358714657218263	27.158557653427124
0.6275980308405961	0.35804490342451883	27.188557624816895
0.6281330836066437	0.3579931803198472	27.218557596206665
0.627070117484403	0.35746561907947705	27.258557558059692
0.6265083011878899	0.35724427148554344	27.288557529449463
0.6259819275462432	0.35731177789594937	27.318557500839233
0.625393465966876	0.35679932377641876	27.35855746269226
0.6246767774777302	0.35712668523023294	27.38855767250061
0.6242262753869926	0.3571757862765209	27.41855764389038
0.6261530816139532	0.35745159941245874	27.458557605743408
0.627291335025882	0.3548623100323996	27.48855757713318
0.6161514385039537	0.3178445546126008	27.51855754852295
0.6046735332714397	0.30803969829103794	27.558557510375977
0.6040075800750958	0.3159292076108493	27.588557481765747
0.6229105777366541	0.30079235875191057	27.618557691574097
0.6420516746780134	0.2649427380214757	27.658557653427124
0.6444697404366324	0.2572702042724633	27.688557624816895
0.6447725052066259	0.2540959637039224	27.718557596206665
0.6443460019275761	0.250013660021224	27.758557558059692
0.641665524841589	0.24955752405238626	27.788557529449463
0.6410878527324021	0.24712419586390932	27.818557500839233
0.6412929602941881	0.2454744401277453	27.85855746269226
0.6407870315315104	0.2450145897451917	27.88855767250061
0.640416653747664	0.24395318431642574	27.91855764389038
0.6409648125559996	0.24402510284064435	27.958557605743408
0.6290857752620445	0.2786967560985637	27.98855757713318
0.6195128367650705	0.33315411339072765	28.01855754852295
0.6200530565540806	0.3324592899052772	28.058557510375977
0.6197132129116597	0.33324932620176745	28.088557481765747
0.6175155172935426	0.33542505604590733	28.118557691574097
0.6158279663262557	0.3341427780490275	28.158557653427124
0.614458469222097	0.33614915658417516	28.188557624816895
0.6130201235551928	0.3369300268711825	28.218557596206665
0.6117473926310912	0.33702524824331	28.258557558059692
0.6121614731278582	0.3380320022446324	28.288557529449463
0.6111467152166754	0.34022267629265407	28.318557500839233
0.6089666797243183	0.3420680499577433	28.35855746269226
0.6104825494720549	0.3416296305407718	28.38855767250061
0.6416748768466857	0.35770416725272314	28.41855764389038
0.6400354487051102	0.35793881991701043	28.458557605743408
0.6391237461868378	0.35806770378670416	28.48855757713318
0.6386150065101625	0.35808729342737144	28.51855754852295
0.6381471338724106	0.35856320247928664	28.558557510375977
0.6372405396532874	0.359181837635216	28.588557481765747
0.636840066537519	0.3596494042724107	28.618557691574097
0.6370467955085884	0.36039281666082973	28.658557653427124
0.6369656229240167	0.3604948003543384	28.688557624816895
0.6359398423037125	0.36011549310389407	28.718557596206665
0.6368977034103721	0.3587898451413591	28.758557558059692
0.6373736502746993	0.3590467591679619	28.788557529449463
0.6368103172648947	0.35893386582940545	28.818557500839233
0.639178835867443	0.3562604514868022	28.85855746269226
0.6546242804085757	0.3341937280084846	28.88855767250061
0.6343455330516665	0.38220946177912396	29.01855754852295
0.6309237244521841	0.37901118178688653	29.058557510375977
0.6273905215427817	0.3758479927484633	29.088557481765747
0.6244169380801886	0.3745322464991449	29.118557691574097
0.6214259144219202	0.37337313166417907	29.158557653427124
0.6206443298643243	0.36944443980704883	29.188557624816895
0.6195460440579033	0.3696823235217168	29.218557596206665
0.6185367164587361	0.3673772967167781	29.258557558059692
0.6175279567223403	0.3657902061512079	29.288557529449463
0.6168522907635788	0.3647792083380652	29.318557500839233
0.617980437177072	0.3648510233378124	29.35855746269226
0.6168869055360932	0.36294873688051515	29.38855767250061
0.6167440353744994	0.3620598077233851	29.41855764389038
0.6167508567058579	0.36214102087174943	29.458557605743408
0.6172428801319628	0.36159190741892333	29.48855757713318
0.6178670660297214	0.36118609636709276	29.51855754852295
0.6177877392151729	0.3611205450680811	29.558557510375977
0.6179123480006972	0.3599580012458802	29.588557481765747
0.6174954870240187	0.3598096485051022	29.618557691574097
0.6177620926191261	0.35990658314144336	29.658557653427124
0.6176698497455066	0.36149557640092145	29.688557624816895
0.6181573521499162	0.36135222577127984	29.718557596206665
0.6186350615328743	0.36005820424245943	29.758557558059692
0.6193568446784442	0.3599616905354335	29.788557529449463
0.6198806804285557	0.3581676219577433	29.818557500839233
0.6181637824394112	0.36069190411891844	29.85855746269226
0.6171703387444152	0.36135194647201063	29.88855767250061
0.6171112131705063	0.3598108134574427	29.91855764389038
0.6176081011479682	0.35949031809777643	29.958557605743408
0.6170176555982891	0.36114630862578845	29.98855757713318
0.6161532387221539	0.36072134255090293	30.01855754852295
0.6168413547081063	0.3610936853527419	30.058557510375977
0.6176646550595832	0.35967510867972896	30.088557481765747
0.6173309270054884	0.35821412975266625	30.118557691574097
0.6178671119436616	0.35720841522887237	30.158557653427124
0.6183816772880162	0.35761491651139987	30.188557624816895
0.6186766797369441	0.3562572754368222	30.218557596206665
0.6190272908773388	0.35656988890922264	30.258557558059692
0.6197784375613287	0.35576222229802307	30.288557529449463
0.6208323002609131	0.35519744453925456	30.318557500839233
0.6207164231220779	0.3534882066541633	30.35855746269226
0.6215442172554608	0.3542035135081213	30.38855767250061
0.6221549125483171	0.3534454346236225	30.41855764389038
0.6231810336744396	0.35218106403372085	30.458557605743408
0.6232436709791647	0.3507301986073341	30.48855757713318
0.6227859761857645	0.35091969024363084	30.51855754852295
0.6235382177574683	0.3506995559240848	30.558557510375977
0.6242673485506879	0.3508534701078915	30.588557481765747
0.6476879454023013	0.38289288444603936	30.618557691574097
0.6471510879570597	0.4053504100618246	30.658557653427124
0.6460495270627021	0.40368447190928763	30.688557624816895
0.644907147136655	0.4065046376427202	30.718557596206665
0.6434543440525385	0.40718484651140646	30.758557558059692
0.6420835776380075	0.40888203270742207	30.788557529449463
0.6404246904312777	0.40971819056400455	30.818557500839233
0.6404744907426676	0.41011799135047877	30.85855746269226
0.6398846558500759	0.41131054272729617	30.88855767250061
0.6383490649304184	0.41156839746930146	30.91855764389038
0.6277524298065494	0.42054259764233304	30.958557605743408
0.5536054228661703	0.5347394621765911	30.98855757713318
0.553851589867136	0.5559009083834859	31.01855754852295
0.5514958791751876	0.5575508541410718	31.058557510375977
0.5485087785765794	0.5619727891443437	31.088557481765747
0.5452292591789802	0.5689279687626005	31.118557691574097
0.5229216050852855	0.6736184829030459	31.158557653427124
0.521222679327366	0.6764922319557253	31.188557624816895
0.5185035363627597	0.6801782562828554	31.218557596206665
0.5167777790959553	0.6838583422036462	31.258557558059692
0.5155050713478297	0.6837349468309865	31.288557529449463
0.5146899320145717	0.685037372103135	31.318557500839233
0.5143189765175319	0.6841385163435331	31.35855746269226
0.596468166811016	0.6922066512911276	31.38855767250061
0.6048313576349893	0.691976450835434	31.41855764389038
0.6040197689229164	0.6938687171281391	31.458557605743408
0.6036952967481474	0.6936501577166309	31.48855757713318
0.6029490703476054	0.6956964614478145	31.51855754852295
0.6026628576509273	0.6970835016022876	31.558557510375977
0.6040559010384599	0.6963283254978636	31.588557481765747
0.7444329854176729	0.7140101415343608	31.658557653427124
0.7422116072826508	0.7141140547622934	31.688557624816895
0.7402889123693621	0.7173828286457692	31.718557596206665
0.7386993084490245	0.7182716753236366	31.758557558059692
0.7378036586709426	0.7189948838904595	31.788557529449463
0.7368168242379817	0.7199909330894804	31.818557500839233
0.7361733925666248	0.7195244222423807	31.85855746269226
0.7363654343241889	0.7201107861213123	31.88855767250061
0.7355432842195446	0.7194439589324807	31.91855764389038
0.735886511504931	0.7195268914425097	31.958557605743408
0.6373117487785862	0.7374477768993989	32.01855754852295
0.6365081746170274	0.7386492600930429	32.05855751037598
0.6353600655312536	0.7399447465292899	32.08855748176575
0.6344319595582296	0.7417666785240485	32.1185576915741
0.6339092549001354	0.7423655704994736	32.158557653427124
0.6333557644912421	0.7409812596303534	32.188557624816895
0.6330575671887138	0.7418646077518773	32.218557596206665
0.6334620448870175	0.7411583298912576	32.25855755805969
0.6338517060846097	0.7402689112864977	32.28855752944946
0.4380921018343628	0.7032313448038008	32.35855746269226
0.4342991253726104	0.7068967023863881	32.38855767250061
0.4308609230760764	0.7115382736468836	32.41855764389038
0.4273934071451204	0.7159372498924368	32.45855760574341
0.4240693026995763	0.7191865470480149	32.48855757713318
0.42287598562103806	0.7227384692647602	32.51855754852295
0.4215806793124602	0.7214615924019947	32.55855751037598
0.4209526520597741	0.7218286839381066	32.58855748176575
0.36960193998105745	0.7286943461167336	32.6185576915741
0.3685359669841434	0.733629280478118	32.658557653427124
0.36544292905390185	0.7339126638977262	32.688557624816895
0.3656962794215975	0.7352402984934565	32.718557596206665
0.3646400679779053	0.7346241169439391	32.75855755805969
0.3642855853990401	0.7362016797376896	32.78855752944946
0.3647267312828466	0.7360314614032758	32.81855750083923
0.36423852818478636	0.7380494373222086	32.85855746269226
0.3647080612456858	0.7378462880161426	32.88855767250061
0.36485417574048257	0.7382245883201504	32.91855764389038
0.364878685198276	0.7376885572495179	32.95855760574341
0.3648927659087971	0.7384855232553551	32.98855757713318
0.3743158708679286	0.7377597207784472	33.01855754852295
0.37440022122774463	0.7405736126874873	33.05855751037598
0.3739966049465911	0.7406044564055152	33.08855748176575
0.37263430179493207	0.7413303756716358	33.1185576915741
0.37181249912850994	0.7422123365330182	33.158557653427124
0.36323591859856386	0.7642903895977508	33.188557624816895
0.3629929545329906	0.766833009711664	33.218557596206665
0.36321620695429135	0.7671264080328076	33.25855755805969
0.3628217895468531	0.7663639364205962	33.28855752944946
0.3600813370096635	0.7685063781567829	33.31855750083923
0.3611213976508738	0.7709219443141085	33.35855746269226
0.3582116545897186	0.772852113204297	33.38855767250061
0.3571956964044685	0.7722120923324846	33.41855764389038
0.35600234436478223	0.7725852033000017	33.45855760574341
0.3580360718179131	0.7691986551234181	33.48855757713318
0.6813061706187425	0.46406846615152125	33.58855748176575
0.6667273420160862	0.3921515454650552	33.6185576915741
0.6500406732489048	0.37427750429876544	33.658557653427124
0.6462104170288494	0.37380326415064125	33.688557624816895
0.6375691720082157	0.3665850458964021	33.718557596206665
0.6348345093700482	0.36493077050701556	33.75855755805969
0.6321324207337611	0.36480338918993943	33.78855752944946
0.6306291549385253	0.3641947855388414	33.81855750083923
0.6291498150291637	0.36284453280361256	33.85855746269226
0.6272844351140475	0.36281935970248763	33.88855767250061
0.6262943458364701	0.36230385194323855	33.91855764389038
0.6254568826592183	0.36169834668210044	33.95855760574341
0.6245973435346538	0.36176865299410266	33.98855757713318
0.6234579612036963	0.3636610404340367	34.01855754852295
0.622249417408559	0.3645340361265968	34.05855751037598
0.6209439087105381	0.3658427351644073	34.08855748176575
0.6196653966909467	0.3658309767698493	34.1185576915741
0.6181475104971279	0.3678954146620485	34.158557653427124
0.6158255652327453	0.3698080821239931	34.188557624816895
0.6147643452448543	0.37229700907488705	34.218557596206665
0.6128844829845095	0.37083350229003115	34.25855755805969
0.6116199680882146	0.3715137716246716	34.28855752944946
0.6109257621956596	0.37222786024665466	34.31855750083923
0.6098048662378742	0.371854628355076	34.35855746269226
0.6097399340504858	0.37200640401368845	34.38855767250061
0.6096753965704438	0.3717178416870201	34.41855764389038
0.6105879441792542	0.3726123310891026	34.45855760574341
0.6100483429290011	0.3723351424601896	34.48855757713318
0.6103011614047752	0.37296269660947223	34.51855754852295
0.6100130461429659	0.37242372070584806	34.55855751037598
0.6098547987275329	0.37198780769663864	34.58855748176575
0.6093155780774892	0.3709839724858462	34.6185576915741
0.6103178897842536	0.3703247989821381	34.658557653427124
0.610833107446612	0.37017745762321935	34.688557624816895
0.6112756412429612	0.36886976391455667	34.718557596206665
0.6116862453458903	0.3676415929097348	34.75855755805969
0.6127416776356674	0.36749238995771955	34.78855752944946
0.6135246707030176	0.3660674998120077	34.81855750083923
0.6146843305835042	0.3661833501295585	34.85855746269226
0.6145909040734816	0.3640783656531851	34.88855767250061
0.6158231015972091	0.3638049211760139	34.91855764389038
0.6167353524414391	0.36209950457727297	34.95855760574341
0.6175675099589889	0.3604963764900718	34.98855757713318
0.6170185189292006	0.3602402233547749	35.01855754852295
0.5570772794938006	0.37000939928487203	35.05855751037598
0.5545767752512107	0.3730056183304362	35.08855748176575
0.5524353458697608	0.37354768557628826	35.1185576915741
0.5509662816305829	0.3757842469220121	35.158557653427124
0.5491089508296197	0.3747600218159267	35.188557624816895
0.5481350592716433	0.37679437926618947	35.218557596206665
0.548019979879465	0.3776302226336621	35.25855755805969
0.5477007198659299	0.3780929426535924	35.28855752944946
0.5494854695523245	0.37644916348335133	35.31855750083923
0.602110747388514	0.4346274203918347	35.35855746269226
0.5995615065848321	0.4373042321581379	35.38855767250061
0.5979050010208781	0.44000121819862326	35.41855764389038
0.5976854572807634	0.44057374226010537	35.45855760574341
0.596627797615956	0.4424138500494119	35.48855757713318
0.5962754221468927	0.4443441617928692	35.51855754852295
0.5957613874601939	0.4450964673937716	35.55855751037598
0.5949606294807172	0.44605529965409635	35.58855748176575
0.5950441743872323	0.44785912391080285	35.6185576915741
0.5944260495263802	0.448189430314838	35.658557653427124
0.5940211867291514	0.4465558875041683	35.688557624816895
0.5928307520671285	0.44768540049342387	35.718557596206665
0.5931507096893457	0.44995044058876416	35.75855755805969
0.5917681244437195	0.44923488670994954	35.78855752944946
0.5923572541584236	0.44871881828297655	35.81855750083923
0.5921338149797232	0.44857554853243703	35.85855746269226
0.5914294597703352	0.4510406111312059	35.88855767250061
0.5918079653476984	0.4506102094422709	35.91855764389038
0.5906678350950042	0.4511833118777929	35.95855760574341
0.5903420837627141	0.448377198242899	35.98855757713318
0.5895733419126377	0.4498066269824665	36.01855754852295
0.5892038397292304	0.4483980732577226	36.05855751037598
0.5890552549437615	0.44826264776168373	36.08855748176575
0.5900569819333473	0.4491409025854873	36.1185576915741
0.5898660698142607	0.45014752569945954	36.158557653427124
0.5899284458781523	0.4499659185340157	36.188557624816895
0.5907321583124268	0.4477013498322299	36.218557596206665
0.5911428694261502	0.44849570394532895	36.25855755805969
0.5918583970933953	0.44777752211944827	36.28855752944946
0.5917352235418221	0.44731885968292234	36.31855750083923
0.5925286436476068	0.4472691655984691	36.35855746269226
0.5925684974541984	0.44572613858201826	36.38855767250061
0.5923571362852216	0.44621142497535865	36.41855764389038
0.5932089414109257	0.44633955077888765	36.45855760574341
0.5938471779681199	0.44596807973964303	36.48855757713318
0.5941640519646174	0.4456724261744558	36.51855754852295
0.5950231186139967	0.4448950204046681	36.55855751037598
0.5948463105716664	0.44471080187555306	36.58855748176575
0.5947634062082994	0.44484496016373326	36.6185576915741
0.5945559622701405	0.44564438851388394	36.658557653427124
0.5956430451831782	0.4440400881363958	36.688557624816895
0.5953780047399634	0.443260275315475	36.718557596206665
0.5945773998884536	0.4442408781838717	36.75855755805969
0.5937948724881813	0.44519023364980503	36.78855752944946
0.5931147517525084	0.4454480834581153	36.81855750083923
0.5933371623027504	0.4445815678805513	36.85855746269226
0.5927691444596994	0.4443354190859248	36.88855767250061
0.5919544822900837	0.44601114121238433	36.91855764389038
0.5129142124328644	0.5814551034367244	36.98855757713318
0.5092586430663936	0.5892186569214022	37.01855754852295
0.5072130556837963	0.5946749753215405	37.05855751037598
0.5051881755322445	0.598995347178703	37.08855748176575
0.5042399457901022	0.6017123231437699	37.1185576915741
0.5031035878435843	0.6029634998860669	37.158557653427124
0.5019351758558006	0.604431845171784	37.188557624816895
0.48126216497613195	0.6332531050689332	37.218557596206665
0.4794636850506612	0.6402657601227365	37.25855755805969
0.47873359584942204	0.6432297296296187	37.28855752944946
0.4780538151033199	0.6444825025541864	37.31855750083923
0.4774860619122078	0.6452062003371074	37.35855746269226
0.4767487754584604	0.6461978128196136	37.38855767250061
0.47657577395485756	0.6468667621588388	37.41855764389038
0.47626284296554566	0.6453678765761343	37.45855760574341
0.475753045553882	0.6460246829924576	37.48855757713318
0.47838016769015096	0.642314140408564	37.51855754852295
0.5622958936856676	0.6325653292013494	37.55855751037598
0.5603887644004147	0.6320206427831891	37.58855748176575
0.5594708953791934	0.632849655780953	37.6185576915741
0.5586046960041522	0.6350465476706069	37.658557653427124
0.557832423809554	0.6334294092148535	37.688557624816895
0.5570486016261492	0.6339427526857797	37.718557596206665
0.5565591174969429	0.6344858381599698	37.75855755805969
0.5562149782546714	0.6325463358610441	37.78855752944946
0.5568795973640426	0.6342248774692099	37.81855750083923
0.5576339610887965	0.6343608853386452	37.85855746269226
0.5588610996314293	0.631716621574661	37.88855767250061
0.5582078254672561	0.6303330577575025	37.91855764389038
0.5588795916845788	0.6304362364442784	37.95855760574341
0.5597080233916424	0.6288088240250088	37.98855757713318
0.5597360615811883	0.6295621970123303	38.01855754852295
0.5597254926444755	0.6282778298839728	38.05855751037598
0.56029683933985	0.6276301779296451	38.08855748176575
0.5606181395842628	0.6281810609301546	38.1185576915741
0.5602489056039696	0.628700769179304	38.158557653427124
0.560588226031911	0.6278650858656543	38.188557624816895
0.5613326898997621	0.6264398267687595	38.218557596206665
0.5622182845593809	0.6261772093033368	38.25855755805969
0.5616143608556146	0.6257875145536725	38.28855752944946
0.5621818115816105	0.6264025506506848	38.31855750083923
0.5621492425718241	0.6266928380817786	38.35855746269226
0.5619959525042395	0.6253949452581503	38.38855767250061
0.5623292173629275	0.6242446136041403	38.41855764389038
0.5632741455658139	0.6230458018802358	38.45855760574341
0.5634195222463603	0.6230528302618299	38.48855757713318
0.562494641657822	0.6246088817301413	38.51855754852295
0.56249046972106	0.6245982945482224	38.55855751037598
0.5629742886817584	0.6245672153111123	38.58855748176575
0.5630244898419362	0.6216235175564757	38.6185576915741
0.5632941427918217	0.6219778235526934	38.658557653427124
0.5639668245766397	0.6228673619775112	38.688557624816895
0.564391759470334	0.6221143095331676	38.718557596206665
0.564641258848029	0.6213565154604078	38.75855755805969
0.5641279485118835	0.6213604409497462	38.78855752944946
0.5643910373067661	0.6203075463044838	38.81855750083923
0.5650503693569532	0.6198863540596986	38.85855746269226
0.5657976895787735	0.6195084166450372	38.88855767250061
0.5658096473834474	0.6193158288298034	38.91855764389038
0.5660331101961468	0.6184206091905575	38.95855760574341
0.5667479227798106	0.6172962830253343	38.98855757713318
0.5673771230313861	0.619258807522276	39.01855754852295
0.5677108277847772	0.6178528407750273	39.05855751037598
0.5677525124243912	0.6158663705020179	39.08855748176575
0.5679644231474937	0.6152466733070414	39.1185576915741
0.5686365404287355	0.6146724450929283	39.158557653427124
0.5697618748213116	0.6142597731162897	39.188557624816895
0.5700519541387471	0.6139338756892335	39.218557596206665
0.5711249539389185	0.6132964147054486	39.25855755805969
0.5711578452645947	0.6122674774287469	39.28855752944946
0.5721584521187311	0.6111380046749317	39.31855750083923
0.5721568267449586	0.612439926731122	39.35855746269226
0.5715942110259459	0.6126056476273984	39.38855767250061
0.5708927489731712	0.6128413336881834	39.41855764389038
0.5704912307465186	0.6119916337911544	39.45855760574341
0.5706206173493279	0.6096613392678102	39.48855757713318
0.5707434307360317	0.6093433799804019	39.51855754852295
0.5711753903610115	0.6095048395735637	39.55855751037598
0.5715034946224785	0.6077362181618098	39.58855748176575
0.5724743162348707	0.6064225424598978	39.6185576915741
0.5726685784785751	0.6049778410442602	39.658557653427124
0.5732353050587207	0.6050505454914835	39.688557624816895
0.5734163869781077	0.6043069396984424	39.718557596206665
0.5738058533081742	0.6018424979888993	39.75855755805969
0.5743086978579572	0.6014824553040583	39.78855752944946
0.5749125611999588	0.6014128474572623	39.81855750083923
0.5752159797007694	0.6014689010410336	39.85855746269226
0.5750643169065977	0.6018189585090793	39.88855767250061
0.5751349953172272	0.6018472924339614	39.91855764389038
