COORDENADA X	 COORDENADA Y	 TEMPO
0.35867074332722493	0.15574839208341615	0.03256988525390625
0.35863418954686455	0.1561671051847241	0.05256986618041992
0.5166248966821801	0.3433456312881169	0.12257003784179688
0.5147161453641832	0.3618239284648132	0.15257000923156738
0.5130466702327724	0.36138030333705795	0.19256997108459473
0.5108400106673813	0.3636897725266951	0.22256994247436523
0.5105088138209146	0.36545616757362726	0.25256991386413574
0.5073728641837281	0.36134002037117924	0.2925698757171631
0.4952259829635644	0.3819844605586973	0.3225698471069336
0.4934276504282738	0.4026067872769834	0.3525698184967041
0.49083712598529766	0.4006529679479304	0.39257001876831055
0.49363670162791	0.4075943868973222	0.42256999015808105
0.49125129730758366	0.3998617474174079	0.45256996154785156
0.4477554188559105	0.6237919320975505	0.5225698947906494
0.446698535839207	0.6256473320440378	0.5525698661804199
0.4497411756968845	0.6271451351008844	0.5925698280334473
0.4492964140788422	0.6285658844305327	0.6225700378417969
0.4296876465038291	0.6619219409453927	0.6525700092315674
0.4107542533874586	0.6795852709511702	0.6925699710845947
0.40486276850314223	0.6854103107236227	0.7225699424743652
0.3978457516990378	0.6945553670308318	0.7525699138641357
0.40000553803976663	0.6970868738762238	0.7925698757171631
0.3975327439905023	0.6989573964424479	0.8225698471069336
0.4055709921539181	0.6985771973380811	0.8525698184967041
0.5425157871228846	0.7006682996244479	0.8925700187683105
0.5424951876530035	0.7044210155333533	0.922569990158081
0.5423741797577993	0.7106987697617365	0.9525699615478516
0.5584119891571819	0.7180182509389673	0.9925699234008789
0.6009134303045381	0.7109547942384753	1.0225698947906494
0.6005942274706105	0.7181873804716009	1.05256986618042
0.6010385792824032	0.7224717684875634	1.0925698280334473
0.5976116041543286	0.7223205325363172	1.1225700378417969
0.5927856738195368	0.7267563287535742	1.1525700092315674
0.569886586811064	0.6993695609604077	1.1925699710845947
0.5685932397507506	0.6959566267974824	1.2225699424743652
0.5895923908087934	0.7210390746809213	1.2525699138641357
0.5255199398207391	0.7203612067610459	1.292569875717163
0.5235413284792354	0.7193101884174794	1.3225698471069336
0.5227116087603568	0.7200884050727543	1.352569818496704
0.5231593932696371	0.7198153999212143	1.3925700187683105
0.5236377634830727	0.7205368872139586	1.422569990158081
0.5235070555138657	0.720635090797861	1.4525699615478516
0.52427378736971	0.7202632526495677	1.492569923400879
0.5255210639864687	0.721090565398101	1.5225698947906494
0.5241480489528597	0.717105689458482	1.55256986618042
0.47335254814216526	0.6320214502696849	1.5925698280334473
0.47630337786305693	0.6303457601044365	1.6225700378417969
0.47796720859638847	0.6283729003259465	1.6525700092315674
0.47791409753719033	0.6268447035980872	1.6925699710845947
0.5365610552250839	0.5697036071178729	1.7225699424743652
0.5351875365701141	0.5678931576094902	1.7525699138641357
0.5334550057943197	0.5634805661588677	1.792569875717163
0.5330076230539206	0.5648134340682112	1.8225698471069336
0.5332244067943754	0.5622228064997654	1.852569818496704
0.534222732895164	0.560667989707659	1.8925700187683105
0.535090699978639	0.5603939531879993	1.922569990158081
0.5337186740758211	0.5587244999093973	1.9525699615478516
0.5332287103718016	0.5612339793262711	1.992569923400879
0.5329092908568772	0.5594374048620797	2.0225698947906494
0.5331407845245953	0.5579281345178142	2.05256986618042
0.5325322084835132	0.5573294438285288	2.0925698280334473
0.532517555410279	0.5563402339543957	2.122570037841797
0.5331235678582795	0.5561110746838538	2.1525700092315674
0.588307585559848	0.5324303325236448	2.1925699710845947
0.5885265162254358	0.529164611566168	2.2225699424743652
0.5878190338909395	0.5303249063684334	2.2525699138641357
0.5855082304663534	0.5307269052395491	2.292569875717163
0.585292313053563	0.5306409748343659	2.3225698471069336
0.5858138027833615	0.529655637887879	2.352569818496704
0.5859951356564312	0.5296314075590882	2.3925700187683105
0.5862736830417307	0.5282094209064053	2.422569990158081
0.5851756158184269	0.5289913726217202	2.4525699615478516
0.5848134532489486	0.5296129506579023	2.492569923400879
0.5845003575634772	0.5298765382948223	2.5225698947906494
0.5845757441577716	0.5286614724580823	2.55256986618042
0.5836532591231139	0.5292855174810425	2.5925698280334473
0.5829290423063599	0.529121495632786	2.622570037841797
0.5828712306876225	0.5289308388586289	2.6525700092315674
0.5827631076185427	0.5289491611432938	2.6925699710845947
0.5825712404301092	0.5281139421699308	2.7225699424743652
0.5824965942575432	0.5272528672768552	2.7525699138641357
0.5823713473455159	0.5266127875010512	2.792569875717163
0.5829197608234591	0.5263122643843435	2.8225698471069336
0.5824929569544237	0.5257834979886121	2.852569818496704
0.5813502107591932	0.5271348701483864	2.8925700187683105
0.5835578853139075	0.5254476320931682	2.922569990158081
0.6850265907861902	0.5239746694064262	2.9525699615478516
0.6820850980532667	0.5243893474526289	2.992569923400879
0.6801892249474667	0.5245859034398769	3.0225698947906494
0.6793640104705352	0.5246392542447641	3.05256986618042
0.6792294941963599	0.5240886759786	3.0925698280334473
0.6781374863843159	0.5234164435469061	3.122570037841797
0.6767944410905931	0.5245003733293383	3.1525700092315674
0.676531716760538	0.5243407079098661	3.1925699710845947
0.6771291838213725	0.5239581042225132	3.2225699424743652
0.6776501413340663	0.5237330941837084	3.2525699138641357
0.6778906799673644	0.5241764049585401	3.292569875717163
0.676726842408093	0.5225064315634612	3.3225698471069336
0.6900618449281852	0.5205105525006528	3.352569818496704
0.728876526166769	0.5283746734949956	3.4025700092315674
0.7278948902468869	0.5280218337477496	3.422569990158081
0.7269792149945162	0.5273390820193447	3.4525699615478516
0.7263879145540052	0.527165649805608	3.492569923400879
0.7259178144584004	0.5275148885688611	3.5225698947906494
0.7260156181352313	0.5279570513920787	3.55256986618042
0.7695351925158228	0.48241032766672665	3.5925698280334473
0.7686891346898993	0.47658566565153826	3.622570037841797
0.768514234318807	0.4752569803561292	3.6525700092315674
0.7677676417508722	0.47263889703438317	3.6925699710845947
0.6857863566584422	0.24781517625273505	3.7525699138641357
0.6851637014013836	0.24869035480143925	3.792569875717163
0.6843782274727578	0.24950911310008247	3.8225698471069336
0.6839266652622255	0.2488434293449665	3.852569818496704
0.6829814491085096	0.2504182129716369	3.8925700187683105
0.6821245512306101	0.2518317493378111	3.922569990158081
0.5904016489866735	0.2682682510824416	3.9525699615478516
0.5901825080302999	0.2700539455903482	3.992569923400879
0.5905430660933974	0.2708884797404988	4.022569894790649
0.588069226842846	0.2726111426641115	4.05256986618042
0.586683694188065	0.27382719798472327	4.092569828033447
0.5852758623330231	0.27427771188233907	4.122570037841797
0.5691524639979232	0.2854343473035539	4.152570009231567
0.4902788251131459	0.2550373490239069	4.192569971084595
0.48932976174506926	0.2535069344772643	4.222569942474365
0.48768850145544834	0.25538576038691696	4.252569913864136
0.48597818662415565	0.25530696907727757	4.292569875717163
0.4848108886106569	0.2570146537571325	4.322569847106934
0.48636785917691444	0.25870250114684407	4.352569818496704
0.48518154884204456	0.25907172212074525	4.3925700187683105
0.4857151278313298	0.26015485774918684	4.422569990158081
0.4856935183455905	0.26086053526058123	4.452569961547852
0.42135530372599017	0.15624658053234883	4.522569894790649
0.42219681291718253	0.15560216533000548	4.55256986618042
0.4232306208365244	0.15624434004223653	4.592569828033447
0.4217830654625098	0.15779360360073486	4.622570037841797
0.42069223695477403	0.15818161204219783	4.652570009231567
0.4200790325438999	0.15941187687272634	4.692569971084595
0.4203860683036501	0.15803793887376144	4.722569942474365
0.4202275554535636	0.15842029847276243	4.752569913864136
0.4235536780845569	0.15844953880120338	4.792569875717163
0.51872759307361	0.20338568846941307	4.822569847106934
0.516604979430498	0.2049666483800107	4.852569818496704
0.5151568254345461	0.20584845442026553	4.8925700187683105
0.5139889510584651	0.20706355573966825	4.922569990158081
0.513082850855993	0.2071206552790419	4.952569961547852
0.5123257922994406	0.20730999400510455	4.992569923400879
0.5119864707957369	0.2075545207488391	5.022569894790649
0.512524654040044	0.20836721004140973	5.05256986618042
0.512534027318549	0.20937585262351585	5.092569828033447
0.512147401458494	0.2095177441202514	5.122570037841797
0.512202538017753	0.20993813312630408	5.152570009231567
0.5120733864398451	0.21115803075250295	5.192569971084595
0.51180933542608	0.21123414859899411	5.222569942474365
0.5125153614785267	0.2112662686344251	5.252569913864136
0.6045941549687424	0.21124521778405989	5.292569875717163
0.6124907634609983	0.21196807006897622	5.322569847106934
0.6121796203882248	0.21302258638531169	5.352569818496704
0.6113116572948109	0.2124784855962403	5.3925700187683105
0.6099771531881601	0.21350809953304664	5.422569990158081
0.6098515058603652	0.21327368237263233	5.452569961547852
0.6083970898893982	0.21456574663167163	5.492569923400879
0.6073590111521915	0.21607472822531917	5.522569894790649
0.6065148244108868	0.21643285963814965	5.55256986618042
0.6582400213141081	0.17396677008116712	5.592569828033447
0.6592293228589082	0.15235708195868486	5.622570037841797
0.6592450025360042	0.15340939554550437	5.652570009231567
0.6574226149900448	0.15180240671426487	5.692569971084595
0.6574921574283346	0.15248895152936512	5.722569942474365
0.6577468079895854	0.15232269812184152	5.752569913864136
0.6575824067013867	0.15161738981586972	5.792569875717163
0.6574034125673418	0.1518900129610593	5.822569847106934
0.6573727064403333	0.15144894661825645	5.852569818496704
0.708802850586953	0.16509694846840467	5.8925700187683105
0.7081581262185048	0.16662777620237207	5.922569990158081
0.707128877200659	0.16746180337854472	5.952569961547852
0.7051414212140524	0.16794953322899397	5.992569923400879
0.7044625033953258	0.16730251973282118	6.022569894790649
0.703065305414229	0.16819549767043726	6.05256986618042
0.702241198542759	0.16815751203158583	6.092569828033447
0.7014956689982208	0.1684786915698957	6.122570037841797
0.7014712386654185	0.167489467829183	6.152570009231567
0.7158121834350277	0.16992519601388958	6.192569971084595
0.7660655947577812	0.16651915968208625	6.222569942474365
0.7643077007324537	0.16845294184806328	6.252569913864136
0.7623541902739434	0.16792677984247645	6.292569875717163
0.7612829293137463	0.1685091457516072	6.322569847106934
0.7608726617735269	0.16842812876152918	6.352569818496704
0.7606573816975456	0.16988434107890488	6.3925700187683105
0.7595578679040498	0.1720295141333569	6.422569990158081
0.7583811273573956	0.17260237478331	6.452569961547852
0.7574806189672404	0.17179889782639712	6.492569923400879
0.7577995838614946	0.17215844133316355	6.522569894790649
0.7571183047566071	0.17097574946108476	6.55256986618042
0.7573368775699469	0.1714182754359737	6.592569828033447
0.8292060654746526	0.22637543923555242	6.652570009231567
0.8269891638422865	0.22751052153104742	6.692569971084595
0.825710012679266	0.22807466054743925	6.722569942474365
0.8239510449182437	0.22789893905480235	6.752569913864136
0.8232247958509357	0.22862056202279787	6.792569875717163
0.8221762760845328	0.22963520772469734	6.822569847106934
0.8227016301908251	0.23108991285036543	6.852569818496704
0.8214486843004543	0.23280156057965112	6.8925700187683105
0.8216956290974822	0.23321734443991718	6.922569990158081
0.8217397219907207	0.2336816918305689	6.952569961547852
0.8217111008458953	0.2291992369631958	6.992569923400879
0.800584599758507	0.036681534082043145	7.022569894790649
0.8034340577090199	0.03815473403927097	7.092569828033447
0.8041580197796864	0.03817802362311126	7.122570037841797
0.8047541126387716	0.03449133170335455	7.152570009231567
0.8041307115308057	0.03447417120144801	7.192569971084595
0.8049593660807984	0.03368487613160529	7.222569942474365
0.8052282996417796	0.03307574618623067	7.252569913864136
0.8050870466934068	0.0334028758191932	7.292569875717163
0.8046104742301771	0.034709100652569005	7.322569847106934
0.8173951734944985	0.07788451009920404	7.352569818496704
0.8161456878453338	0.08189289974947055	7.3925700187683105
0.8156787345294029	0.07993101164844937	7.422569990158081
0.8151351781241143	0.08060393801971094	7.452569961547852
0.8141900555359479	0.08073330572009867	7.492569923400879
0.8131875322713615	0.11865866422310423	7.522569894790649
0.8098781969383165	0.23890646594888923	7.572569847106934
0.8097262250123394	0.2375353060160117	7.592569828033447
0.8094955082723246	0.23885693273860198	7.622570037841797
0.8089960148561447	0.24035740447662352	7.652570009231567
0.808693147752423	0.24312259598724578	7.692569971084595
0.8082882844656134	0.24289417972220492	7.722569942474365
0.8078575070741704	0.24311613935519713	7.752569913864136
0.8078499385136676	0.2434354795585432	7.792569875717163
0.77447121769014	0.2878734154004586	7.822569847106934
0.6989028245837419	0.49596632751367864	7.852569818496704
0.690524001831206	0.5044323955712912	7.8925700187683105
0.6885179598175353	0.5053278749911165	7.922569990158081
0.6869149714056874	0.5082308834436214	7.952569961547852
0.6859104853312363	0.5092842880079848	7.992569923400879
0.6851396197279837	0.5109522232467184	8.02256989479065
0.6831205723886852	0.5124314966491729	8.05256986618042
0.5786746698630686	0.5237588765794184	8.092569828033447
0.5760475228597103	0.5283871227527902	8.122570037841797
0.5722815769472406	0.5332436821214499	8.152570009231567
0.5691734150684291	0.5375077135284033	8.192569971084595
0.566007703380083	0.5384978648325667	8.222569942474365
0.5617922069115777	0.5421860920925603	8.252569913864136
0.48665455501354077	0.648812966888232	8.292569875717163
0.4810915090066156	0.658166641861779	8.322569847106934
0.47917914216320406	0.6611697630165503	8.352569818496704
0.4772221605909775	0.6640224860933793	8.39257001876831
0.47664920205802186	0.6658802971592632	8.422569990158081
0.47538180955039794	0.6666999894721362	8.452569961547852
0.44595571501003767	0.6741856910642205	8.492569923400879
0.4084121558936725	0.6850604171105474	8.52256989479065
0.40998046994895254	0.6845979118178654	8.55256986618042
0.408602062539247	0.6858731683047317	8.592569828033447
0.4069823761117727	0.6891584924229034	8.622570037841797
0.4065088386329264	0.6897700859390907	8.652570009231567
0.40757078801590124	0.691145758431696	8.692569971084595
0.4067706519285501	0.6816705917416194	8.722569942474365
0.406894917047704	0.6342642340463323	8.752569913864136
0.40638142906626684	0.6352255533619202	8.792569875717163
0.40852477451251745	0.6345550663995506	8.822569847106934
0.40768822216492745	0.6338505143221792	8.852569818496704
0.4076316073007088	0.6355043974642755	8.89257001876831
0.44051199580393713	0.6162801040068054	8.922569990158081
0.47276349299607356	0.5997105284005155	8.952569961547852
0.47143230817290027	0.5981959171854777	8.992569923400879
0.47212887066594617	0.5985882602589503	9.02256989479065
0.4720794774876346	0.5999017622013897	9.05256986618042
0.47035400277563083	0.6027425197021518	9.092569828033447
0.4690159031270573	0.603664498366288	9.122570037841797
0.4695938051742757	0.6033634116944846	9.152570009231567
0.4722782027384576	0.6012792611883461	9.192569971084595
0.550589921063097	0.5725057693932005	9.222569942474365
0.5483131752381203	0.5755642559578663	9.252569913864136
0.5475500691214483	0.5741534391035255	9.292569875717163
0.547234859950664	0.5739218421237792	9.322569847106934
0.5473950866466184	0.5731274684389362	9.352569818496704
0.546664734756205	0.5747051999828755	9.39257001876831
0.546833103610253	0.5750118189141809	9.422569990158081
0.5470024983178139	0.5750404821958313	9.452569961547852
0.5474734972828917	0.5735554112698391	9.492569923400879
0.5474402219807005	0.5726270484645363	9.52256989479065
0.5473354014067585	0.5719213923002971	9.55256986618042
0.5473527094888911	0.5731680960846016	9.592569828033447
0.5480598453184284	0.5709578195727458	9.622570037841797
0.5477817758422632	0.5706253511459234	9.652570009231567
0.5486671084545129	0.5694224021269729	9.692569971084595
0.588109667868326	0.5410991467494449	9.722569942474365
0.5870924602019236	0.5379851865577056	9.752569913864136
0.586032517980356	0.5367706140248016	9.792569875717163
0.585886828357413	0.5347042841476817	9.822569847106934
0.5857562106476265	0.5354123336629771	9.852569818496704
0.5862961352557617	0.5352537583458441	9.89257001876831
0.5855620527012743	0.5362602091140831	9.922569990158081
0.5839779238964491	0.5381261534941594	9.952569961547852
0.6100605479953627	0.5242724697563896	9.992569923400879
0.6097226955643972	0.5226259835303738	10.02256989479065
0.6088291083811501	0.5226020071300056	10.05256986618042
0.6083753921202505	0.521844782607445	10.092569828033447
0.6084284598748183	0.5234707371711582	10.122570037841797
0.6085939689366274	0.523183539913434	10.152570009231567
0.608175732119635	0.5234368450912834	10.192569971084595
0.607655501804188	0.5238743402564592	10.222569942474365
0.6070323078873415	0.5249250927708169	10.252569913864136
0.6065826518432419	0.5256827441748174	10.292569875717163
0.6065979494740268	0.5254905551500442	10.322569847106934
0.6071400584374188	0.5261224902428505	10.352569818496704
0.6607031604729737	0.5401918057384986	10.39257001876831
0.6586498930220972	0.5422925685717184	10.422569990158081
0.6583277752828196	0.543097956398656	10.452569961547852
0.6577719500223191	0.5444891593061416	10.492569923400879
0.6577503050899519	0.5442847330973867	10.52256989479065
0.6572922992863716	0.5442253545733415	10.55256986618042
0.6056105417983004	0.5309122471869453	10.592569828033447
0.6057519900551591	0.5283244864393375	10.622570037841797
0.6054074090326914	0.528772909809544	10.652570009231567
0.6054997560288963	0.5280083235175854	10.692569971084595
0.6059065279863952	0.5277632092447274	10.722569942474365
0.6051042807802353	0.5274410145215835	10.752569913864136
0.6054046452494412	0.528288702304828	10.792569875717163
0.6051260215362445	0.5294783781024859	10.822569847106934
0.6048190026376636	0.530148781090147	10.852569818496704
0.6046387391760537	0.5297917983919161	10.89257001876831
0.6039554092177519	0.5289096903422618	10.922569990158081
0.6039030649888169	0.5279218092589395	10.952569961547852
0.5830519975315301	0.5227108826555005	10.992569923400879
0.5762494177721932	0.5162132554404635	11.05256986618042
0.5747457155448258	0.5124246618611966	11.062569856643677
0.5723875600447416	0.5087787468866547	11.092569828033447
0.572429865227324	0.5092500159384574	11.122570037841797
0.571745376676209	0.5089946028996003	11.152570009231567
0.571009074178527	0.5085992685799408	11.192569971084595
0.5699336620035083	0.507772220716092	11.222569942474365
0.570460843888851	0.5082484195957562	11.252569913864136
0.6497601077736724	0.5403512798494071	11.292569875717163
0.6483185664973957	0.5443874116066765	11.322569847106934
0.6472153977925802	0.5460676843564282	11.352569818496704
0.6469934475953044	0.5467692999837019	11.39257001876831
0.6469001168139179	0.5480282064880532	11.422569990158081
0.6469463057062759	0.5513339731448648	11.452569961547852
0.6468724828499526	0.5506020528311394	11.492569923400879
0.646038285433262	0.55130362646851	11.52256989479065
0.6457898150536155	0.5527114049368347	11.55256986618042
0.6460629339895305	0.5524218998230545	11.592569828033447
0.646353869538043	0.552155611671859	11.622570037841797
0.6861056413634032	0.5441039785434124	11.652570009231567
0.684488690475981	0.5450272447357749	11.692569971084595
0.681174739473683	0.5466246310036301	11.722569942474365
0.6805131735388383	0.5468587639880809	11.752569913864136
0.68044189373288	0.5453431971405737	11.792569875717163
0.6794954766063345	0.5455846994987974	11.822569847106934
0.6790926837926547	0.5463549014187379	11.852569818496704
0.6781530921905088	0.5477185972782017	11.89257001876831
0.6786755862057454	0.5464031275425086	11.922569990158081
0.7387276192295953	0.5293442739388632	11.992569923400879
0.7381851391108363	0.5293396902847957	12.02256989479065
0.7378041416398315	0.5290960469060407	12.05256986618042
0.7374690154876179	0.5299775707922508	12.092569828033447
0.7376574773570979	0.5328361057893167	12.122570037841797
0.737143220113793	0.5324895303268233	12.152570009231567
0.7466752323459153	0.543719890805328	12.192569971084595
0.7588587781743729	0.5687399191083325	12.242569923400879
0.7583651861049343	0.5660146797140844	12.262569904327393
0.7591311532827009	0.5674634801673393	12.292569875717163
0.758609370610983	0.5662007035093808	12.322569847106934
0.7588344342671841	0.5650282072178757	12.352569818496704
0.7585999572627953	0.5651336814749259	12.39257001876831
0.7584203589804942	0.5650471131889048	12.422569990158081
0.7579621484578348	0.5646706648548762	12.452569961547852
0.7573792031905974	0.5645354949380806	12.492569923400879
0.7580133748307192	0.5636597701226638	12.52256989479065
0.7909958898692278	0.5463771531183179	12.55256986618042
0.7872912175515016	0.5427970492722699	12.592569828033447
0.7863746124431112	0.5436557626945393	12.622570037841797
0.786473046359946	0.5440421552016668	12.652570009231567
0.789213977739942	0.5449436458134799	12.692569971084595
0.8169871769296222	0.5643398989943407	12.722569942474365
0.8156164104902432	0.5627285278734324	12.752569913864136
0.8151547428347891	0.5631288786214699	12.792569875717163
0.8149128959919749	0.5632639596337745	12.822569847106934
0.8148575764395589	0.5618853877400455	12.852569818496704
0.8152328259493612	0.561872236193475	12.89257001876831
0.8149794934516195	0.5615187598752489	12.922569990158081
0.8148028056430248	0.5606050301680126	12.952569961547852
0.8130996298320805	0.5570340955453216	12.992569923400879
0.7540421696036456	0.38467753404599664	13.02256989479065
0.7543680594903698	0.3848176902981067	13.05256986618042
0.7538020219026695	0.38352428432980773	13.092569828033447
0.7541016707144115	0.3805444656077889	13.122570037841797
0.5392265983253887	0.20394410822374934	13.192569971084595
0.5383168333354187	0.2093059161044808	13.222569942474365
0.5374447606743148	0.2077844022721883	13.252569913864136
0.5352516870066523	0.20806138970596844	13.292569875717163
0.5335519459509885	0.20826186921450673	13.322569847106934
0.5033462311504723	0.21891683154365363	13.352569818496704
0.4968280228462023	0.23264917556272968	13.39257001876831
0.49464569335261666	0.23049783085183864	13.422569990158081
0.4977278313945889	0.23321980233485406	13.452569961547852
0.49272635097796663	0.23347504726091908	13.492569923400879
0.42908683599398	0.23312864854053916	13.52256989479065
0.4277963691837184	0.23261427480156852	13.55256986618042
0.42868554038149076	0.23430000858501998	13.592569828033447
0.42612476404254607	0.23558757862354768	13.622570037841797
0.4271095382088297	0.23753258417333648	13.652570009231567
0.5291388287130523	0.25149398326039296	13.692569971084595
0.5272695256162805	0.2526053866950011	13.722569942474365
0.5241811979806412	0.25392756344923473	13.752569913864136
0.5226889034896048	0.2570007311537391	13.792569875717163
0.5217194966233445	0.2584009554871038	13.822569847106934
0.5209997051334613	0.25869163778444376	13.852569818496704
0.5204193737594747	0.2588754092729634	13.89257001876831
0.5192131554069648	0.2599398034114679	13.922569990158081
0.5190904697533454	0.2598773208144348	13.952569961547852
0.5184808041985264	0.2619404682390232	13.992569923400879
0.5174107873120077	0.26295398085993765	14.02256989479065
0.517278671702964	0.26325509681397236	14.05256986618042
0.5529350851349174	0.2591027499629708	14.092569828033447
0.5834400737837708	0.26191775026225833	14.122570037841797
0.5825981122425199	0.26316516247413846	14.152570009231567
0.582035268288811	0.2638066339501021	14.192569971084595
0.5813654888840871	0.2637801738795389	14.222569942474365
0.5796405167828285	0.2651679575951836	14.252569913864136
0.5792504096848964	0.2656962633820042	14.292569875717163
0.5815293653041974	0.26437028250933164	14.322569847106934
0.7324265426227212	0.22470261943429756	14.352569818496704
0.7301277839692072	0.22514152915898575	14.39257001876831
0.7269873127586062	0.224499534081068	14.422569990158081
0.7254399313516665	0.22628877417172705	14.452569961547852
0.7242423393393473	0.22490895968082245	14.492569923400879
0.722717677726718	0.22563864094352598	14.52256989479065
0.7226530894849549	0.22537421937537652	14.55256986618042
0.7224531241250844	0.22699300017674662	14.592569828033447
0.7216278235358818	0.22577214108613944	14.622570037841797
0.7214827138783877	0.2255989445578315	14.652570009231567
0.7212833112719108	0.22440533623599462	14.692569971084595
0.7208489916645874	0.22551487354350577	14.722569942474365
0.7214168672730562	0.2246503450826171	14.752569913864136
0.7200968539841421	0.22525617313172777	14.792569875717163
0.7200599272815237	0.22547854331394948	14.822569847106934
0.7196476624899201	0.2265568266929213	14.852569818496704
0.6825634857465109	0.2004711260102204	14.89257001876831
0.6827117083592898	0.1984558678878213	14.922569990158081
0.681892524372172	0.1992424009115934	14.952569961547852
0.6817903015939861	0.19866479918873814	14.992569923400879
0.6808006197164372	0.19847066976169453	15.02256989479065
0.6809754195672708	0.19815148785928555	15.05256986618042
0.680983348818622	0.19701465744746552	15.092569828033447
0.6817418136081042	0.19772889902320379	15.122570037841797
0.6822595533491981	0.19667381944057158	15.152570009231567
0.6823346703922982	0.19654058750856856	15.192569971084595
0.6823278128430963	0.19658009191685127	15.222569942474365
0.6796254468248705	0.12644119530699888	15.252569913864136
0.6790580269114467	0.11534277359770705	15.292569875717163
0.6789250437096481	0.11835304544759356	15.322569847106934
0.6789082730236798	0.1164751833630855	15.352569818496704
0.6787270326171613	0.116242214239889	15.39257001876831
0.6778014750196345	0.11702994830402583	15.422569990158081
0.6773414170706792	0.1184968177850787	15.452569961547852
0.6772985894104064	0.11809181842008624	15.492569923400879
0.6771376664713582	0.1184540465989812	15.52256989479065
0.6767815793632016	0.1181603634116166	15.55256986618042
0.677096725203957	0.1171534311535689	15.592569828033447
0.6774754531991879	0.11699137745601257	15.622570037841797
0.6756566031328222	0.11797397817520709	15.652570009231567
0.5946603097208997	0.1149483326464921	15.692569971084595
0.5961298267986951	0.1143535305626327	15.722569942474365
0.5951623356744496	0.11407885196347899	15.752569913864136
0.594439328956296	0.11458045546481431	15.792569875717163
0.5938768116981541	0.11494543660010681	15.822569847106934
0.5939582750061047	0.11522303190344363	15.852569818496704
0.5942817313978874	0.11378559071241955	15.89257001876831
0.5942619262524911	0.11410033954506642	15.922569990158081
0.5922353328725775	0.11510990616060938	15.952569961547852
0.5313220114632958	0.10005553615449125	15.992569923400879
0.5320018041567413	0.09958147202801527	16.02256989479065
0.5319082124841005	0.09946065459364985	16.05256986618042
0.5316259093143464	0.09942017470666104	16.092569828033447
0.5316589838734812	0.099817905987745	16.122570037841797
0.5305397193987387	0.1000616659712492	16.152570009231567
0.5287091088426014	0.1006902909077004	16.192569971084595
0.5279279868443209	0.10041713005419545	16.222569942474365
0.5275919283178291	0.10086331215978196	16.252569913864136
0.5276829287917517	0.09984348335283834	16.292569875717163
0.44244157775166837	0.0809270893031093	16.352569818496704
0.4428082678754091	0.08086428831423634	16.39257001876831
0.44236225487168396	0.07916482681004616	16.42256999015808
0.44200575947900345	0.08043819499174935	16.45256996154785
0.44187688661533053	0.080745319809961	16.49256992340088
0.4420972739254334	0.0797649108153111	16.52256989479065
0.44260568205857215	0.08017876088588147	16.55256986618042
0.42855757106434317	0.0538163293169099	16.592569828033447
0.43034894511351934	0.050503780009859965	16.622570037841797
0.4317509836509515	0.04929202227764338	16.652570009231567
0.4328659802943668	0.049547652837961254	16.692569971084595
0.4329241295334042	0.049802789401380054	16.722569942474365
0.43315930778208633	0.04949067502046613	16.752569913864136
0.43461794226195527	0.05123604082893816	16.792569875717163
0.43517709740761834	0.050196476028524444	16.822569847106934
0.43517709740761834	0.050196476028524444	16.852569818496704
0.43517709740761834	0.050196476028524444	16.89257001876831
0.43517709740761834	0.050196476028524444	16.92256999015808
0.43517709740761834	0.050196476028524444	16.95256996154785
0.43517709740761834	0.050196476028524444	16.99256992340088
0.43517709740761834	0.050196476028524444	17.02256989479065
0.43517709740761834	0.050196476028524444	17.05256986618042
0.43517709740761834	0.050196476028524444	17.092569828033447
0.43517709740761834	0.050196476028524444	17.122570037841797
0.43517709740761834	0.050196476028524444	17.152570009231567
0.43517709740761834	0.050196476028524444	17.192569971084595
0.43517709740761834	0.050196476028524444	17.222569942474365
0.43517709740761834	0.050196476028524444	17.252569913864136
0.43517709740761834	0.050196476028524444	17.292569875717163
0.43517709740761834	0.050196476028524444	17.322569847106934
0.43517709740761834	0.050196476028524444	17.352569818496704
0.43517709740761834	0.050196476028524444	17.39257001876831
0.43517709740761834	0.050196476028524444	17.42256999015808
0.43517709740761834	0.050196476028524444	17.45256996154785
0.43517709740761834	0.050196476028524444	17.49256992340088
0.43517709740761834	0.050196476028524444	17.52256989479065
0.43517709740761834	0.050196476028524444	17.55256986618042
0.43517709740761834	0.050196476028524444	17.592569828033447
0.43517709740761834	0.050196476028524444	17.622570037841797
0.43517709740761834	0.050196476028524444	17.652570009231567
0.43517709740761834	0.050196476028524444	17.692569971084595
0.43517709740761834	0.050196476028524444	17.722569942474365
0.43517709740761834	0.050196476028524444	17.752569913864136
0.43517709740761834	0.050196476028524444	17.792569875717163
0.673758052024255	0.14413780729146317	17.852569818496704
0.6818525340577396	0.17052655987045345	17.89257001876831
0.679359189055138	0.17225758596408997	17.92256999015808
0.6759454457575564	0.17738264676041268	17.95256996154785
0.6737881684157385	0.18030780588130016	17.99256992340088
0.672024748463624	0.18294979688875673	18.02256989479065
0.6714557173584662	0.18306511762451655	18.05256986618042
0.6706222220868117	0.18507435103728978	18.092569828033447
0.6701410463552303	0.1865287913810782	18.122570037841797
0.6688850362253235	0.18721891465668034	18.152570009231567
0.6713625669801153	0.18582054778690654	18.192569971084595
0.7036289265492376	0.19799832565515907	18.222569942474365
0.7018213309632141	0.1968125460065504	18.252569913864136
0.7003635383296489	0.1974854065286387	18.292569875717163
0.6996745242550029	0.19702438043121234	18.322569847106934
0.6987553441589234	0.19769818250169452	18.352569818496704
0.6981058082557514	0.1988983964633594	18.39257001876831
0.6983680825383015	0.19819800546915678	18.42256999015808
0.697573566239265	0.19854130527111755	18.45256996154785
0.6166383376872747	0.21819173157157387	18.49256992340088
0.6163139703522058	0.2187362712890939	18.52256989479065
0.6145759704963852	0.22140123104119744	18.55256986618042
0.613015753386357	0.22369754796338479	18.592569828033447
0.6111420590095579	0.22493366296856343	18.622570037841797
0.610657600023049	0.22563783212499705	18.652570009231567
0.6093477061949075	0.2274239253169708	18.692569971084595
0.6087781164801003	0.22789296606244897	18.722569942474365
0.528935955964026	0.48170605980839865	18.792569875717163
0.5241893271326766	0.4856678090694209	18.822569847106934
0.5207100045567816	0.49073172349983313	18.852569818496704
0.5178762736437296	0.49365549446764523	18.89257001876831
0.516632810444424	0.49455936976821846	18.92256999015808
0.5149340737764345	0.49520637569762466	18.95256996154785
0.5943349521696546	0.18409815452370312	19.02256989479065
0.593953135653745	0.1859677978147067	19.05256986618042
0.5945996647796701	0.1849751682298999	19.092569828033447
0.5943140280998132	0.18588031679928063	19.122570037841797
0.5933469743238848	0.18689850730902047	19.162569999694824
0.591445799949077	0.18730729552779446	19.192569971084595
0.46893700533906535	0.17362502971644256	19.222569942474365
0.4674651710919158	0.17523175054453097	19.252569913864136
0.46490786215071345	0.17510875715284138	19.292569875717163
0.46289251521942376	0.1767592164787885	19.322569847106934
0.4614493199231095	0.17881954321970747	19.352569818496704
0.45972637867590743	0.17965663228008785	19.39257001876831
0.4590093366994359	0.18018294580579658	19.42256999015808
0.4587069376586715	0.18069544811782798	19.45256996154785
0.4358996525619859	0.19506617121510259	19.49256992340088
0.4356125250986318	0.19927019921305394	19.52256989479065
0.43491024598350597	0.20098369752980647	19.55256986618042
0.43476066924833034	0.20119789452502843	19.592569828033447
0.434183057847636	0.1992768289789714	19.622570037841797
0.4348617086664595	0.20060558269555606	19.652570009231567
0.43318696440417365	0.20004103061668793	19.692569971084595
0.43122853474663053	0.20204465721298032	19.722569942474365
0.430518683799815	0.20205781571465414	19.752569913864136
0.43032261453174714	0.2012174396227105	19.792569875717163
0.4309555862464657	0.20141694224867485	19.822569847106934
0.4301378939010167	0.20112957402113663	19.86257004737854
0.43915699006185205	0.208262486919733	19.89257001876831
0.527641061447022	0.31498338655180086	19.92256999015808
0.5248369397657411	0.31605496166971325	19.96256995201111
0.5236199618335518	0.3144103108378315	19.99256992340088
0.5237291491026591	0.31744007384907874	20.02256989479065
0.522800431849131	0.31803854344084953	20.062569856643677
0.5228959617827981	0.3189538089654076	20.092569828033447
0.5239186766344331	0.3168657966137696	20.122570037841797
0.7459248926033603	0.14879279374179927	20.192569971084595
0.7463798170328952	0.1492463556952632	20.222569942474365
0.7453982239844258	0.15067696626284854	20.262569904327393
0.7454699260324708	0.1513363314899478	20.292569875717163
0.8008927251045234	0.18354420259251875	20.322569847106934
0.7942061050504267	0.19615526170211703	20.36257004737854
0.7951849415613896	0.1957272899703057	20.39257001876831
0.7952483501179637	0.19636692628494992	20.42256999015808
0.7945874430577751	0.197312446135975	20.46256995201111
0.7929664490539392	0.19874615374682067	20.49256992340088
0.7917978259719036	0.19623540895757663	20.52256989479065
0.7899329878715451	0.19873318343412147	20.562569856643677
0.789004662090989	0.20209030335823291	20.592569828033447
0.8018180473435774	0.2417396500312769	20.622570037841797
0.8011571461944683	0.23848831837698314	20.662569999694824
0.7989930381174997	0.2380067715175379	20.692569971084595
0.7992335134387202	0.23713455085061527	20.722569942474365
0.7991945429744831	0.2366054866291879	20.762569904327393
0.7995916468789237	0.23647458090958784	20.792569875717163
0.798854305636348	0.23620948247006887	20.822569847106934
0.7994743935725528	0.23692724556255476	20.86257004737854
0.7985055066269798	0.23687310673681938	20.89257001876831
0.780057750092492	0.24260892749942561	20.92256999015808
0.618694916866529	0.2288074939908908	20.96256995201111
0.6159638334449777	0.23201723305823793	20.99256992340088
0.6132433287375942	0.2335744702304097	21.02256989479065
0.6114391049472994	0.23597422090869374	21.062569856643677
0.6102000524802185	0.2393430087971286	21.092569828033447
0.6095279578437856	0.24017692569518642	21.122570037841797
0.6079662250373221	0.2399130704442241	21.162569999694824
0.6085651808757955	0.2401071480974744	21.192569971084595
0.6068312869408443	0.240366672471857	21.222569942474365
0.6064125585477259	0.24210899226832167	21.262569904327393
0.6036359453117193	0.24106707288535686	21.292569875717163
0.4964340233484299	0.20190159714086825	21.322569847106934
0.4957391392213557	0.2026570762938144	21.36257004737854
0.49297849737998006	0.2028908202707501	21.39257001876831
0.4908141642926608	0.2048460439023001	21.42256999015808
0.488492781196048	0.206319607473373	21.46256995201111
0.4863111570823206	0.20683098914372164	21.49256992340088
0.4842057347602801	0.21151764509308885	21.52256989479065
0.4840355804418743	0.21144487389559288	21.562569856643677
0.48360974610149066	0.21183412412285502	21.592569828033447
0.48348292411859434	0.21171060491913146	21.622570037841797
0.48411340082846094	0.21127951753127128	21.662569999694824
0.4306459261428862	0.07776279746291935	21.722569942474365
0.43207576296077005	0.07766329288974115	21.762569904327393
0.43342227802786143	0.07582806934436258	21.792569875717163
0.43436825891462777	0.07310807194935545	21.822569847106934
0.4339666970104424	0.07349335412023586	21.86257004737854
0.43418601526135636	0.07112354316628396	21.89257001876831
0.434282485946734	0.07057562215354914	21.92256999015808
0.4333386480266207	0.0718016021577884	21.96256995201111
0.4332329282516459	0.07119715344835151	21.99256992340088
0.4333790825670193	0.06919204156022005	22.02256989479065
0.43576631859485804	0.0680016186337688	22.062569856643677
0.43576631859485804	0.0680016186337688	22.092569828033447
0.43576631859485804	0.0680016186337688	22.122570037841797
0.43576631859485804	0.0680016186337688	22.162569999694824
0.43576631859485804	0.0680016186337688	22.192569971084595
0.43576631859485804	0.0680016186337688	22.222569942474365
0.43576631859485804	0.0680016186337688	22.262569904327393
0.43576631859485804	0.0680016186337688	22.292569875717163
0.43576631859485804	0.0680016186337688	22.322569847106934
0.43576631859485804	0.0680016186337688	22.36257004737854
0.43576631859485804	0.0680016186337688	22.39257001876831
0.43576631859485804	0.0680016186337688	22.42256999015808
0.43576631859485804	0.0680016186337688	22.46256995201111
0.43576631859485804	0.0680016186337688	22.49256992340088
0.43576631859485804	0.0680016186337688	22.52256989479065
0.43576631859485804	0.0680016186337688	22.562569856643677
0.43576631859485804	0.0680016186337688	22.592569828033447
0.43576631859485804	0.0680016186337688	22.622570037841797
0.43576631859485804	0.0680016186337688	22.662569999694824
0.43576631859485804	0.0680016186337688	22.692569971084595
0.43576631859485804	0.0680016186337688	22.722569942474365
0.43576631859485804	0.0680016186337688	22.762569904327393
0.43576631859485804	0.0680016186337688	22.792569875717163
0.43576631859485804	0.0680016186337688	22.822569847106934
0.43576631859485804	0.0680016186337688	22.86257004737854
0.43576631859485804	0.0680016186337688	22.89257001876831
0.43576631859485804	0.0680016186337688	22.92256999015808
0.43576631859485804	0.0680016186337688	22.96256995201111
0.43576631859485804	0.0680016186337688	22.99256992340088
0.43576631859485804	0.0680016186337688	23.02256989479065
0.43576631859485804	0.0680016186337688	23.062569856643677
0.43576631859485804	0.0680016186337688	23.092569828033447
0.43576631859485804	0.0680016186337688	23.122570037841797
0.43576631859485804	0.0680016186337688	23.162569999694824
0.4117474070105333	0.013496703175382159	23.192569971084595
0.40647971844115494	0.05664193050333162	23.222569942474365
0.40607920708499695	0.05449004063102065	23.262569904327393
0.40580510573450523	0.05333633667357497	23.292569875717163
0.4053717132613943	0.053663693148874037	23.322569847106934
0.40455111054436627	0.055074673450745196	23.36257004737854
0.40379191180084406	0.05423760064279583	23.39257001876831
0.40434889059974977	0.054281823004944774	23.42256999015808
0.4034593683661739	0.05209470882652859	23.46256995201111
0.3972749927204207	0.017165917352284687	23.49256992340088
0.3975587227258765	0.017804344857725796	23.52256989479065
0.39774467622491033	0.016749694101310327	23.562569856643677
0.39765565130416997	0.016957724249174636	23.592569828033447
0.45240212633274896	0.053628291041653744	23.622570037841797
0.5179756190968454	0.0843874979856028	23.662569999694824
0.5155690021537609	0.08583225307975763	23.692569971084595
0.5131500593534318	0.08708480640181752	23.722569942474365
0.5124366467081165	0.08789690210173952	23.762569904327393
0.5119537544543935	0.08896749298270985	23.792569875717163
0.511333451836286	0.08923816141010246	23.822569847106934
0.5108478361469149	0.09003721449675026	23.86257004737854
0.5097339183864532	0.0909748301421134	23.89257001876831
0.53354842311301	0.09283940010813643	23.92256999015808
0.5674847251857028	0.08274398600492813	23.96256995201111
0.5670712506275395	0.08381830835671548	23.99256992340088
0.5668224560325326	0.08469599676907553	24.02256989479065
0.5653585994229677	0.0858853312927167	24.062569856643677
0.5629241589489207	0.08854802389298919	24.092569828033447
0.5630524877847958	0.08903382205259751	24.122570037841797
0.5623592111758875	0.08931918654081268	24.162569999694824
0.5621643245558189	0.0902675856558566	24.192569971084595
0.5924234152634262	0.072643337136527	24.222569942474365
0.6185647597267848	0.0632720129781625	24.262569904327393
0.6192346163173849	0.06194985010252634	24.292569875717163
0.6187250617011751	0.06236658955309106	24.322569847106934
0.6185553945269783	0.06269620346272267	24.36257004737854
0.6179122459871296	0.06327566061729875	24.39257001876831
0.6197923215907205	0.03001818442538601	24.42256999015808
0.6197923215907205	0.03001818442538601	24.46256995201111
0.6197923215907205	0.03001818442538601	24.49256992340088
0.6197923215907205	0.03001818442538601	24.52256989479065
0.6197923215907205	0.03001818442538601	24.562569856643677
0.6197923215907205	0.03001818442538601	24.592569828033447
0.6197923215907205	0.03001818442538601	24.622570037841797
0.6197923215907205	0.03001818442538601	24.662569999694824
0.6197923215907205	0.03001818442538601	24.692569971084595
0.6197923215907205	0.03001818442538601	24.722569942474365
0.6197923215907205	0.03001818442538601	24.762569904327393
0.6197923215907205	0.03001818442538601	24.792569875717163
0.6197923215907205	0.03001818442538601	24.822569847106934
0.6197923215907205	0.03001818442538601	24.86257004737854
0.6197923215907205	0.03001818442538601	24.89257001876831
0.6197923215907205	0.03001818442538601	24.92256999015808
0.6999385684084598	0.04170793628681448	24.96256995201111
0.6990904430310189	0.038806544636226674	24.99256992340088
0.6984179905290302	0.03753582468799611	25.02256989479065
0.6979257499534923	0.036241470431163464	25.062569856643677
0.6978237942654116	0.03681218809613628	25.092569828033447
0.6977836194822568	0.03601837116569361	25.122570037841797
0.6983655191490435	0.037448378785383644	25.162569999694824
0.7559633135503914	0.05031508190882602	25.192569971084595
0.7553318304907474	0.05060096113574977	25.222569942474365
0.7538428934948198	0.04988555043721363	25.262569904327393
0.7535884839593222	0.04919094740892554	25.292569875717163
0.752837591568535	0.049541820088098376	25.322569847106934
0.7525848666094023	0.050930758316737976	25.36257004737854
0.7525913333483988	0.05012764513164833	25.39257001876831
0.75256717054253	0.05042119193313972	25.42256999015808
0.7525484590689756	0.050791475558416996	25.46256995201111
0.7529096694699315	0.05063034857273357	25.49256992340088
0.753086414946581	0.04986642096302823	25.52256989479065
0.7636058320859469	0.05700459462491758	25.562569856643677
0.7997289964061184	0.06351860807226242	25.592569828033447
0.7986914351085185	0.06330281269387385	25.622570037841797
0.7985441585090046	0.06341236684404662	25.662569999694824
0.7985515790636638	0.0635274369465064	25.692569971084595
0.7983451910772347	0.06293100433004495	25.722569942474365
0.8007486705366426	0.061805533325798453	25.762569904327393
0.8215948816653033	0.03985765777196684	25.792569875717163
0.8204977770063635	0.04205453730378478	25.822569847106934
0.8185200537050844	0.041958469296503174	25.86257004737854
0.8179495817007674	0.04229431923104972	25.89257001876831
0.7728375803244114	0.17693720353699677	25.96256995201111
0.7717746880932679	0.17680890322115606	25.99256992340088
0.7701185274489838	0.17860549584949736	26.02256989479065
0.769706820847046	0.1799155790112471	26.062569856643677
0.7689256878771771	0.18243529372826947	26.092569828033447
0.7685395449128547	0.18479021476378515	26.122570037841797
0.7681450859129882	0.1848533004910723	26.162569999694824
0.7685611507285485	0.18512863375514022	26.192569971084595
0.769324902734798	0.18498684535389937	26.222569942474365
0.7688533041138433	0.18484549263999348	26.262569904327393
0.76923434307899	0.1851240303977216	26.292569875717163
0.7697235816017042	0.18603338986803206	26.322569847106934
0.7702360607788954	0.18650729248700523	26.36257004737854
0.714577287679195	0.20040122394149207	26.39257001876831
0.7115988698062278	0.2016819952813052	26.42256999015808
0.7113943772035196	0.20192564790988787	26.46256995201111
0.7103168646773385	0.20205402443973886	26.49256992340088
0.7096563523379307	0.2026849551629077	26.52256989479065
0.7083404837631847	0.2024552013216021	26.562569856643677
0.7083214711268708	0.20245148781018102	26.592569828033447
0.7086526987924158	0.2022709137438098	26.622570037841797
0.7091733175210092	0.2021936746457526	26.662569999694824
0.7082272384954765	0.20298803992983644	26.692569971084595
0.7069529182501663	0.20213552613897295	26.722569942474365
0.6957253001455633	0.20773096647984113	26.762569904327393
0.6529629921377639	0.22317985054699566	26.792569875717163
0.6533735511518222	0.22151238446651003	26.822569847106934
0.6523326714380001	0.2221187909625648	26.86257004737854
0.6513589648581449	0.2222845851255146	26.89257001876831
0.6513381339438675	0.22178662768360627	26.92256999015808
0.6507535342392924	0.22223466618947768	26.96256995201111
0.6501079175622003	0.22211208159892068	26.99256992340088
0.6486808830190467	0.22278161731138832	27.02256989479065
0.5589499707966105	0.23843298590233775	27.062569856643677
0.5595503848959896	0.23694405219756656	27.092569828033447
0.5573889070614662	0.23999750025728045	27.122570037841797
0.555462913480646	0.242193959036342	27.162569999694824
0.5542129103625931	0.2436542316084413	27.192569971084595
0.5535853598641763	0.24450907644217662	27.222569942474365
0.5533927416237445	0.24561857428356318	27.262569904327393
0.5535833340956352	0.24520705819964395	27.292569875717163
0.5143259647876216	0.2542421467789458	27.322569847106934
0.49282429306946907	0.25294135754122166	27.36257004737854
0.4910313959557139	0.2535622885360542	27.39257001876831
0.49232505815568745	0.25334183119886255	27.42256999015808
0.4445719011062083	0.25141281614283184	27.46256995201111
0.44250781646796156	0.25274115648204143	27.49256992340088
0.43999404646411167	0.2545474204364225	27.52256989479065
0.43727815612421245	0.2559569104207827	27.562569856643677
0.4371393338232838	0.2589341449474471	27.592569828033447
0.4342402685052544	0.25990929702305443	27.622570037841797
0.43304314231363206	0.26057123118381337	27.662569999694824
0.4335468018661998	0.259466451741938	27.692569971084595
0.4052946847789152	0.28426817371854857	27.722569942474365
0.40333924901245355	0.29196679778413376	27.762569904327393
0.4026537832836047	0.29253357906899435	27.792569875717163
0.40170290638399403	0.29566583718494993	27.822569847106934
0.4012694912969596	0.2966376673709764	27.86257004737854
0.40026195310454477	0.29803960723137185	27.89257001876831
0.40009671208209197	0.3002480335194954	27.92256999015808
0.4001353877846237	0.3001307771818998	27.96256995201111
0.39883625783439125	0.30229672571559774	27.99256992340088
0.39772502525429637	0.30279716387123723	28.02256989479065
0.3935421053996965	0.3287339925385762	28.062569856643677
0.39409153866652713	0.33012806052497007	28.092569828033447
0.39476998020846893	0.3315602854868755	28.122570037841797
0.4194959140709515	0.34102981147772665	28.162569999694824
0.4691250100772983	0.3715354926459522	28.192569971084595
0.46732283309747785	0.3711345384672149	28.222569942474365
0.4665859922019416	0.37198208229243485	28.262569904327393
0.4666742804858052	0.3744866994310079	28.292569875717163
0.46622876944365077	0.3745905358355468	28.322569847106934
0.4660160158986886	0.3759904486597051	28.36257004737854
0.4659796107844279	0.37527235469971026	28.39257001876831
0.4653585188241439	0.37645424977261266	28.42256999015808
0.46545849333275424	0.37855683586369704	28.46256995201111
0.48172687871660713	0.4461581793739792	28.49256992340088
0.48052202427401003	0.44831881201400603	28.52256989479065
0.4801189639932368	0.4494250505761078	28.562569856643677
0.4804142381651865	0.44928671949724847	28.592569828033447
0.47900685835621615	0.45068501138193034	28.622570037841797
0.479592288883494	0.45138570043877374	28.662569999694824
0.4804594523163959	0.4511847197969114	28.692569971084595
0.48119909924926135	0.4506702660256631	28.722569942474365
0.4816771808187377	0.45102774342437224	28.762569904327393
0.4823691112850132	0.4499182249998475	28.792569875717163
0.4826147895896605	0.44690651492065153	28.822569847106934
0.4819911999223262	0.4497908434126865	28.86257004737854
0.4827554929138392	0.44907611388717156	28.89257001876831
0.48251345796534806	0.44872294602490853	28.92256999015808
0.5376337026712195	0.44647386240167564	28.96256995201111
0.5413573064594419	0.4425525649031009	28.99256992340088
0.5409352599821223	0.44397959600683284	29.02256989479065
0.5416988647345744	0.4447253086968588	29.062569856643677
0.542068711004046	0.44446433653412265	29.092569828033447
0.5405457541532532	0.44850691116925706	29.122570037841797
0.5417379752074194	0.446402374605465	29.162569999694824
0.5432052323313495	0.4463725117096278	29.192569971084595
0.5864487132119584	0.4662342530650925	29.222569942474365
0.5856985083271661	0.4685977877785138	29.262569904327393
0.5833079838778552	0.47083944512716963	29.292569875717163
0.5821189033178873	0.47339701844224563	29.322569847106934
0.5805445218526077	0.4785290893911801	29.36257004737854
0.5660767232458848	0.5377207550462387	29.39257001876831
0.5670214842733887	0.5359162370001527	29.42256999015808
0.5653870396649457	0.5373081634821356	29.46256995201111
0.5650959933139141	0.5371695700188394	29.49256992340088
0.5655031448529483	0.5354968701703086	29.52256989479065
0.5657709666686473	0.5362816336973292	29.562569856643677
0.565176559435507	0.5370484818638885	29.592569828033447
0.5637596181817844	0.5389460678341319	29.622570037841797
0.5629882989665644	0.5396989825165693	29.662569999694824
0.5632344910845348	0.5386089160510774	29.692569971084595
0.6038333206999661	0.5180776011317513	29.722569942474365
0.6020570713856577	0.5184304697351072	29.762569904327393
0.6013735462016137	0.5181236869874603	29.792569875717163
0.6014562940744154	0.5182327026919403	29.822569847106934
0.6014232245279242	0.5192688378167055	29.86257004737854
0.6019049044416083	0.5190301688868625	29.89257001876831
0.6026905718256014	0.5193307386865845	29.92256999015808
0.6037129975772562	0.5205802032864899	29.96256995201111
0.6013116779636781	0.5193883417337339	29.99256992340088
0.6045523794830316	0.5180492979185086	30.02256989479065
0.6641816501861989	0.4860394398091144	30.062569856643677
0.6613008042089934	0.4834228949794694	30.092569828033447
0.6596691605781198	0.48163040540036506	30.122570037841797
0.6602950834353254	0.4812190556346683	30.162569999694824
0.6584988931299465	0.4804227868558958	30.192569971084595
0.6598862650946478	0.4804053061260399	30.222569942474365
0.6593193828916257	0.4814195448947677	30.262569904327393
0.7065096223924291	0.5422321896921283	30.292569875717163
0.703594095043197	0.5461950798194172	30.322569847106934
0.7019378816784941	0.5493934135432081	30.36257004737854
0.701339028989259	0.551542580548877	30.39257001876831
0.7006185038255067	0.5530523031730475	30.42256999015808
0.7011138031015645	0.553192597469364	30.46256995201111
0.7004101528704197	0.5528067879935821	30.49256992340088
0.6994074721379624	0.5536897909616297	30.532569885253906
0.6987907069043267	0.5554886637523386	30.562569856643677
0.7292900794963094	0.5527184314101178	30.592569828033447
0.7514224634285789	0.5441101130500117	30.632570028305054
0.7511400268769663	0.5456138229506713	30.662569999694824
0.751000609031365	0.5469574575697441	30.692569971084595
0.7504406163732764	0.5472494043143306	30.732569932937622
0.7495549005873422	0.5479346167717506	30.762569904327393
0.7489765404031056	0.5481459368659883	30.792569875717163
0.7493417416240289	0.5468445412610523	30.83256983757019
0.749390965129632	0.5459910779451166	30.86257004737854
0.7495145469159076	0.5457528282221196	30.89257001876831
0.7843662780197226	0.5251042438874474	30.96256995201111
0.7841797765441709	0.5229664569987704	30.99256992340088
0.7845030928444947	0.5225457441143655	31.032569885253906
0.7838053478936473	0.5238277565819046	31.062569856643677
0.7827382804075275	0.5247605421181681	31.092569828033447
0.7817304955353854	0.5275748078635601	31.132570028305054
0.7838738999465857	0.526345216848126	31.162569999694824
0.818597916426676	0.5500729874582477	31.192569971084595
0.8177272912053661	0.5494119927361987	31.232569932937622
0.8169007538776818	0.5514404705919158	31.262569904327393
0.8163206685887388	0.5506804024636022	31.292569875717163
0.8165316113413202	0.5512290055051481	31.33256983757019
0.8167063456476801	0.5523266914832443	31.36257004737854
0.8173728105887981	0.5515179690515957	31.39257001876831
0.8176812113979911	0.5508395583946923	31.432569980621338
0.8180226761312039	0.5499718023245068	31.46256995201111
0.6829158512105337	0.26624329649885725	31.532569885253906
0.6827863728932363	0.2528015538345618	31.562569856643677
0.6822584226005898	0.2502151913307697	31.592569828033447
0.6814069201468202	0.24861803266453905	31.632570028305054
0.6808690736047439	0.24623263143900487	31.662569999694824
0.6794203740949701	0.2470271207814017	31.692569971084595
0.5607787746283749	0.5668445012839173	31.762569904327393
0.554660509827132	0.5741376041768632	31.792569875717163
0.5531125958481833	0.5766741711043556	31.83256983757019
0.5497551100812965	0.5799648285491215	31.86257004737854
0.5460250667870453	0.584274569377047	31.89257001876831
0.5208151584715868	0.6322130419142439	31.932569980621338
0.5106805949408417	0.6504094960513392	31.96256995201111
0.5107403032632011	0.6537064531994075	31.99256992340088
0.5079006312275745	0.6548863849122502	32.032569885253906
0.5056100742052535	0.6585239789130534	32.06256985664368
0.5038249292918893	0.6607547715153722	32.09256982803345
0.7037979811332303	0.6700035411087739	32.162569999694824
0.7009061875684404	0.67272223793234	32.192569971084595
0.6981262504279938	0.67531167762959	32.23256993293762
0.6957613313745746	0.6791055290555277	32.26256990432739
0.6941235940747258	0.6827455176913018	32.29256987571716
0.6940568792621042	0.686671778173045	32.33256983757019
0.6922118048619083	0.6895014966589553	32.36257004737854
0.6909438113966337	0.6917574116873072	32.39257001876831
0.6900703742311923	0.692911116063467	32.43256998062134
0.5048464132265696	0.6549821340844116	32.49256992340088
0.5025342441515565	0.656955403874356	32.532569885253906
0.4739270611685134	0.6686527070000698	32.56256985664368
0.4606709735057853	0.675535309734365	32.59256982803345
0.4594069318959946	0.6780565738091008	32.632570028305054
0.4567859159253586	0.6808660124205357	32.662569999694824
0.4553209582924569	0.6838301448747489	32.692569971084595
0.45379762818893415	0.6851150835435619	32.73256993293762
0.4520519209922508	0.686980272421074	32.76256990432739
0.44964839344389546	0.6873230160311816	32.79256987571716
0.43215021177508495	0.6886040459380766	32.83256983757019
0.5668643657340127	0.6842210536558241	32.89257001876831
0.5645191467072105	0.6844489721604189	32.93256998062134
0.5610604691203492	0.6879577518359885	32.96256995201111
0.5598936961541664	0.6912502145242095	32.99256992340088
0.5587074217626079	0.6919631877073842	33.032569885253906
0.5574581874269454	0.6944033236487657	33.06256985664368
0.5559857040596418	0.6961656045421045	33.09256982803345
0.5553754756147181	0.6976003178035931	33.132570028305054
0.5554491646831234	0.6979100981098472	33.162569999694824
0.5549292549216203	0.6968902952273932	33.192569971084595
0.5547053121021334	0.6976998829716624	33.23256993293762
0.5510754216602766	0.696031687834025	33.26256990432739
0.5239384531491782	0.2516115917233129	33.33256983757019
0.5281596610582593	0.24768853076441508	33.36257004737854
0.5269943271126578	0.245236313278907	33.39257001876831
0.5270997897176419	0.2422120748104557	33.43256998062134
0.5267761453881737	0.24047170264143677	33.46256995201111
0.5258839698806433	0.23977710804060143	33.49256992340088
0.5260677403985895	0.23974223570154501	33.532569885253906
0.5263185752200159	0.23988698688507495	33.56256985664368
0.5274761520240278	0.24673523631992708	33.59256982803345
0.5253071573602165	0.2884213116426842	33.632570028305054
0.5241045386078678	0.2884620382784181	33.662569999694824
0.5228326689347473	0.28930758795123007	33.692569971084595
0.5220300659353531	0.2893810031834143	33.73256993293762
0.5208709275674209	0.29013270867205143	33.76256990432739
0.518158770353046	0.29518467483666855	33.79256987571716
0.47578982958848376	0.3766249214096535	33.83256983757019
0.4743044137273426	0.3794635898863348	33.86257004737854
0.4735668398500203	0.3812239550502814	33.89257001876831
0.4727774594943156	0.3837314067612291	33.93256998062134
0.4715811748909721	0.3863448915066495	33.96256995201111
0.47144866849194556	0.38779204288589714	33.99256992340088
0.4709383024085013	0.390039859758526	34.032569885253906
0.4706035670114105	0.3900196023239632	34.06256985664368
0.47007630768051745	0.3899129733380428	34.09256982803345
0.46936627536070813	0.39097648023863835	34.132570028305054
0.45018307109087513	0.414858687088978	34.162569999694824
0.4424780253591701	0.4365695966239105	34.192569971084595
0.44202509387717515	0.4356584139132536	34.23256993293762
0.4423483601996269	0.4340255951322592	34.26256990432739
0.44225284728048075	0.4350400477187372	34.29256987571716
0.4426743830184863	0.43360319250438384	34.33256983757019
0.44253706123310854	0.4334752652026509	34.36257004737854
0.44263631551492566	0.434165348830979	34.39257001876831
0.4434903639958431	0.43461035325469055	34.43256998062134
0.44423271692784977	0.43509659173981646	34.46256995201111
0.4436229804491872	0.4366188095087929	34.49256992340088
0.4420318353114633	0.4376742376183128	34.532569885253906
0.4417255121033774	0.4387344308787487	34.56256985664368
0.4425388356360749	0.4376166432499433	34.59256982803345
0.44234931402496175	0.43880927224663596	34.632570028305054
0.4428762446605376	0.43829503915623985	34.662569999694824
0.44373534263709913	0.43930030963937566	34.692569971084595
0.44417260210348547	0.43758255994145623	34.73256993293762
0.48079263138036354	0.3876819668312428	34.76256990432739
0.5289064054305942	0.39113597641484854	34.79256987571716
0.52686064004055	0.38975813361162576	34.83256983757019
0.531161385571934	0.38715861315850897	34.86257004737854
0.5824299004011642	0.36086806401923116	34.89257001876831
0.6135969796599056	0.36490549457876287	34.93256998062134
0.6156641472912939	0.367321081196337	34.96256995201111
0.5974741343966142	0.35560027237300956	34.99256992340088
0.5893934935088898	0.34313502988990535	35.032569885253906
0.5865134560656851	0.3412774322644719	35.06256985664368
0.5831014172267757	0.33845551435298094	35.09256982803345
0.5798080399355637	0.3375408401323716	35.132570028305054
0.5774218502619065	0.3363046997781623	35.162569999694824
0.5760580812603873	0.33561829112084285	35.192569971084595
0.5745132864589715	0.3350715534681965	35.23256993293762
0.5731922534299575	0.3353473267480658	35.26256990432739
0.5721687681037402	0.3347166446796499	35.29256987571716
0.5713327501916222	0.33478390742137054	35.33256983757019
0.5702197875485471	0.3346423926195832	35.36257004737854
0.5678750243099734	0.33694754963930396	35.39257001876831
0.6003086809875975	0.31542601679268056	35.43256998062134
0.6000733862052284	0.30991690010836676	35.46256995201111
0.5986553397526571	0.31064439826161266	35.49256992340088
0.5976065626520898	0.3110601723608208	35.532569885253906
0.6049855533884726	0.30365903777043884	35.56256985664368
0.5934980980707546	0.34544221287775073	35.662569999694824
0.5904706433560969	0.34133230859074365	35.692569971084595
0.5866320385765879	0.3368609737907213	35.73256993293762
0.5820538361179761	0.3343400365880792	35.76256990432739
0.577161463614624	0.3344036168816832	35.79256987571716
0.5733183796976368	0.3331661281066098	35.83256983757019
0.5700609261177816	0.3334399052605509	35.86257004737854
0.5682028100908952	0.33343468288378547	35.89257001876831
0.5664306991783903	0.3330746380197602	35.93256998062134
0.5648506814880426	0.33234017694187085	35.96256995201111
0.5648687474653442	0.3318393392671105	35.99256992340088
0.5640437245334031	0.33267843773808214	36.032569885253906
0.5644709310154741	0.33281365572581534	36.06256985664368
0.5647630853824946	0.33146805628580256	36.09256982803345
0.56418384732016	0.3316259392456732	36.132570028305054
0.5643761791121292	0.33144777680631954	36.162569999694824
0.5637695343373973	0.3326263295454938	36.192569971084595
0.5625995763317048	0.3328420539486532	36.23256993293762
0.5631594427497544	0.3277407892743154	36.26256990432739
0.5631594427497544	0.3277407892743154	36.33256983757019
0.5631594427497544	0.3277407892743154	36.36257004737854
0.5631594427497544	0.3277407892743154	36.39257001876831
0.5631594427497544	0.3277407892743154	36.43256998062134
0.5631594427497544	0.3277407892743154	36.46256995201111
0.5631594427497544	0.3277407892743154	36.49256992340088
0.5631594427497544	0.3277407892743154	36.532569885253906
0.5631594427497544	0.3277407892743154	36.56256985664368
0.5631594427497544	0.3277407892743154	36.59256982803345
0.5631594427497544	0.3277407892743154	36.632570028305054
0.5631594427497544	0.3277407892743154	36.662569999694824
0.5631594427497544	0.3277407892743154	36.692569971084595
0.5631594427497544	0.3277407892743154	36.73256993293762
0.5631594427497544	0.3277407892743154	36.76256990432739
0.5631594427497544	0.3277407892743154	36.79256987571716
0.5631594427497544	0.3277407892743154	36.83256983757019
0.5631594427497544	0.3277407892743154	36.86257004737854
0.5631594427497544	0.3277407892743154	36.89257001876831
0.5631594427497544	0.3277407892743154	36.93256998062134
0.5631594427497544	0.3277407892743154	36.96256995201111
0.5631594427497544	0.3277407892743154	36.99256992340088
0.5631594427497544	0.3277407892743154	37.032569885253906
0.5631594427497544	0.3277407892743154	37.06256985664368
0.5631594427497544	0.3277407892743154	37.09256982803345
0.5631594427497544	0.3277407892743154	37.132570028305054
0.5631594427497544	0.3277407892743154	37.162569999694824
0.5631594427497544	0.3277407892743154	37.192569971084595
0.5631594427497544	0.3277407892743154	37.23256993293762
0.5631594427497544	0.3277407892743154	37.26256990432739
0.5631594427497544	0.3277407892743154	37.29256987571716
0.5631594427497544	0.3277407892743154	37.33256983757019
0.5631594427497544	0.3277407892743154	37.36257004737854
0.5631594427497544	0.3277407892743154	37.39257001876831
0.5631594427497544	0.3277407892743154	37.43256998062134
0.5631594427497544	0.3277407892743154	37.49256992340088
0.5631594427497544	0.3277407892743154	37.532569885253906
0.5631594427497544	0.3277407892743154	37.56256985664368
0.5631594427497544	0.3277407892743154	37.59256982803345
0.5631594427497544	0.3277407892743154	37.632570028305054
0.5631594427497544	0.3277407892743154	37.662569999694824
0.5631594427497544	0.3277407892743154	37.692569971084595
0.5631594427497544	0.3277407892743154	37.73256993293762
0.5631594427497544	0.3277407892743154	37.76256990432739
0.5631594427497544	0.3277407892743154	37.79256987571716
0.5631594427497544	0.3277407892743154	37.83256983757019
0.5631594427497544	0.3277407892743154	37.86257004737854
0.5631594427497544	0.3277407892743154	37.89257001876831
0.5631594427497544	0.3277407892743154	37.96256995201111
0.5631594427497544	0.3277407892743154	37.99256992340088
0.5631594427497544	0.3277407892743154	38.032569885253906
0.5631594427497544	0.3277407892743154	38.06256985664368
0.5631594427497544	0.3277407892743154	38.09256982803345
0.5631594427497544	0.3277407892743154	38.132570028305054
0.5631594427497544	0.3277407892743154	38.162569999694824
0.5631594427497544	0.3277407892743154	38.192569971084595
0.6326661566168876	0.14937153519965113	38.29256987571716
0.6295834987874187	0.1560842049977827	38.33256983757019
0.6273511774098645	0.16251165857154973	38.36257004737854
0.6264688630787654	0.1676583557235554	38.39257001876831
0.6255212898034546	0.17165447170592824	38.43256998062134
0.6250042826283213	0.17260957104496155	38.46256995201111
0.6238547722236019	0.17449084519898872	38.49256992340088
0.6229303917577215	0.1760437693030732	38.532569885253906
0.622812565370354	0.17640297847229552	38.56256985664368
0.6222364910401323	0.17660137017950506	38.59256982803345
0.6209055281064093	0.1774315942542591	38.632570028305054
0.6196649116227588	0.17811019191586075	38.662569999694824
0.5193538662788328	0.6048495571141757	38.73256993293762
0.5073232395628916	0.6241195787405396	38.76256990432739
0.5056190461541682	0.6261049768362495	38.79256987571716
0.5028210865603719	0.6306371374943849	38.83256983757019
0.49878199276918805	0.6379990671195618	38.86257004737854
0.49581625064491885	0.6426781283668768	38.89257001876831
0.4932651185116867	0.6463034753394306	38.93256998062134
0.49124355308824247	0.650070327720191	38.96256995201111
0.48955566588360666	0.654079880920073	38.99256992340088
0.48834239982678856	0.6553115255472924	39.032569885253906
0.487831647017269	0.6574615378467432	39.06256985664368
0.48752435812752465	0.6592349960908852	39.09256982803345
0.4870418597439149	0.6596956365475786	39.132570028305054
0.485620976658624	0.6641426786326586	39.162569999694824
0.48570138262476087	0.6644339075602627	39.192569971084595
0.48724017419313226	0.6637975796332506	39.23256993293762
0.5807197893733086	0.6980200094211976	39.26256990432739
0.5794175092127124	0.6998832963929333	39.29256987571716
0.5786661656685496	0.7015407051783509	39.33256983757019
0.5778031109441596	0.7027660779433411	39.36257004737854
0.5771003042563772	0.704683988277471	39.39257001876831
0.5764108802979094	0.7050758528112452	39.43256998062134
0.5759642699548277	0.7054033931681883	39.46256995201111
0.6915325151505465	0.7075272611456286	39.532569885253906
0.6890455236137253	0.7085493148592541	39.56256985664368
0.6878892938096328	0.7096249564004742	39.59256982803345
0.6872875318103625	0.7099890198955949	39.632570028305054
0.6858499841532381	0.7118708491045332	39.662569999694824
0.5096292750309173	0.6111423923461865	39.73256993293762
0.5064813029191163	0.6139654446285424	39.76256990432739
0.5034661091312457	0.6127524411020462	39.79256987571716
0.4998433453434614	0.6123720814189382	39.83256983757019
0.49700055620295785	0.6135930931813312	39.86257004737854
0.4961188452677657	0.6144411505114408	39.89257001876831
0.4944235241541583	0.6161401742496888	39.93256998062134
