COORDENADA X	 COORDENADA Y	 TEMPO
0.34418723064357565	0.7195465117206606	0.004399776458740234
0.34443745030484657	0.7161955658973082	0.04439973831176758
0.3457997711747573	0.7129352562643929	0.06439971923828125
0.34418864690048767	0.7113636082537702	0.1043996810913086
0.34172051510682455	0.710835317111996	0.1343996524810791
0.34499064809023755	0.707721968465379	0.19439983367919922
0.34645101647115045	0.7046488536146596	0.3043997287750244
0.34976697874691914	0.698255543046075	0.3243997097015381
0.4484171588734971	0.5998946928343113	0.36439967155456543
0.4504769583587161	0.5963286233616908	0.4043998718261719
0.4511140004930783	0.5975748679156521	0.4343998432159424
0.4447570906900052	0.6057339812617086	0.4643998146057129
0.4448041685871778	0.6063535473876647	0.5043997764587402
0.5308212572274448	0.7203707918943816	0.5643997192382812
0.5330828535417245	0.7187529511805886	0.6043996810913086
0.5327371424845075	0.7156750974579109	0.6343996524810791
0.5280562118441497	0.7187736278442144	0.6643998622894287
0.5272381089859115	0.7194428572401342	0.704399824142456
0.5268332322182934	0.7190791565690132	0.7343997955322266
0.5250110763845136	0.7096040215649051	0.7643997669219971
0.4605657159282172	0.42346103414122366	0.8043997287750244
0.46082988675695624	0.41473198151209123	0.8343997001647949
0.46054115496637354	0.41950915952275786	0.8643996715545654
0.4627231581670482	0.4227799946670482	0.9043998718261719
0.464061769003953	0.4252970632375768	0.9343998432159424
0.4648570703253948	0.42623034967339085	0.9643998146057129
0.46573319320148565	0.4266711998657929	1.0043997764587402
0.4495503199475837	0.44514417468980544	1.0343997478485107
0.3910794429812197	0.5343339695612863	1.0643997192382812
0.38930090843825715	0.5371221424398143	1.1043996810913086
0.3892718500961021	0.5381967037773989	1.134399652481079
0.38885895312623187	0.5412387748962239	1.1643998622894287
0.39004758753146257	0.5444191592498286	1.204399824142456
0.3880394410494961	0.54336697450655	1.2343997955322266
0.3869539948600809	0.5443383605428441	1.274399757385254
0.3862538117334844	0.5462823000741157	1.3043997287750244
0.3799425000662161	0.5518411919318126	1.334399700164795
0.36406184444431267	0.5671261421030506	1.3643996715545654
0.3651496332778678	0.567072388865292	1.4043998718261719
0.36419679110611486	0.5707971625545982	1.4343998432159424
0.36542056722424365	0.5720618061826126	1.464399814605713
0.36534033444116587	0.5738127244305391	1.5043997764587402
0.364709708006049	0.5726516167796488	1.5343997478485107
0.3654037142919063	0.5729217000306341	1.5643997192382812
0.36560508845326817	0.5718580921798417	1.6043996810913086
0.3664965843600901	0.5728518055218991	1.634399652481079
0.36672686062878224	0.5740836315996465	1.6643998622894287
0.3748950975448233	0.5724642582803342	1.704399824142456
0.4567639132531586	0.5690233593058669	1.7343997955322266
0.4615385885312929	0.5662254572807774	1.764399766921997
0.4615815123097538	0.5678106199379331	1.8043997287750244
0.4601862313913093	0.5693299543054023	1.834399700164795
0.4578060721496102	0.5690011128407486	1.8643996715545654
0.4581222118128087	0.5699692199614039	1.9043998718261719
0.4595257511435612	0.565687239758981	1.9343998432159424
0.4875648663761122	0.2941102959176599	1.964399814605713
0.4934923650757927	0.27546756405184775	2.0043997764587402
0.4932833709329155	0.27746532057229584	2.0343997478485107
0.4946639744209024	0.2813601646829991	2.0643997192382812
0.49539349537265914	0.2809506302195966	2.1043996810913086
0.4953889916466327	0.28288664641377953	2.134399652481079
0.4957519513636281	0.28385714950931007	2.1743998527526855
0.49535288731451693	0.28298296539233786	2.204399824142456
0.49697814257572337	0.2831123948748335	2.2343997955322266
0.49800465468895583	0.2838802254842946	2.264399766921997
0.49880533792108867	0.28461622030646727	2.3043997287750244
0.5001474121736399	0.28389539003968683	2.334399700164795
0.5006784662141736	0.28470793253123555	2.3643996715545654
0.5000481915807676	0.2851650282209229	2.404399871826172
0.502037639190214	0.28672515874930404	2.4343998432159424
0.5418332720726711	0.2761298748045943	2.464399814605713
0.5499378762610889	0.2752017750692755	2.5043997764587402
0.5504985276219261	0.27617456246179267	2.5343997478485107
0.5497466456680699	0.27099252707356564	2.5643997192382812
0.5489514702458353	0.2723603464802275	2.6043996810913086
0.5488499960115176	0.2744986772221232	2.634399652481079
0.5448344151979178	0.2792722170292763	2.6743998527526855
0.44336258143827306	0.3500048816264957	2.704399824142456
0.4323031644005189	0.36309596698900876	2.7343997955322266
0.43133886885202455	0.36269226518900005	2.764399766921997
0.4319495899352409	0.36443659004469964	2.8043997287750244
0.4337365715977448	0.3659066483280308	2.834399700164795
0.43314862783833114	0.36770292349587125	2.8643996715545654
0.4342512871264065	0.36844183595834007	2.904399871826172
0.4344556087218795	0.372494799618263	2.9343998432159424
0.4337572383833939	0.3727757300300682	2.964399814605713
0.4351373282929222	0.37314153282837076	3.0043997764587402
0.4368902485614183	0.37501689691032974	3.0343997478485107
0.4372610535014282	0.3751184615696881	3.0643997192382812
0.45217483149033894	0.3906183281077056	3.1043996810913086
0.4531655727235519	0.3938623769796784	3.134399652481079
0.4537914810522612	0.39640843221420213	3.1643998622894287
0.45386120162030613	0.39755689865377164	3.204399824142456
0.4531351630135352	0.3948664891274204	3.2343997955322266
0.45363861901563984	0.3915836811210983	3.264399766921997
0.45384054229875503	0.3906975924091566	3.3043997287750244
0.45371260869317553	0.3899236332646594	3.334399700164795
0.4538080652831283	0.3887375061015154	3.3643996715545654
0.45473096858088086	0.3849908455940362	3.404399871826172
0.4545536903645861	0.38454220504160813	3.4343998432159424
0.4747743248439962	0.3609247399708311	3.464399814605713
0.4902472763140917	0.3176954409038684	3.514399766921997
0.4928632758746922	0.31022458328184166	3.5443997383117676
0.49302637506987207	0.31030064009307023	3.5643997192382812
0.49132214545284536	0.30517976696907695	3.6043996810913086
0.493725904371448	0.30233561207271714	3.634399652481079
0.49429639582224455	0.3014255089081016	3.6743998527526855
0.49519441998195474	0.30173369599720434	3.704399824142456
0.4976586013825967	0.2981020166664145	3.7343997955322266
0.49730014462623223	0.29597114030225996	3.764399766921997
0.4971995112104804	0.2970170043825624	3.8043997287750244
0.49773072648665506	0.29403885811562663	3.834399700164795
0.4972600334290651	0.2926893253106126	3.8643996715545654
0.49831541747977554	0.2944301140816921	3.904399871826172
0.49744918940375715	0.2928362996274979	3.9343998432159424
0.49789130225324824	0.29086045485332224	3.9743998050689697
0.49963191249908706	0.29093808477363253	4.00439977645874
0.4990148029173669	0.2892152955355159	4.034399747848511
0.4990630270313165	0.28944090598793004	4.064399719238281
0.4998158192550271	0.29208177177135786	4.104399681091309
0.499704067507995	0.2921436890187871	4.134399652481079
0.5011946688593909	0.29164712985271957	4.164399862289429
0.5011849963460294	0.2905778152605436	4.204399824142456
0.5396681838147631	0.260397180440068	4.234399795532227
0.5464656247234703	0.24868970111410613	4.264399766921997
0.5469931794619012	0.24685153992560713	4.314399719238281
0.54803167847114	0.24767254621531837	4.334399700164795
0.5472618234697392	0.24959703097589728	4.364399671554565
0.547815279016385	0.24887710595742132	4.404399871826172
0.5465520089520841	0.2535361498244437	4.434399843215942
0.5445023922091818	0.25333838992776614	4.47439980506897
0.5442317385915363	0.2509242939891977	4.50439977645874
0.5435429316564235	0.2509824889601876	4.534399747848511
0.5433825935124009	0.2524584603939062	4.574399709701538
0.5443578293125951	0.2531639754813877	4.604399681091309
0.5513460941131171	0.2584515177467482	4.634399652481079
0.5441087171316665	0.25103521688361274	4.864399671554565
0.5637842736058319	0.280788644254611	4.904399871826172
0.5619596199136778	0.2693637945196262	4.934399843215942
0.5615854735235926	0.26793459381470275	4.964399814605713
0.5600648422985652	0.2662294656446317	5.00439977645874
0.5584973943006992	0.26286014736016533	5.034399747848511
0.5561589027808561	0.25952814377653716	5.074399709701538
0.5508228363449427	0.2665101557466909	5.104399681091309
0.5271543710265584	0.302361669402387	5.134399652481079
0.5256343408408839	0.29986852254145835	5.164399862289429
0.5261687125812504	0.2975687683908761	5.204399824142456
0.5260915034980664	0.29696213504080754	5.234399795532227
0.5251670021466577	0.2969957572692618	5.264399766921997
0.5237134011548299	0.29577480346535534	5.304399728775024
0.5221831909441296	0.2949995358559941	5.334399700164795
0.5220826955268034	0.2951398345509008	5.364399671554565
0.5211979835133537	0.29393769108286344	5.404399871826172
0.49691539246351535	0.3323608896328989	5.434399843215942
0.49471010336801197	0.33821024686161305	5.464399814605713
0.4930273331491766	0.3424964181544238	5.50439977645874
0.4918682431730118	0.3444561594130069	5.534399747848511
0.4920785877128639	0.3442134105735131	5.564399719238281
0.4933417849286352	0.3441138650967357	5.604399681091309
0.4943190748391628	0.3432880426845602	5.634399652481079
0.49356533714155254	0.34218449343460083	5.664399862289429
0.49407052259724327	0.3406187274458848	5.704399824142456
0.4946381024999254	0.3396135515578799	5.734399795532227
0.4757755421843113	0.3589903710133802	5.764399766921997
0.4722463716507311	0.36517932658416624	5.804399728775024
0.47052071800956974	0.36810443125806824	5.834399700164795
0.4703097133675782	0.3691165961093179	5.864399671554565
0.4693912756832869	0.3701021546462867	5.904399871826172
0.46928768593506515	0.3702450870736603	5.934399843215942
0.4676566516911735	0.37122938200227384	5.964399814605713
0.46839390568827977	0.37076220852042385	6.00439977645874
0.4681638590080654	0.37036590815403053	6.034399747848511
0.4522180767809095	0.395043436095104	6.064399719238281
0.4511244898324785	0.3990754725781673	6.104399681091309
0.4508334090699233	0.40120562076091365	6.134399652481079
0.45153999826812685	0.4022822996159454	6.164399862289429
0.45193524748382197	0.4022065122591279	6.204399824142456
0.4517307500790499	0.40338825359402686	6.234399795532227
0.45185799311204106	0.40400558931980923	6.264399766921997
0.4524105547218161	0.40443121410781613	6.304399728775024
0.45305609542693065	0.4041727761566029	6.334399700164795
0.45254446992257286	0.40428718155011656	6.364399671554565
0.4348792670502247	0.4273728947264518	6.404399871826172
0.43346710835285507	0.4290999919470657	6.434399843215942
0.43276433422542715	0.43202623156376424	6.464399814605713
0.4325351203855374	0.43253621966904515	6.50439977645874
0.4325200129836527	0.43170923526236954	6.534399747848511
0.4314958556235238	0.432800200460858	6.564399719238281
0.43155898784183777	0.4312032497581661	6.604399681091309
0.43097528610315944	0.42868030205789126	6.634399652481079
0.43087263174190016	0.4286827696733764	6.664399862289429
0.43065153661944205	0.427851188663089	6.704399824142456
0.43019644306119775	0.4268198252590486	6.734399795532227
0.43042789648702023	0.4254679796766222	6.764399766921997
0.4301429305394996	0.42767122809736874	6.804399728775024
0.4158505095999563	0.45946083266767407	6.834399700164795
0.4142604582721633	0.4610633683937491	6.864399671554565
0.41529813329390997	0.4652385901431076	6.904399871826172
0.4153774593204068	0.46607856876046244	6.934399843215942
0.4159277745565874	0.4650225591992615	6.97439980506897
0.41609289374028674	0.46488194025473695	7.00439977645874
0.41675190351579483	0.4648768988267916	7.034399747848511
0.41790131017709264	0.464580114826264	7.064399719238281
0.4181962390690871	0.4649461502586912	7.104399681091309
0.41766257576110777	0.46292243292041607	7.134399652481079
0.41838526263735926	0.4646917354699938	7.1743998527526855
0.4190854688807864	0.46302108655638985	7.204399824142456
0.41916145413689815	0.4621194017742778	7.234399795532227
0.41893535041883184	0.4631204060042867	7.264399766921997
0.419663920064567	0.4620142013550491	7.304399728775024
0.4187835809707682	0.46256683326896314	7.334399700164795
0.41820278624098867	0.4625745504728098	7.364399671554565
0.41755512684883334	0.46226238313071244	7.404399871826172
0.41717082297301045	0.4649659806105347	7.434399843215942
0.4110438939899487	0.4694198590418832	7.464399814605713
0.40617251033318397	0.47670852015292703	7.50439977645874
0.40448957449946044	0.4774417144772766	7.534399747848511
0.40450116657287405	0.47989832433742424	7.564399719238281
0.4047065329840905	0.4782024093733485	7.604399681091309
0.4050954314378597	0.4772405990774199	7.634399652481079
0.4046686976550821	0.4767257281225073	7.6743998527526855
0.4049333543960887	0.47852229814939046	7.704399824142456
0.4053676953706637	0.47913234974203134	7.734399795532227
0.40520909235723	0.4782204991662144	7.764399766921997
0.4061012990376714	0.477809350048524	7.804399728775024
0.40624450685779095	0.4798066195185529	7.834399700164795
0.4069223583804925	0.4799724995908999	7.864399671554565
0.40843964606318583	0.47769680293022854	7.904399871826172
0.4085356353447279	0.47226228460611297	7.934399843215942
0.4067084937087563	0.4801613670227707	7.964399814605713
0.39998922125642794	0.5088761513611051	8.00439977645874
0.39953977906550503	0.5088850682853928	8.03439974784851
0.4004116939805043	0.5091373494699961	8.064399719238281
0.3987148463342904	0.5096177198804717	8.104399681091309
0.3992338477420516	0.5099599203494531	8.134399652481079
0.3992546583314826	0.5084208830634013	8.164399862289429
0.3997782555622048	0.5081178124719246	8.204399824142456
0.4006777551206164	0.5046903016218692	8.234399795532227
0.3991075417661834	0.5080205446505922	8.264399766921997
0.40029271589795723	0.5066912341027787	8.304399728775024
0.4009820379297974	0.5072518457506628	8.334399700164795
0.4013567235325877	0.5067217355031015	8.364399671554565
0.40199918247715394	0.5068311980363672	8.404399871826172
0.40183339228064385	0.5066995188616954	8.434399843215942
0.40260360725903266	0.5057320468402751	8.464399814605713
0.40539741937651674	0.5178072482684748	8.50439977645874
0.4089883076269291	0.5297174796523738	8.53439974784851
0.4107877702260976	0.5343987302683102	8.564399719238281
0.4111298749667544	0.534920272111354	8.604399681091309
0.41165745962115247	0.5341258449754933	8.634399652481079
0.4124045764137484	0.5349049000215944	8.664399862289429
0.41260450429075274	0.5341372625713047	8.704399824142456
0.4140858555883142	0.533812154892087	8.734399795532227
0.4174850181245213	0.5306858616855346	8.764399766921997
0.43290696635514975	0.5317646464450683	8.804399728775024
0.4314709515903549	0.52980977227548	8.834399700164795
0.433016793120381	0.5286777905194322	8.864399671554565
0.4331512156506079	0.528840144068823	8.904399871826172
0.43281715950525346	0.5283042295695145	8.934399843215942
0.43233941015414334	0.5276508656981443	8.964399814605713
0.4324637843968076	0.5261379595266437	9.00439977645874
0.4318721464831461	0.5261391467238019	9.03439974784851
0.4319081461205686	0.5250532393933999	9.064399719238281
0.43601994582034737	0.5292259629796799	9.104399681091309
0.44572839810255555	0.5496916457350903	9.134399652481079
0.4461824568515629	0.5474281458359244	9.174399852752686
0.4460827312055766	0.5487271252870569	9.204399824142456
0.44605136228680176	0.5489641261055004	9.234399795532227
0.4458810551997295	0.5470938068096669	9.264399766921997
0.4452766554071476	0.551269608352741	9.304399728775024
0.445445034621024	0.5502405228358705	9.334399700164795
0.44487019091951097	0.551318013407002	9.364399671554565
0.4450098190403748	0.5514080462469015	9.404399871826172
0.4457821545923874	0.5510142098612727	9.434399843215942
0.44547517471901665	0.5494661792575957	9.464399814605713
0.4453292419900638	0.5519320356242917	9.50439977645874
0.44628054238522147	0.5542147627455157	9.53439974784851
0.47128708440792777	0.5414722256429261	9.564399719238281
0.47348714817389176	0.5415212534910049	9.604399681091309
0.47238306304720445	0.5433502602048852	9.634399652481079
0.47068167216602963	0.5452224820727382	9.664399862289429
0.47001535443226444	0.5465001041854944	9.704399824142456
0.4698008286714668	0.5463764193713492	9.734399795532227
0.46972287984540184	0.5454171268003266	9.764399766921997
0.46951920722262863	0.5492700375779872	9.804399728775024
0.4683290047812183	0.5509817354902686	9.834399700164795
0.4678991080748899	0.5532437825130512	9.864399671554565
0.4661905066954851	0.5702462470082691	9.904399871826172
0.4629575715028129	0.581514568966986	9.934399843215942
0.46195947487114614	0.5869313046607294	9.964399814605713
0.4597671362015328	0.5869748293443164	10.00439977645874
0.45945239822975026	0.5898384425085661	10.03439974784851
0.45856771773196725	0.5911277103196272	10.064399719238281
0.45904236283472283	0.593642844353979	10.104399681091309
0.45731686341101896	0.59220997370189	10.134399652481079
0.45749230282960696	0.5931600758259585	10.164399862289429
0.45793770554114865	0.5909840289689833	10.204399824142456
0.47273715754384654	0.5768492965132059	10.234399795532227
0.4730777673042912	0.5739844486609631	10.264399766921997
0.4741035314593548	0.5728338015269133	10.304399728775024
0.47431864962444326	0.573428661438739	10.334399700164795
0.4745349039840365	0.5724030790891819	10.364399671554565
0.4738373484692708	0.5700383376697885	10.404399871826172
0.47258808158116106	0.5695053924087544	10.434399843215942
0.4727500502232407	0.5669328544927961	10.464399814605713
0.4724937840599243	0.570538787113101	10.50439977645874
0.4725542418910895	0.5668472238467644	10.53439974784851
0.4731657284036419	0.5648240499029098	10.564399719238281
0.49541118533554845	0.547208961997479	10.604399681091309
0.49683435106356016	0.5443193694278597	10.634399652481079
0.5001771899430801	0.5415676087548968	10.664399862289429
0.49957988807058584	0.5409116544305899	10.704399824142456
0.4995427089536374	0.5383014784325336	10.734399795532227
0.49995158855472266	0.5378707434430687	10.764399766921997
0.49963576023692946	0.5364624737603291	10.804399728775024
0.4995114906799181	0.5348448237868473	10.834399700164795
0.5004192578034087	0.5337496136500092	10.864399671554565
0.5005537694259912	0.5354348208581972	10.904399871826172
0.5007588520179005	0.5325677951005119	10.934399843215942
0.500332101021803	0.5324546044709804	10.964399814605713
0.5007828649164353	0.5324269174288574	11.00439977645874
0.501014245503774	0.5317090584757012	11.03439974784851
0.5015703751801631	0.530043147077263	11.064399719238281
0.5023266709518056	0.5277341106948604	11.104399681091309
0.5020346062037223	0.5277799322480922	11.134399652481079
0.5015848589573395	0.5274115250264492	11.164399862289429
0.501362427680603	0.5264639792066967	11.204399824142456
0.501188757116966	0.5260552881736064	11.234399795532227
0.5015956450547145	0.5248878353735622	11.264399766921997
0.5015717895387422	0.5250658447417715	11.304399728775024
0.5017244714404707	0.5260989168813307	11.334399700164795
0.5025245259489625	0.5269494922936271	11.364399671554565
0.5024811651677825	0.528248938516428	11.404399871826172
0.5021331342195288	0.5283465308263691	11.434399843215942
0.5029685856233204	0.5279780014775788	11.464399814605713
0.5016701058162675	0.5280715246875608	11.50439977645874
0.5014743753262383	0.5297608177720923	11.53439974784851
0.4996220872528577	0.5413568118033932	11.564399719238281
0.49871725653563287	0.5453524071029227	11.604399681091309
0.49911730703797813	0.5491107923215561	11.634399652481079
0.5044570417916822	0.5515464613654099	11.664399862289429
0.5063017192164421	0.56580772298389	11.834399700164795
0.5243179054286736	0.5824266702397657	11.864399671554565
0.5226616073873306	0.5768221731807782	11.904399871826172
0.5198148096969183	0.5719830931650524	11.934399843215942
0.5179218091646486	0.5694995169875225	11.964399814605713
0.5145361734236816	0.5697010790554748	12.00439977645874
0.513883329489652	0.5685564418549526	12.03439974784851
0.5124951534559344	0.5654947874586318	12.064399719238281
0.5119808656117217	0.5627115127735034	12.104399681091309
0.5097929147590111	0.5658894198796992	12.134399652481079
0.5105517915657927	0.5606621724872787	12.164399862289429
0.5099712389689977	0.5630489651950815	12.204399824142456
0.5093694381750328	0.5619315480556855	12.234399795532227
0.5094253793483909	0.5625760651479361	12.264399766921997
0.5087395395488733	0.5606276425106375	12.304399728775024
0.537224612728395	0.5386201470312929	12.334399700164795
0.5375493928915821	0.5342194879701746	12.364399671554565
0.5386013402561861	0.5319412542360733	12.404399871826172
0.539353545803202	0.5300058738774865	12.434399843215942
0.5394696822220703	0.5313454654380411	12.464399814605713
0.5374963817056743	0.5291184915854468	12.50439977645874
0.5386859421598508	0.5296388382234475	12.53439974784851
0.5374387557511456	0.5249585046955527	12.564399719238281
0.5382791190013853	0.5245133681468629	12.604399681091309
0.5383403619297414	0.5236932462837992	12.634399652481079
0.5388099914322472	0.5246601796244199	12.664399862289429
0.5366219119660166	0.5224794621892055	12.704399824142456
0.5368418785364734	0.5223317249271622	12.734399795532227
0.5359464263476633	0.5227882097274075	12.764399766921997
0.5352836425074592	0.5218456278264737	12.804399728775024
0.5354811866268684	0.5214343269167375	12.834399700164795
0.5332424904029043	0.5180804103980288	12.864399671554565
0.5332834879428273	0.5188273847488265	12.904399871826172
0.5345566534388725	0.5184632644157599	12.934399843215942
0.5339979917653688	0.5176854954655085	12.964399814605713
0.5340274553810566	0.5170593394987678	13.00439977645874
0.5337065545749523	0.5149879779034693	13.03439974784851
0.5335022620164288	0.5142978947618025	13.074399709701538
0.5339872078088922	0.5134395167043158	13.104399681091309
0.5348081340575949	0.5114730156722274	13.134399652481079
0.5351606653974001	0.5109930446585542	13.164399862289429
0.5350797555990838	0.5113770220779539	13.204399824142456
0.5349230663529482	0.5097555706604042	13.234399795532227
0.5350848932341475	0.5102220426619994	13.264399766921997
0.5347017709820236	0.5107862727970356	13.304399728775024
0.5344663416464873	0.5090285153313474	13.334399700164795
0.5360405970291168	0.508498891703907	13.364399671554565
0.5356515848485478	0.5085951214441415	13.404399871826172
0.5354801181656604	0.507547403907793	13.434399843215942
0.535697120492896	0.5070442126979657	13.464399814605713
0.5344626793797113	0.5076195440346293	13.50439977645874
0.5348766330640419	0.5108304647043799	13.53439974784851
0.5338430321748457	0.5106193073205215	13.564399719238281
0.5339235248364634	0.5099263314949967	13.604399681091309
0.5328932157308601	0.511369279604646	13.634399652481079
0.5337109839165812	0.5119722146878489	13.664399862289429
0.5338293967285035	0.5155291118558483	13.704399824142456
0.5340366503869347	0.5172678579343146	13.734399795532227
0.5335591102720872	0.5210062372578015	13.764399766921997
0.5174104107934968	0.5002961320279721	13.804399728775024
0.5154280827967916	0.551067070893614	13.934399843215942
0.5370492820126148	0.5662499245287282	13.964399814605713
0.5347549812515788	0.5715948685230886	14.00439977645874
0.5340357027987754	0.5601978384113346	14.03439974784851
0.5317951484925295	0.5506194406450343	14.064399719238281
0.530080966686718	0.5468140420500813	14.104399681091309
0.5285464396898355	0.5457709946001345	14.134399652481079
0.5252955302979893	0.5477622295315214	14.164399862289429
0.5226424864409924	0.5492169573856068	14.204399824142456
0.5206000521643465	0.5496565388941758	14.234399795532227
0.5154740697890744	0.5420102361464026	14.264399766921997
0.5145117558073402	0.5436697622806184	14.304399728775024
0.5119164925039458	0.5472663894422167	14.334399700164795
0.5073455116267451	0.5543814251245305	14.364399671554565
0.5042325074978486	0.5555396122741184	14.414399862289429
0.5029563282401065	0.5288090164605218	14.434399843215942
0.5017366586240122	0.5403925647811625	14.464399814605713
0.5017685851476087	0.5389950705236065	14.50439977645874
0.5023762671558453	0.5334299607015464	14.53439974784851
0.5032760925385761	0.5353736140958542	14.564399719238281
0.5043272032571651	0.5324731467503817	14.604399681091309
0.4617593666037716	0.5174020370762881	14.634399652481079
0.46122597938881665	0.5083147302184697	14.664399862289429
0.4618282693303255	0.5202039671789225	14.704399824142456
0.4616614248847154	0.5157002576992522	14.734399795532227
0.46158949279627076	0.514658820750081	14.764399766921997
0.5026263330842101	0.5136489575916912	14.804399728775024
0.5476866695291321	0.5177457980873051	14.834399700164795
0.5477679164754681	0.514790761982072	14.864399671554565
0.547038632174326	0.5230928124517633	14.904399871826172
0.5466014097977614	0.5223752459937538	14.934399843215942
0.5456880974930632	0.5221673376731413	14.964399814605713
0.5450246079582021	0.5216898615293447	15.00439977645874
0.5431355873558568	0.5194735401515199	15.03439974784851
0.5427432352697757	0.5301052331283683	15.064399719238281
0.5422902016643844	0.5288520837518992	15.104399681091309
0.5412545487499479	0.527726268041617	15.134399652481079
0.5407326639093233	0.5294400085144425	15.164399862289429
0.5388169155555685	0.5367918392291235	15.204399824142456
0.5379748996792196	0.5361241040585935	15.234399795532227
0.5361986618407664	0.5357537045297502	15.274399757385254
0.5344894302258397	0.5397052655573412	15.304399728775024
0.5309090055864444	0.5454398746405055	15.334399700164795
0.5281963517233561	0.5495325495984131	15.364399671554565
0.5221637056048228	0.5461767888417473	15.404399871826172
0.5252258420014534	0.554523311898218	15.434399843215942
0.5288882052368237	0.5676148859599257	15.464399814605713
0.5175088918656564	0.5614913216597781	15.50439977645874
0.5065162902225713	0.5618876434295484	15.53439974784851
0.49978886883969226	0.5617790944238163	15.574399709701538
0.4955715338974805	0.5636684303395051	15.604399681091309
0.4850796785378171	0.5628906570749771	15.634399652481079
0.47912342606818814	0.5699129424354942	15.684399843215942
0.4753240601860857	0.5658122060353288	15.704399824142456
0.47323667099617583	0.5979357962514819	15.734399795532227
0.4746883829701377	0.585323946847334	15.774399757385254
0.4628980981481384	0.6073918576675406	15.804399728775024
0.46156383608936746	0.6074202446858065	15.834399700164795
0.4545872535158012	0.6106651801257811	15.864399671554565
0.451177681638375	0.6095835555608939	15.904399871826172
0.4449314389690374	0.6237718150204249	15.934399843215942
0.4236443195580373	0.6332773076657292	16.00439977645874
0.39628937746948095	0.6344874862925246	16.06439971923828
0.3945563106802375	0.6433050881033134	16.10439968109131
0.3927296346705569	0.6523768603181143	16.13439965248108
0.3856351585834253	0.6612636560721213	16.204399824142456
0.37664684745016874	0.6691750155193001	16.234399795532227
0.37561240171996324	0.6931049331818322	16.274399757385254
0.385480457258136	0.7300660680282718	16.404399871826172
0.3880260736526209	0.7435765073896715	16.53439974784851
0.34436294111186083	0.7622199376016681	16.774399757385254
0.3388442451353455	0.7616485567183571	16.834399700164795
0.3358726874885915	0.7461603893716623	16.864399671554565
0.3379371310650561	0.7650946906889217	16.904399871826172
0.3289114643671398	0.7482721017647599	16.964399814605713
0.32919141060027873	0.7463853639022053	17.00439977645874
0.3356968956465096	0.7711533566721	17.044399738311768
0.3299440358269003	0.734456153892285	17.074399709701538
0.3276716638472354	0.7382945325887214	17.13439965248108
0.2113583094301348	0.9881269338348243	17.204399824142456
0.19138933496594843	0.9793099631238709	17.234399795532227
0.3851628120211141	0.7490283535888543	17.264399766921997
0.16766687142873754	0.9608418705670206	17.304399728775024
0.37715157759985196	0.7168834131963883	17.334399700164795
0.3776104410416822	0.7199083842233769	17.364399671554565
0.37586621333075526	0.7070177605722633	17.404399871826172
0.38344036815428695	0.7445587554668618	17.60439968109131
0.37646951127756373	0.7219714590001893	17.63439965248108
0.3726862011509758	0.7058861129146529	17.66439986228943
0.3710651630118858	0.6986036514804586	17.704399824142456
0.37075548639517747	0.7009820744038823	17.734399795532227
0.36870491292200236	0.6896310873423384	17.774399757385254
0.36824035337083383	0.6891174224175134	17.804399728775024
0.367821407732126	0.689487352066121	17.834399700164795
0.3626361770363566	0.6819402409301539	17.864399671554565
0.36236404366586317	0.6805947580071879	17.904399871826172
0.35990319098775103	0.6663007387974064	17.934399843215942
0.3581828039534964	0.6640785176425753	18.00439977645874
0.3582742385126219	0.6644735183438152	18.044399738311768
0.3598701949734063	0.664522527299058	18.06439971923828
0.36173092230084364	0.6430164950752885	18.13439965248108
0.36316597485904606	0.6429359516746147	18.174399852752686
0.3684221130039777	0.6475525781022965	18.204399824142456
0.36780194772404545	0.645688093439275	18.234399795532227
0.37250835591075004	0.6464383563527637	18.264399766921997
0.44407899241083587	0.5635918088519172	18.334399700164795
0.4462716683888057	0.5746719515220304	18.364399671554565
0.4493910077853068	0.5796002832657382	18.404399871826172
0.45244637851205866	0.5690664221579258	18.434399843215942
0.45800982345962243	0.5581758030317793	18.464399814605713
0.46191785103075267	0.5509320526490549	18.50439977645874
0.46653995242652824	0.5467737811755164	18.53439974784851
0.4711303989324083	0.548515555107996	18.574399709701538
0.47442856160634	0.5410286575887946	18.60439968109131
0.47855587417646117	0.5360757477231928	18.63439965248108
0.42203436777254166	0.4917016499095561	18.66439986228943
0.41605164160483743	0.4705906307951495	18.704399824142456
0.4185612364341931	0.4605422993632829	18.734399795532227
0.42264323847592083	0.46489301984527037	18.764399766921997
0.4265083626253342	0.46593039797996494	18.804399728775024
0.4294105711265601	0.4665367437352507	18.834399700164795
0.43311013483326716	0.4662070022605968	18.874399662017822
0.43587073840670776	0.4678016245637135	18.904399871826172
0.438311752212129	0.4681088027645	18.934399843215942
0.4403894637601025	0.4684838705677099	18.964399814605713
0.4422837493595882	0.4673211043850064	19.00439977645874
0.44320139193811564	0.463845259181629	19.03439974784851
0.4457221763386316	0.4732642051536054	19.06439971923828
0.44685697688936177	0.47066883216719874	19.10439968109131
0.4499472207822954	0.4681373790864308	19.13439965248108
0.4528217576039741	0.4652766234101614	19.16439986228943
0.5044680383336836	0.49874287980153575	19.204399824142456
0.5062379716866413	0.49851961191362565	19.234399795532227
0.5083749605952024	0.4960749589542835	19.264399766921997
0.5104266984456675	0.49174392443790244	19.304399728775024
0.5127548563860186	0.49090125238559845	19.334399700164795
0.5136081915283387	0.49333737159483815	19.364399671554565
0.5167436815249882	0.49081627130787703	19.404399871826172
0.5180562233189032	0.4947268118336717	19.434399843215942
0.5193195989640226	0.49709855386832263	19.464399814605713
0.5211298230380543	0.49955904614551594	19.50439977645874
0.5234983082085368	0.5006471760434543	19.53439974784851
0.5268914488761113	0.4999102349710877	19.56439971923828
0.5097134160215359	0.5133505493818655	19.60439968109131
0.4821600715805635	0.41511682018683843	19.63439965248108
0.47946555049867545	0.4068939736876014	19.66439986228943
0.4800608709518625	0.40291972898371764	19.704399824142456
0.481185760410628	0.40729113379306664	19.734399795532227
0.4815440298509645	0.40658077538598253	19.764399766921997
0.483004620252312	0.40685093738615236	19.804399728775024
0.4830725910354092	0.40737607309015395	19.834399700164795
0.4849087629376224	0.4085245673669248	19.864399671554565
0.4859522164957008	0.4086352708379963	19.904399871826172
0.49965214175441774	0.4240184688798361	19.934399843215942
0.5323524239059745	0.46136116239414193	19.964399814605713
0.5309876414093042	0.4586335498696149	20.00439977645874
0.5316252445106334	0.4572157819208952	20.03439974784851
0.5333757241762223	0.4567766889597012	20.06439971923828
0.5341026004121048	0.4600156744273619	20.10439968109131
0.535400668973039	0.45846759717566343	20.13439965248108
0.536318900388471	0.4585938577690712	20.174399852752686
0.5359395023492033	0.4539799492591748	20.204399824142456
0.5383707991940411	0.45969414683506304	20.234399795532227
0.5388629940667502	0.4568230146573531	20.264399766921997
0.5379841240432612	0.4550732493425587	20.304399728775024
0.5395996571620975	0.45179276209529556	20.334399700164795
0.5398216541338904	0.45051229533810244	20.364399671554565
0.5405198242344974	0.450149400017749	20.404399871826172
0.5427862162958106	0.448083161010907	20.434399843215942
0.5451028513964944	0.4466857628924725	20.464399814605713
0.5471380946754396	0.448730685870017	20.50439977645874
0.5485650784583955	0.45036892383584554	20.53439974784851
0.553174119624632	0.4485133284310813	20.56439971923828
0.5486563659875835	0.4536879357228565	20.60439968109131
0.5100139600565309	0.40564226277842846	20.63439965248108
0.5108746080680961	0.4055088194877807	20.674399852752686
0.5109994989995483	0.40337112912285067	20.704399824142456
0.5109285282950264	0.4010249393614813	20.734399795532227
0.5114236868939797	0.39783123999476544	20.764399766921997
0.5142632638033112	0.4040246226574719	20.804399728775024
0.5136220743898017	0.40122593476098195	20.834399700164795
0.5135331047394358	0.3977131837489495	20.874399662017822
0.5132642371885466	0.3967799412586827	20.904399871826172
0.5170085183695385	0.40053941861028936	20.934399843215942
0.5169108263728446	0.39933873165170214	20.964399814605713
0.5184132778371737	0.3968927293461558	21.00439977645874
0.5196533138934222	0.3958181806920159	21.03439974784851
0.5195669019517993	0.3945391585606619	21.06439971923828
0.5221113073820938	0.3924572684188816	21.10439968109131
0.5234076540709026	0.39151666716475	21.13439965248108
0.5256851069033605	0.3911867857111452	21.16439986228943
0.5157682867606368	0.38947547485495027	21.204399824142456
0.4961375012448449	0.3736657696521274	21.264399766921997
0.49250647140391157	0.37029525629232984	21.28439974784851
0.49393836045079575	0.3725181692631822	21.31439971923828
0.49250419741513485	0.372400257224457	21.334399700164795
0.49427464348303396	0.37436147621647586	21.364399671554565
0.4962589378141736	0.3743946004054424	21.404399871826172
0.49750917567049735	0.3751693572360499	21.434399843215942
0.498192216010529	0.3762647913787946	21.464399814605713
0.49790637593585113	0.37633211464962296	21.50439977645874
0.44675632313741953	0.3765129995777026	21.53439974784851
0.44152659859629034	0.3740124363458934	21.56439971923828
0.43972923947112086	0.37245467933354093	21.60439968109131
0.4391137814680406	0.3738590220562967	21.63439965248108
0.4401590427935129	0.3724643771562125	21.66439986228943
0.44162545952959104	0.3727159583616373	21.704399824142456
0.4416029583558436	0.37537667441386674	21.734399795532227
0.4402421232134012	0.37728562494934015	21.764399766921997
0.4384634158793176	0.3792122573901894	21.804399728775024
0.4369584308827243	0.3801125236880324	21.834399700164795
0.43594987314613876	0.38145994417666307	21.864399671554565
0.435951711525694	0.3833800154399852	21.904399871826172
0.4354453025062377	0.387804789184875	21.934399843215942
0.4290484113900541	0.3997796463336366	21.964399814605713
0.3909218431617745	0.4812319021072498	22.00439977645874
0.3835704484295572	0.49579786628174005	22.03439974784851
0.38476000709839014	0.4993389471245079	22.06439971923828
0.3843117819613779	0.5006597922564873	22.10439968109131
0.38593768049817845	0.49906778565962306	22.13439965248108
0.38586725741098815	0.49947494283490945	22.16439986228943
0.3853415229936425	0.5002596135723184	22.204399824142456
0.38582055651000086	0.49974151399085665	22.234399795532227
0.38766908821537316	0.49610433807396	22.264399766921997
0.3900321117352417	0.4986886616136364	22.304399728775024
0.3934172021557642	0.49622483988889576	22.334399700164795
0.3951336711952484	0.4969736973932349	22.364399671554565
0.395637305173639	0.5000423615514934	22.404399871826172
0.3955250370550743	0.5006714653205191	22.434399843215942
0.38225044844121886	0.525693324782835	22.464399814605713
0.3820324409691382	0.5266762759463158	22.50439977645874
0.3816749558859566	0.5284031747431401	22.53439974784851
0.382234993690429	0.5282318747648151	22.56439971923828
0.38301772771449843	0.5262757904839914	22.60439968109131
0.3847497929386693	0.5267467146330905	22.63439965248108
0.38678530411594925	0.5252342667593773	22.66439986228943
0.3868573694760702	0.5247238003830788	22.704399824142456
0.379363564453183	0.5295611745322585	22.734399795532227
0.3739742487696542	0.5353848473053566	22.764399766921997
0.370513129032736	0.5427769415715018	22.804399728775024
0.36890513182136114	0.5453568426638548	22.834399700164795
0.36775029325624153	0.5460990134493094	22.864399671554565
0.3667357997519067	0.5462230151613342	22.904399871826172
0.36675527936987157	0.5496273344640842	22.934399843215942
0.36875974925706956	0.5523517207153081	22.964399814605713
0.36908036277043793	0.5487605439870771	23.00439977645874
0.3722141618665099	0.5476606105608385	23.03439974784851
0.41635299491745215	0.5311757077463798	23.06439971923828
0.41917842985857434	0.5252424266708888	23.10439968109131
0.41959826521189725	0.5284221463785264	23.13439965248108
0.419573967735772	0.5294887379176336	23.16439986228943
0.42057710316394314	0.5298222458222612	23.204399824142456
0.41936167593033596	0.5297846171128193	23.234399795532227
0.4203786405732358	0.5306895602173672	23.264399766921997
0.4182508486784849	0.5307948092934246	23.304399728775024
0.41872358984704333	0.5307215352829929	23.334399700164795
0.4183993648078951	0.5292395402725042	23.364399671554565
0.4168463494357962	0.5305228753533286	23.404399871826172
0.41704816926746574	0.5307841894216156	23.434399843215942
0.430834207401038	0.48151004646213097	23.464399814605713
0.4342455317056539	0.4660899559734701	23.50439977645874
0.43503943976348625	0.46710305206259867	23.53439974784851
0.434393891633752	0.4706839229584278	23.56439971923828
0.4338333210484704	0.46918385690275755	23.60439968109131
0.43264427958879703	0.4711442974789214	23.63439965248108
0.43211182563209005	0.4702249922118791	23.66439986228943
0.4322888206302509	0.4706633192140201	23.704399824142456
0.4327381933931489	0.475373440181953	23.734399795532227
0.4338699791035802	0.47050400214069343	23.764399766921997
0.4377695151004678	0.47236049727574053	23.804399728775024
0.47135631530521827	0.48597891201207494	23.834399700164795
0.47325043737520034	0.4832344376088356	23.864399671554565
0.4716441747938242	0.48396159655125254	23.904399871826172
0.4715353227921704	0.48506325406601697	23.934399843215942
0.4704736687735536	0.48355567147410866	23.964399814605713
0.46927752472848544	0.48572511779947036	24.00439977645874
0.4682629695130457	0.4863891438276698	24.03439974784851
0.4685166208723895	0.486261543090888	24.06439971923828
0.4683884110752504	0.4868643927990402	24.10439968109131
0.4699764622754981	0.4854759534770744	24.13439965248108
0.4693125337423574	0.4861612419673382	24.16439986228943
0.4698050574355237	0.4841726436692507	24.204399824142456
0.47010637052857673	0.4827937484505672	24.234399795532227
0.4701776271970677	0.4810088809053045	24.264399766921997
0.46996122035894844	0.4808429205176281	24.304399728775024
0.46913830557937225	0.48257539726334714	24.334399700164795
0.5218340229653401	0.4783296364154181	24.364399671554565
0.5415541460191535	0.48979476020295315	24.404399871826172
0.541935041850793	0.4876562532222249	24.434399843215942
0.5397619763746969	0.48763846348104745	24.464399814605713
0.5390411443397785	0.4902506578761218	24.50439977645874
0.5385717088352271	0.491491868096462	24.53439974784851
0.5381102653956862	0.4908970748904436	24.56439971923828
0.5383696194076302	0.4907727038440439	24.60439968109131
0.5383871721760524	0.4906509528399303	24.63439965248108
0.5397963777014897	0.4923907401361995	24.66439986228943
0.5394864226034611	0.49234892140449277	24.704399824142456
0.5396929841094968	0.4921278693042876	24.734399795532227
0.5391993820373637	0.4930005786895554	24.764399766921997
0.5396548082974324	0.48959898447168587	24.804399728775024
0.5408416599738497	0.48995609183535277	24.834399700164795
0.5393919108584345	0.48882708675416053	24.864399671554565
0.5389417264289321	0.49045564668823155	24.904399871826172
0.5386161753421025	0.48874626141217475	24.934399843215942
0.5376420257074851	0.4905136516470531	24.964399814605713
0.5589332152045913	0.5124850489305629	25.00439977645874
0.5634226703880088	0.5248683891368218	25.044399738311768
0.5652768375456729	0.5241470651719723	25.06439971923828
0.5638363539726288	0.5269543745200811	25.10439968109131
0.5630631292777311	0.5273086945335711	25.13439965248108
0.5610387497044664	0.5279509865346704	25.16439986228943
0.5602779245997471	0.5258438410250789	25.204399824142456
0.5597149168098922	0.5271799184335956	25.234399795532227
0.5591606660359786	0.527003254350166	25.264399766921997
0.5587517960479006	0.5282337306182154	25.304399728775024
0.5577141848909526	0.5246834313225311	25.334399700164795
0.5586557449776879	0.5250867510818944	25.364399671554565
0.5574608597511136	0.5226839922276517	25.404399871826172
0.5441961728094631	0.5155321232952741	25.434399843215942
0.5242377425845193	0.5122577274049072	25.464399814605713
0.5226295530125581	0.5095461555391324	25.50439977645874
0.5220155557400549	0.510852685260472	25.53439974784851
0.5230551779865876	0.5132721415805493	25.56439971923828
0.5260680553122459	0.513769452993058	25.60439968109131
0.5055897597401711	0.5458544303065104	25.804399728775024
0.5021929767417834	0.5428741273383216	25.834399700164795
0.49984023728874943	0.5372316862333583	25.874399662017822
0.4978417846203337	0.532723317816697	25.904399871826172
0.49504405773752286	0.5302875879416765	25.934399843215942
0.49228907561059	0.5296839125124027	25.964399814605713
0.4896325843898765	0.530800211196856	26.00439977645874
0.48727211404308074	0.5289391246539183	26.03439974784851
0.4847741827748679	0.529336430589561	26.06439971923828
0.4830133473705175	0.5294163256164018	26.10439968109131
0.4805379346144206	0.5284231138615283	26.13439965248108
0.48053505848755207	0.5230131882746549	26.16439986228943
0.48027289180387683	0.5245286761532575	26.204399824142456
0.4795864143095288	0.5244922742766208	26.234399795532227
0.47936246199335714	0.5258755425937964	26.264399766921997
0.48005234220211124	0.5245017261523841	26.304399728775024
0.47954603789563177	0.5279441110321602	26.334399700164795
0.4791049639818953	0.5261767154868079	26.364399671554565
0.47813741515131475	0.5241896744877637	26.404399871826172
0.47863104271990403	0.5236372102937896	26.434399843215942
0.47834304560513297	0.5230502605348001	26.464399814605713
0.4780623006275867	0.5242721250957172	26.50439977645874
0.48036081756692467	0.5236622504121937	26.53439974784851
0.4844134175641091	0.5224630608340125	26.56439971923828
0.4997628274852771	0.5675553798210428	26.764399766921997
0.49290849088512295	0.5558011832927201	26.804399728775024
0.49018203935742144	0.5507800186190974	26.834399700164795
0.4848113339876441	0.5507836415418699	26.864399671554565
0.48158431005509367	0.5485773715321921	26.904399871826172
0.4780566177852213	0.5452242716051136	26.934399843215942
0.47510708699388415	0.5422091331892058	26.964399814605713
0.4743107086903943	0.5429073305621026	27.00439977645874
0.47335310969633254	0.5383770692483804	27.03439974784851
0.472785172440443	0.5399309383054838	27.06439971923828
0.4727300877869233	0.5379964683633571	27.10439968109131
0.4715255537674863	0.5366394462580799	27.13439965248108
0.4707555824369527	0.5356794308882544	27.16439986228943
0.4722520770278332	0.5333232588660118	27.204399824142456
0.47212492855431243	0.5326301991067964	27.234399795532227
0.4720364852237243	0.532771350600929	27.264399766921997
0.4723835441734988	0.5313398881246327	27.304399728775024
0.47245390997306824	0.5313775300973058	27.334399700164795
0.47344911112377347	0.5325930085581148	27.364399671554565
0.47272752857752054	0.5320563486253912	27.404399871826172
0.46920315772576693	0.5329920244334889	27.434399843215942
0.46450903518927905	0.5342649145728255	27.464399814605713
0.4615302982015457	0.536298932664148	27.50439977645874
0.4655210563359182	0.5369925096628122	27.53439974784851
0.46310078103813235	0.5414603941989728	27.56439971923828
0.46451811633700657	0.5476579050763479	27.60439968109131
0.4787830559635182	0.5611481939456985	27.63439965248108
0.41289861837664626	0.4750996452706968	27.864399671554565
0.47020609656881135	0.5870852669088935	27.904399871826172
0.44787231861055565	0.5299931666948772	27.934399843215942
0.44558267237204285	0.5621445734489507	27.964399814605713
0.4403860506865966	0.5634693340779868	28.00439977645874
0.4197416933521053	0.5504297553710692	28.03439974784851
0.4146810128449965	0.5493136533789998	28.06439971923828
0.41202263814565515	0.5522071666657115	28.10439968109131
0.40876740969534076	0.5522339464720851	28.13439965248108
0.4047475451123489	0.5549793242609163	28.16439986228943
0.38617992247081134	0.5487907585303203	28.204399824142456
0.384929372514495	0.5574860624536336	28.234399795532227
0.3868160077203032	0.5634721754206999	28.264399766921997
0.38360245040347807	0.5721193062308024	28.304399728775024
0.38377468740108095	0.5748282095904678	28.334399700164795
0.3819608818160564	0.586712719682912	28.364399671554565
0.3758723016473792	0.592699969527124	28.404399871826172
0.36785971425282915	0.5942954273037189	28.434399843215942
0.3705992472011809	0.5986513740129712	28.464399814605713
0.3642438527526651	0.5903356591320335	28.50439977645874
0.3701182147130322	0.6023761331469979	28.53439974784851
0.37721134331898437	0.6074273599106556	28.56439971923828
0.3886708450035017	0.5919198713401501	28.60439968109131
0.3814867281539248	0.5971020275826384	28.63439965248108
0.3709200119535014	0.6049320195640088	28.66439986228943
0.3649177910329892	0.6004767139602453	28.704399824142456
0.3863947862585108	0.6109831574163589	28.734399795532227
0.3696658643109652	0.6285726930296748	28.764399766921997
0.3696658643109652	0.6285726930296748	28.804399728775024
0.3696658643109652	0.6285726930296748	28.834399700164795
0.3702140919584261	0.6124561112726173	28.864399671554565
0.3750489719962644	0.6088117163136464	28.904399871826172
0.37732691912716126	0.6012435546869673	28.9443998336792
0.3756550813780305	0.5981597239979992	28.964399814605713
0.37536922424929253	0.6095780392473831	29.00439977645874
0.3786055882668012	0.6016987805792542	29.03439974784851
0.3987051967796256	0.6287832011806872	29.074399709701538
0.3987051967796256	0.6287832011806872	29.13439965248108
0.3987051967796256	0.6287832011806872	29.16439986228943
0.3987051967796256	0.6287832011806872	29.204399824142456
0.3987051967796256	0.6287832011806872	29.234399795532227
0.3987051967796256	0.6287832011806872	29.264399766921997
0.3987051967796256	0.6287832011806872	29.304399728775024
0.3987051967796256	0.6287832011806872	29.434399843215942
0.3987051967796256	0.6287832011806872	29.53439974784851
0.059909739123590294	1.4914393482392134	30.464399814605713
0.059909739123590294	1.4914393482392134	30.63439965248108
0.22110274117489798	0.9011647710261268	31.03439974784851
0.22594816106946883	0.9400185568388312	31.06439971923828
0.2466704271255121	0.8678382586683108	31.334399700164795
0.10614297205255503	0.975715350876081	31.904399871826172
0.2542026078106147	0.6760068126740506	31.934399843215942
0.24569600199072877	0.6216441459115871	32.03439974784851
0.24771671078737487	0.6152442061274591	32.06439971923828
0.25076706022937184	0.6183135779430177	32.10439968109131
0.2516424554605105	0.5992661769552063	32.204399824142456
0.14537709182310649	0.8696486293648539	32.23439979553223
0.25382781397146553	0.5979790145193861	32.274399757385254
0.26103040740369177	0.614978158384965	32.304399728775024
0.258825152970394	0.5973779296408874	32.334399700164795
0.2659964670309776	0.6105582225341233	32.40439987182617
0.26145944714737435	0.5645095075232942	32.43439984321594
0.26260381089819407	0.5818593606780603	32.47439980506897
0.26182559851187104	0.5700730690503701	32.50439977645874
0.2640729712884178	0.5594079666489516	32.53439974784851
0.2636789618153996	0.5624437378665195	32.57439970970154
0.2650950552871876	0.5575107998798875	32.60439968109131
0.2667119762010253	0.5604492464607427	32.63439965248108
0.26486230125440763	0.5710943357275732	32.674399852752686
0.26335646471031227	0.563348573250956	32.704399824142456
0.2667817734614096	0.5818289418851087	32.73439979553223
0.2569418132518408	0.5661054909000774	32.804399728775024
0.2546266137861682	0.5839429986050091	32.87439966201782
0.2574442489717295	0.6072812494254853	32.90439987182617
0.25582904815383634	0.5721528141000098	32.93439984321594
0.2608556431495187	0.5786256197593176	32.97439980506897
0.26328049567833817	0.5378124428241798	33.03439974784851
0.26415390890319657	0.5388763392629672	33.07439970970154
0.26622815152989515	0.5415758464386868	33.10439968109131
0.27738171364056824	0.529660894341247	33.13439965248108
0.27843667782331416	0.5211670581757616	33.174399852752686
0.27883622412039716	0.5199234644326477	33.204399824142456
0.27965840144472026	0.5157904390172281	33.24439978599548
0.2865395766511004	0.5187066204602164	33.334399700164795
0.27019199007133776	0.41067656618601617	33.57439970970154
0.33626324714620276	0.5403170857051255	34.03439974784851
0.36637696213568954	0.5835565362215294	34.07439970970154
0.362724521618219	0.5868669056752315	34.10439968109131
0.3571628879645735	0.5875261901976492	34.13439965248108
0.3533394003864038	0.5890984629992827	34.174399852752686
0.3515742985471502	0.5888720677601009	34.204399824142456
0.3510704291835893	0.5868894418961221	34.23439979553223
0.3494102820050189	0.5911587329662449	34.274399757385254
0.3465963104211873	0.5936038940701311	34.304399728775024
0.34471901564355373	0.5921297659749278	34.334399700164795
0.3432308424916208	0.592771911351415	34.37439966201782
0.34200532312330595	0.5940216715815839	34.40439987182617
0.3845318114385014	0.5488212889360552	34.43439984321594
0.4198172645136759	0.48658561724027505	34.47439980506897
0.4188488322078215	0.4791905056378777	34.50439977645874
0.41644563259340583	0.4817455120020295	34.53439974784851
0.4127612824168769	0.48767663751512164	34.57439970970154
0.4091417375541416	0.48827298540655806	34.60439968109131
0.40677750098052995	0.4931341223450949	34.63439965248108
0.40583106331382396	0.4952604924449144	34.674399852752686
0.4066427791324781	0.49560723736285117	34.704399824142456
0.4063394461061945	0.4973619938219503	34.73439979553223
0.40464850478962616	0.49764996822800245	34.774399757385254
0.405316473440077	0.4989935546298145	34.804399728775024
0.40535430838010844	0.49651348213221697	34.834399700164795
0.4038750262891952	0.4980733770255477	34.87439966201782
0.4019665789008676	0.49943109583919953	34.90439987182617
0.39902012972725515	0.501155606714923	34.93439984321594
0.39948437390274977	0.49967383064268583	34.97439980506897
0.39342095674488875	0.502352613545569	35.00439977645874
0.3287520073170756	0.5361758622336774	35.03439974784851
0.3261898797663151	0.5360096917501428	35.07439970970154
0.32584139056852934	0.5354883551236772	35.10439968109131
