COORDENADA X	 COORDENADA Y	 TEMPO
0.07403315879134716	0.34388394991448457	0.02722454071044922
0.07405712400485351	0.34281029881616365	0.05722451210021973
0.1465980349195511	0.8570799914397603	0.12722444534301758
0.14658919931246137	0.8562110792571848	0.15722441673278809
0.14465473592161446	0.8587269967814707	0.19722461700439453
0.1434940824604823	0.8633434353106703	0.22722458839416504
0.1435517189364377	0.8643172397801382	0.25722455978393555
0.1433933561076506	0.8672530726459665	0.2972245216369629
0.14309739106089459	0.8684934978211141	0.3272244930267334
0.14434405649438448	0.8684806424917136	0.3572244644165039
0.14432544133436503	0.8675866036756169	0.39722442626953125
0.13861502542755819	0.872954650034894	0.42722439765930176
0.09678359875627011	0.909569710663506	0.45722460746765137
0.09656234405038744	0.9097356215715033	0.4972245693206787
0.09637105992423396	0.9133801462048964	0.5272245407104492
0.09692909564808705	0.9111410124147892	0.5572245121002197
0.0965594456797503	0.90854017831656	0.5972244739532471
0.09609566533243857	0.9097359710446294	0.6272244453430176
0.09625695217085765	0.9108492707638881	0.6572244167327881
0.09559478092864601	0.908269114713138	0.6972246170043945
0.0964306198234879	0.9090074727489332	0.727224588394165
0.09657385226048952	0.9106224304071286	0.7572245597839355
0.1887825821721065	0.8713290919224244	0.8272244930267334
0.190835107219865	0.8731891709696102	0.8572244644165039
0.19058348317290888	0.8778289973047957	0.8972244262695312
0.1899046608306278	0.8796953997008063	0.9272243976593018
0.18966059861791187	0.8816552223155392	0.9572246074676514
0.19023850595051978	0.8826120477147671	0.9972245693206787
0.19020138456011929	0.8821868946931439	1.0272245407104492
0.0743458837582791	0.8454463451213764	1.097224473953247
0.07593409904129521	0.8472871450772966	1.1272244453430176
0.07675166128563467	0.848378983952884	1.157224416732788
0.0781161382196607	0.8488737527122577	1.1972246170043945
0.07933775715382996	0.8515319517248279	1.227224588394165
0.07974969312040293	0.8499199389713799	1.2572245597839355
0.07970256596316504	0.8504959645659979	1.297224521636963
0.08005532581953957	0.8510883998280985	1.3272244930267334
0.09437019043052462	0.8570727589904915	1.3672244548797607
0.0990067769103756	0.8610191245069728	1.3972244262695312
0.09927213953698956	0.8631890492049387	1.4272243976593018
0.09751209926503168	0.8635048332284131	1.4572246074676514
0.10458419419400734	0.8597827625808101	1.4972245693206787
0.13017238966828962	0.8483649210169387	1.5272245407104492
0.13254950565954707	0.8459848118612561	1.5672245025634766
0.1306494342493021	0.8486720899251379	1.597224473953247
0.13388463286192295	0.8490924768296576	1.6272244453430176
0.13448275016905914	0.8505813023949312	1.657224416732788
0.13308857752558695	0.8536546217844629	1.6972246170043945
0.13454616932886984	0.8555955381965688	1.727224588394165
0.13354015738520594	0.8542515172652352	1.7572245597839355
0.13294428063054303	0.8566374609727375	1.797224521636963
0.17031304323225635	0.8492224620765072	1.8272244930267334
0.1770998217144652	0.8466310987661135	1.857224464416504
0.1804633110464861	0.8486373868010606	1.8972244262695312
0.18002597758119146	0.8503443130295548	1.9272243976593018
0.1811906448138165	0.8514560417790882	1.9572246074676514
0.1821353985537803	0.854662128843137	1.9972245693206787
0.18144047814244663	0.851507327327365	2.027224540710449
0.21476576557167978	0.8414410013554191	2.0572245121002197
0.22180045562013015	0.8445473112507808	2.097224473953247
0.22634797780171445	0.8436652995304665	2.1272244453430176
0.22916002035136238	0.8393865600708208	2.157224416732788
0.2259770733013414	0.8539873349451707	2.1972246170043945
0.2302300554440843	0.8509027656796283	2.227224588394165
0.2311504969830313	0.8429670198568175	2.2572245597839355
0.2297572553871552	0.8408555545057855	2.297224521636963
0.2756474286700353	0.8333093356527267	2.3272244930267334
0.28314894161532955	0.8300264861196969	2.357224464416504
0.28391356956188296	0.835112010086404	2.3972244262695312
0.28189809737031657	0.8312177210370401	2.4272243976593018
0.27915400412359603	0.8257383560933955	2.4572246074676514
0.2748294630808249	0.8252700726488742	2.4972245693206787
0.26810781167268216	0.8263252892426504	2.527224540710449
0.26416104376316346	0.823519100384749	2.5572245121002197
0.26526374141768133	0.8268293471847566	2.597224473953247
0.2658854379009681	0.831774432272107	2.6272244453430176
0.26513035042137795	0.8367529201753708	2.657224416732788
0.3016872531891659	0.8443993778626098	2.6972246170043945
0.335512977165046	0.8376975540185707	2.727224588394165
0.34003157829942654	0.8421449240357137	2.7572245597839355
0.34229592324297875	0.8447828895030071	2.797224521636963
0.3450080232079229	0.8487931121507101	2.8272244930267334
0.3439106523235397	0.8561493170010788	2.857224464416504
0.301543644206245	0.7622861376726688	2.8972244262695312
0.3619316335047588	0.8539846305245681	3.1272244453430176
0.3668728493812662	0.84964751373694	3.157224416732788
0.3811904690668453	0.8450907163344622	3.1972246170043945
0.40830520000450926	0.8387205771857935	3.227224588394165
0.41138213622849473	0.8357437843510036	3.2572245597839355
0.4124168021332728	0.8317811561150255	3.297224521636963
0.41179063897242546	0.8301469857024497	3.3272244930267334
0.41095243969092815	0.8307740589082652	3.357224464416504
0.4116654257361387	0.8251469112591284	3.3972244262695312
0.4118029165731401	0.8247491828223311	3.4272243976593018
0.41288576801026794	0.8237422145998882	3.4572246074676514
0.41326240751383586	0.8246845523950888	3.4972245693206787
0.41270447060358467	0.823843585797146	3.527224540710449
0.4152707402340963	0.8235728186543407	3.5572245121002197
0.10726470369534685	0.8297686345672671	3.6272244453430176
0.10435794157685792	0.8335285608051457	3.657224416732788
0.10484110563379667	0.8339000320674691	3.6972246170043945
0.10701747739628215	0.8406249660270614	3.727224588394165
0.10728055561119343	0.8403214632182797	3.7572245597839355
0.10583010345708423	0.8411810351396104	3.797224521636963
0.10471705864606493	0.8386888062331129	3.8272244930267334
0.0920387014614592	0.8458392020403134	3.857224464416504
0.09244973317226027	0.8443611908677338	3.8972244262695312
0.09330470114896232	0.8470661203549588	3.9272243976593018
0.0934275545070384	0.8469471597172066	3.9572246074676514
0.09261952749245782	0.8454610607389429	3.9972245693206787
0.09307538313683185	0.845204582945101	4.027224540710449
0.0936165343398823	0.84527127344577	4.05722451210022
0.09444208783208821	0.8477619462895594	4.097224473953247
0.22755497152783563	0.7844169298026901	4.157224416732788
0.22983453313154129	0.7920236000856634	4.1972246170043945
0.2300974975365315	0.7919369549649431	4.227224588394165
0.23059346175679624	0.790036999155913	4.2572245597839355
0.23048779667747846	0.7904246300252854	4.297224521636963
0.22948543212442854	0.7907634356884767	4.327224493026733
0.2292907800699044	0.7919250586118955	4.357224464416504
0.2317046684883461	0.7962450343593885	4.397224426269531
0.23385062168950813	0.7948915118809877	4.427224397659302
0.29131337365204224	0.7805567022974016	4.457224607467651
0.29381787946785753	0.7755316852368365	4.497224569320679
0.293214776763852	0.7730084889293126	4.527224540710449
0.29549583898331594	0.7800146852332981	4.55722451210022
0.29529506414156653	0.7764890001529258	4.597224473953247
0.2954640550520999	0.7731512061122451	4.627224445343018
0.3396961849046999	0.764034882036841	4.657224416732788
0.34524345503649445	0.763950610787105	4.6972246170043945
0.34341233348066086	0.7640672900620189	4.727224588394165
0.3432980560900292	0.7632138379961341	4.7572245597839355
0.34317254486685256	0.763136299670568	4.797224521636963
0.3423675495414003	0.7621894281842357	4.827224493026733
0.34169965095320187	0.762939597786291	4.857224464416504
0.3411889303671594	0.7605036865600125	4.897224426269531
0.3419468258110742	0.760121722561838	4.927224397659302
0.3824036770037571	0.7573334568463292	4.957224607467651
0.39225300521609835	0.7574522197493816	4.997224569320679
0.3939883927204433	0.7581184454008962	5.027224540710449
0.3937908888324688	0.7599257465539875	5.05722451210022
0.3930952119188114	0.7592367225875056	5.097224473953247
0.39340413538005176	0.7578304094358976	5.127224445343018
0.39301145489105727	0.7578447027117179	5.157224416732788
0.3917465648900299	0.7568220828193555	5.1972246170043945
0.3946969117308015	0.7563582480703418	5.227224588394165
0.39346491893351193	0.7551480557384562	5.2572245597839355
0.39335681742888917	0.7516648924214535	5.297224521636963
0.41621828878794875	0.7518981356847091	5.327224493026733
0.415016197033727	0.7509527873359111	5.357224464416504
0.41810300199595896	0.7537802352727594	5.397224426269531
0.41731111448739616	0.7509569322944329	5.427224397659302
0.41628953975430316	0.7506365095180675	5.457224607467651
0.4166499194954592	0.7506799803620725	5.497224569320679
0.42061129448818113	0.7488043015572149	5.527224540710449
0.44383612427736124	0.751152412843262	5.567224502563477
0.4456792319526503	0.7499134784931776	5.597224473953247
0.4445492733583534	0.7480799390188743	5.627224445343018
0.44478469854239994	0.7495953954745802	5.657224416732788
0.443638349261837	0.7488802985829526	5.6972246170043945
0.4397848283129077	0.7459951198335497	5.727224588394165
0.09803760158287306	0.7476170017096508	5.797224521636963
0.10116047869993139	0.7500656255031686	5.827224493026733
0.1038076664768987	0.7571832175345501	5.857224464416504
0.10369580116067306	0.7626196382689039	5.897224426269531
0.10415227912202095	0.7654211503219641	5.927224397659302
0.07696009745718631	0.768707337317372	5.957224607467651
0.07789092511867018	0.7701835959092853	5.997224569320679
0.07908554254819813	0.7737313465952939	6.027224540710449
0.07787584729279737	0.7727024099257912	6.05722451210022
0.07881085905638034	0.7758817690290134	6.097224473953247
0.09443242437896801	0.7792941369407617	6.127224445343018
0.12661557371360868	0.763175975543993	6.167224407196045
0.1290413165019434	0.7648905172254833	6.1972246170043945
0.1301466499876766	0.7691608514638031	6.227224588394165
0.1271328763773388	0.7766477462515026	6.2572245597839355
0.15783622458367308	0.8089666533284529	6.457224607467651
0.16298051523719778	0.7993571705641557	6.497224569320679
0.16761926080592393	0.7997262665329071	6.527224540710449
0.16997399937809118	0.7983331342352505	6.55722451210022
0.1717573066077352	0.7995297774613555	6.597224473953247
0.17314575536476698	0.7973402245208648	6.627224445343018
0.17475213348449992	0.797411960430972	6.657224416732788
0.17591700951235573	0.7925022155353162	6.6972246170043945
0.17617565168316848	0.7908806976073248	6.727224588394165
0.2081680025093063	0.7766208067830648	6.7572245597839355
0.217292036789007	0.7762626094351953	6.797224521636963
0.21767172477459748	0.775403773847566	6.827224493026733
0.21916894137784837	0.7758452021846605	6.857224464416504
0.22078666621503082	0.7756766819731579	6.897224426269531
0.22091687372887917	0.7765138229430654	6.927224397659302
0.22149185648477066	0.7761763660569957	6.957224607467651
0.22290331680466924	0.7770642219009933	6.997224569320679
0.2224388521114833	0.7806766756708018	7.027224540710449
0.21100953804536632	0.8081789548131914	7.05722451210022
0.352313440033339	0.7489095662731201	7.1972246170043945
0.3599612182003175	0.7526813276923944	7.227224588394165
0.36469859557343864	0.750868876385583	7.2572245597839355
0.36834913671061065	0.748223293595689	7.297224521636963
0.37053385150956564	0.7443729769136258	7.327224493026733
0.37211297443157554	0.7411744750291063	7.357224464416504
0.37267950102722563	0.7401514311883973	7.397224426269531
0.373144768768816	0.7374158652440377	7.427224397659302
0.38284358625624715	0.734353353953012	7.457224607467651
0.42282991290791383	0.729351795881214	7.497224569320679
0.42448086735938334	0.7313589705981794	7.527224540710449
0.4235171625148161	0.7310848966055461	7.55722451210022
0.4217920888806367	0.7319150098179595	7.597224473953247
0.42148142053993376	0.7325848843593882	7.627224445343018
0.09531719034806177	0.7304863980011392	7.6972246170043945
0.09615374991804099	0.7347942655740072	7.727224588394165
0.0971091873234438	0.7392949011211275	7.7572245597839355
0.09735334996429497	0.7426875470895732	7.797224521636963
0.09782597920121368	0.746212955605967	7.827224493026733
0.09689475990775974	0.7468377813558797	7.857224464416504
0.09696370056718015	0.749367904743148	7.897224426269531
0.09281276579584409	0.7488359791747605	7.927224397659302
0.09005843758670067	0.7510807929494127	7.957224607467651
0.08914524740749982	0.7504790603224345	7.997224569320679
0.0890807277603586	0.7502329641053165	8.02722454071045
0.08984162789010429	0.7527139202728514	8.05722451210022
0.08922679685217595	0.7481856354598987	8.097224473953247
0.0852475274426131	0.7194753216844031	8.127224445343018
0.08667938267968567	0.7203838629953768	8.157224416732788
0.08708331724180232	0.7224265619740136	8.197224617004395
0.08741125353150248	0.7205771260471235	8.227224588394165
0.08726604370051774	0.7202058543793418	8.257224559783936
0.0882688557843497	0.7190452679210655	8.297224521636963
0.0877405423057011	0.7205831407431487	8.327224493026733
0.08687224371296336	0.7193761751711567	8.357224464416504
0.08627201830664749	0.7188333194285492	8.397224426269531
0.08658081116790645	0.7242935993357622	8.427224397659302
0.08590657871103373	0.7358006764508995	8.457224607467651
0.08478178314476631	0.7363051592407283	8.497224569320679
0.08495971323972808	0.7357003250411266	8.52722454071045
0.08521570971640066	0.7374488902871196	8.55722451210022
0.08507094386341779	0.7357970999780379	8.597224473953247
0.08524067407379744	0.7342623745699538	8.627224445343018
0.08535931248390866	0.7366210863591832	8.657224416732788
0.08806544095425366	0.734902878158813	8.697224617004395
0.13844945455951366	0.6899259692587024	8.727224588394165
0.14143107183388234	0.6899258107621059	8.757224559783936
0.1411206785657615	0.6914889694848397	8.797224521636963
0.141828655276844	0.6905267251463925	8.827224493026733
0.14182668732593967	0.6923729015144017	8.857224464416504
0.1417433963329357	0.6920909320872607	8.897224426269531
0.14111917036238103	0.6909191800560255	8.927224397659302
0.141677949121779	0.6928990538333103	8.957224607467651
0.14225114577811937	0.6922237444554964	8.997224569320679
0.1427674468264213	0.6925572989603928	9.02722454071045
0.14342115056142282	0.6917353422735311	9.05722451210022
0.1439839824280087	0.6926267883151194	9.097224473953247
0.1478697223663626	0.6927800373109921	9.127224445343018
0.19348807620552552	0.6717246963088022	9.157224416732788
0.19537299882656958	0.673455785439544	9.197224617004395
0.19632214315192967	0.6766526639078104	9.227224588394165
0.1965936769747785	0.6758713269332418	9.257224559783936
0.19652571439387248	0.6759186983505007	9.297224521636963
0.19590783352339902	0.6766637540171181	9.327224493026733
0.19671204184671207	0.6755093002148841	9.357224464416504
0.1968206389675994	0.6771878574485183	9.397224426269531
0.20161907345198313	0.6776330742849653	9.427224397659302
0.23182615421786568	0.6714785477196679	9.457224607467651
0.23276611424072535	0.6733080701316868	9.497224569320679
0.23171409968561593	0.6730327782148873	9.52722454071045
0.23171255186496686	0.6728767246980936	9.55722451210022
0.23184200294100063	0.6726573253595775	9.597224473953247
0.23170572106243334	0.6733931061778798	9.627224445343018
0.231368781574232	0.6735256453684982	9.657224416732788
0.23170414343683243	0.6719091166344594	9.697224617004395
0.23198582326930278	0.6742700884878611	9.727224588394165
0.23211825482168275	0.6740682222780714	9.757224559783936
0.2317767867904511	0.6727111774493856	9.797224521636963
0.23220384866767924	0.673378975144694	9.827224493026733
0.2330320745795997	0.6733574855150853	9.857224464416504
0.23000066641713962	0.673815300186183	9.897224426269531
0.2298014111550229	0.6761339466225827	9.927224397659302
0.23086041059149626	0.67829250527493	9.957224607467651
0.23091658357640288	0.6800798168813349	9.997224569320679
0.23114954119507677	0.6799422164415051	10.02722454071045
0.22749529812536365	0.6824108635361912	10.05722451210022
0.21285213380574133	0.691105572110141	10.097224473953247
0.21225609408292812	0.6947310240278628	10.127224445343018
0.20386129934970887	0.7072211239624298	10.157224416732788
0.22640573829617705	0.7061327993375909	10.457224607467651
0.2296610094614815	0.6765159197348392	10.497224569320679
0.23156055113499138	0.6794808078571094	10.52722454071045
0.23593746328412735	0.686098992797819	10.597224473953247
0.23758086248903934	0.690393796029764	10.627224445343018
0.23886253312503988	0.6905194176990852	10.657224416732788
0.24070740855809952	0.6892862889990904	10.697224617004395
0.2428999406165475	0.685805973717338	10.727224588394165
0.30208489883275436	0.6730130410169616	10.757224559783936
0.3069902117611619	0.6723082531497511	10.797224521636963
0.30834719050784043	0.6702600255308806	10.827224493026733
0.3085842545732207	0.6682374403027598	10.857224464416504
0.3098876730892595	0.6664654244809303	10.897224426269531
0.3118902546610875	0.6664326305100705	10.927224397659302
0.31394338090924423	0.666518105907402	10.957224607467651
0.3095800835399564	0.6653754348437488	10.997224569320679
0.30374485254200106	0.6655918489084274	11.02722454071045
0.30269586875404575	0.6641091457985836	11.05722451210022
0.30370601416407267	0.6641988870417023	11.097224473953247
0.3048232983763626	0.6628951624172934	11.127224445343018
0.3061201818633713	0.6654373266984143	11.157224416732788
0.44901787352210587	0.6496495560593527	11.227224588394165
0.45123153546282796	0.6506534150478587	11.257224559783936
0.4497766512061074	0.6523503335277949	11.297224521636963
0.44995959697905763	0.6539028796953872	11.327224493026733
0.4513388206131196	0.6541610553256828	11.357224464416504
0.45131688989922586	0.6548652258322236	11.397224426269531
0.4451095098188607	0.6515198864831977	11.427224397659302
0.4221976835860256	0.6504345093725584	11.457224607467651
0.4285657331638292	0.6528135312207766	11.497224569320679
0.4278962542374944	0.6537341794548478	11.52722454071045
0.4268270463158892	0.6521287340200822	11.55722451210022
0.423875793322578	0.6500593170917409	11.597224473953247
0.08570565987806102	0.6485708325073879	11.657224416732788
0.08858507198574611	0.6524757486880468	11.697224617004395
0.08984437026728936	0.6571406807453477	11.727224588394165
0.08952699480943191	0.66025410190694	11.757224559783936
0.08906216306665052	0.6633661003604301	11.797224521636963
0.08988635582230659	0.6636674828332512	11.827224493026733
0.08946079534950897	0.6637166432836622	11.857224464416504
0.08932992599103726	0.6624380292384254	11.897224426269531
0.08858153940505505	0.6620310537800953	11.927224397659302
0.08881995509331232	0.663165201470128	11.957224607467651
0.0896292721659474	0.66545055776825	11.997224569320679
0.08971385760756981	0.6624512862091627	12.02722454071045
0.1356939004026247	0.6395959074104678	12.05722451210022
0.14984588637412607	0.6364628633293758	12.097224473953247
0.15002848246281558	0.6376377479010576	12.127224445343018
0.15029996791233227	0.6393384997660329	12.157224416732788
0.1504240474871117	0.6385659444701328	12.197224617004395
0.14962195484727212	0.6386426919092528	12.227224588394165
0.14832604586000775	0.6395323174806218	12.257224559783936
0.15084617897940766	0.639633611479737	12.297224521636963
0.189159230096857	0.6274584536951998	12.327224493026733
0.1934977628890736	0.6285706788816162	12.357224464416504
0.19286834110290663	0.6289340236907389	12.397224426269531
0.19365007265612244	0.6297645157416933	12.427224397659302
0.19399798287275355	0.6293023982284001	12.457224607467651
0.19405909868608057	0.6282568582390243	12.497224569320679
0.19437964136125926	0.6274994787516496	12.52722454071045
0.19486503824257737	0.6284312522549049	12.55722451210022
0.20000891824124445	0.6277698815948954	12.597224473953247
0.23209718107974647	0.6211025822171395	12.627224445343018
0.23311942652712575	0.6214291615554273	12.657224416732788
0.2322152843340729	0.6220558581126571	12.697224617004395
0.23197193725815016	0.6221908184896744	12.727224588394165
0.2212954285260173	0.620224305303915	12.757224559783936
0.15898984358736776	0.6357105788166237	12.797224521636963
0.16072130411882593	0.6368338773520571	12.827224493026733
0.16144487500301444	0.6371866985853337	12.857224464416504
0.16214444593637214	0.6377345664379354	12.897224426269531
0.16185177555705332	0.6405949147305873	12.927224397659302
0.16143052945790423	0.6393056678558209	12.957224607467651
0.1614841726169277	0.6396069133788671	12.997224569320679
0.1613470547836476	0.6383707068903968	13.02722454071045
0.18426185963700173	0.6252352028389088	13.05722451210022
0.19034801389774908	0.624993152837115	13.097224473953247
0.19088501036701458	0.6231514966463862	13.127224445343018
0.19096109646773274	0.6244525879936272	13.157224416732788
0.2430600150399744	0.6100385192621182	13.227224588394165
0.24322296169404473	0.6094343441167923	13.257224559783936
0.2435807436410612	0.6103610786633086	13.297224521636963
0.2437874361063144	0.60987614713563	13.327224493026733
0.24425982124361395	0.6092758217884439	13.357224464416504
0.24701371802859626	0.6095510302335357	13.397224426269531
0.3679580003745365	0.5823688131096589	13.427224397659302
0.37594498459963394	0.5867218777842572	13.457224607467651
0.37718835219857005	0.59048634856045	13.497224569320679
0.3779793563117127	0.5921950634304985	13.52722454071045
0.37869194759092056	0.5933689787111246	13.55722451210022
0.3796151439964442	0.5932326139572435	13.597224473953247
0.37307180962013714	0.5943299277625975	13.627224445343018
0.35933528030171663	0.597404815318968	13.657224416732788
0.3611124903905478	0.5975103135646868	13.697224617004395
0.3616128200126317	0.6011068991908284	13.727224588394165
0.3620658843704383	0.6001861978215055	13.757224559783936
0.3620397083155094	0.602073736362283	13.797224521636963
0.3629785503364602	0.6014024044408359	13.827224493026733
0.3645820596405549	0.6013770241195009	13.857224464416504
0.42915282855841214	0.5950577986909713	13.897224426269531
0.4356066738039214	0.5989959439382715	13.927224397659302
0.4366862686478357	0.6008181245438812	13.957224607467651
0.43624272421154564	0.6012592892284686	13.997224569320679
0.4347281019243787	0.6007188926117089	14.02722454071045
0.43535391028446585	0.600467161802318	14.05722451210022
0.4360294023075859	0.6000901632048338	14.097224473953247
0.4356068279581065	0.6011452345423268	14.127224445343018
0.4306687757816509	0.5983771754958938	14.157224416732788
0.079609280226733	0.5959449926940074	14.227224588394165
0.08185968980697889	0.5999103497397141	14.267224550247192
0.08466960611432447	0.6034111506792912	14.297224521636963
0.08493839806434794	0.6049482311832328	14.327224493026733
0.08560205871993537	0.6045472355366508	14.357224464416504
0.08514153003423648	0.6073137361453165	14.397224426269531
0.08504235211321524	0.6087519645035208	14.427224397659302
0.08519732830335516	0.6092366909528517	14.457224607467651
0.08497051533481131	0.6106736099889841	14.497224569320679
0.08700769070749095	0.6120731272388898	14.52722454071045
0.08806511919107994	0.6141816609199143	14.55722451210022
0.11182119115557061	0.608636195162973	14.597224473953247
0.12009589244660873	0.6092227138901348	14.627224445343018
0.12128513614103423	0.6111126890575455	14.657224416732788
0.12110230722331453	0.6151897215793499	14.697224617004395
0.12149079289725342	0.6180855505065586	14.727224588394165
0.12138694631456692	0.622559817181824	14.757224559783936
0.10685414105297415	0.6419023551188696	14.797224521636963
0.14125139093304898	0.6275737343093748	14.957224607467651
0.14712746621417203	0.6232250847493592	14.997224569320679
0.14970304088976003	0.6193338385480478	15.02722454071045
0.15340649172635631	0.6146859948688559	15.05722451210022
0.15471108356499522	0.6094221468853219	15.097224473953247
0.1561478458466515	0.6053365064843489	15.127224445343018
0.15591216876739222	0.6021243668902617	15.157224416732788
0.15676353679555505	0.6028529047167843	15.197224617004395
0.155644425921004	0.597908338770839	15.227224588394165
0.15528088933876635	0.5955697317587182	15.257224559783936
0.15526898848281834	0.5923789703185358	15.297224521636963
0.17420038869755414	0.5876934572749449	15.327224493026733
0.19802517879880038	0.5791807196641765	15.357224464416504
0.19891827695069714	0.5850396854418798	15.397224426269531
0.19865289024588606	0.5839601368673587	15.427224397659302
0.19980651101883545	0.585463075861837	15.457224607467651
0.19937799710271972	0.5855258321866826	15.497224569320679
0.20056917429345458	0.5865868150457026	15.52722454071045
0.2003929489246621	0.5869035791107045	15.55722451210022
0.20007346604795317	0.5862256057983299	15.597224473953247
0.1999102692550132	0.5865379622361362	15.627224445343018
0.20024722341831144	0.5849079334092301	15.657224416732788
0.20073655271547813	0.5853899613020729	15.697224617004395
0.20047679330317794	0.5853793474842831	15.727224588394165
0.2007856338833528	0.5868991222879735	15.757224559783936
0.20023272687396845	0.5874261617827441	15.797224521636963
0.18900788974821076	0.5863781387866699	15.827224493026733
0.18579725253512377	0.5826631997801921	15.857224464416504
0.1848405880187632	0.5838694008483992	15.897224426269531
0.18473519320647078	0.5835626690270207	15.927224397659302
0.18462994583301018	0.5827712213127704	15.957224607467651
0.18466924350582625	0.5829896711790673	15.997224569320679
0.18517073298326828	0.5835115719544727	16.02722454071045
0.18494218455092631	0.585076280309429	16.05722451210022
0.18504664066869256	0.5878528804936394	16.097224473953247
0.18454876514771065	0.5863866927374155	16.127224445343018
0.18453771019837883	0.5861730927021658	16.157224416732788
0.18485014998506952	0.5852363272810149	16.197224617004395
0.1848806171586365	0.5868959931936261	16.227224588394165
0.18521697996196518	0.585927886236354	16.257224559783936
0.18932541066098607	0.5878960040595591	16.297224521636963
0.26152086159152416	0.5653546115517384	16.327224493026733
0.2663394986835129	0.5702687404659629	16.357224464416504
0.2668197783069541	0.5727062381675003	16.39722442626953
0.2667441954764713	0.5729989538857648	16.4272243976593
0.2666340446251161	0.5720843225919683	16.45722460746765
0.2630736806505082	0.5734905841815032	16.49722456932068
0.25102707038527833	0.5746854330594977	16.52722454071045
0.25198860522552324	0.5740174999059223	16.55722451210022
0.2523468920051468	0.5767814871476715	16.597224473953247
0.2529903736879457	0.575777175553172	16.627224445343018
0.25340892327918657	0.5769718998729856	16.667224407196045
0.25365903734117606	0.5772992048703363	16.697224617004395
0.2537231797178142	0.5784273444575024	16.727224588394165
0.25655012637927793	0.5773285479017535	16.767224550247192
0.29952335116433326	0.5723109421759512	16.797224521636963
0.3037946799588499	0.5733062019450058	16.827224493026733
0.3041221143592165	0.5733480278401799	16.86722445487976
0.3037753644243789	0.5739571561266722	16.89722442626953
0.3032062682973102	0.5730677142758074	16.9272243976593
0.30398804157051773	0.5757378927697085	16.967224597930908
0.30355877494408606	0.5737687464544775	16.99722456932068
0.3281744398245291	0.5701568533678066	17.02722454071045
0.34543953223153495	0.5722594428109435	17.067224502563477
0.3468391970270826	0.5743181058266276	17.097224473953247
0.34829439324911116	0.5755573781179608	17.127224445343018
0.34797404235353313	0.5763580601541691	17.167224407196045
0.3479771104548097	0.575885023328946	17.197224617004395
0.348356522347664	0.5783817136561952	17.227224588394165
0.3477296031810369	0.576396110323873	17.267224550247192
0.3473346290877643	0.5772392158002689	17.297224521636963
0.3497729600510922	0.5776049894968144	17.327224493026733
0.40316775147268763	0.5749142843254349	17.36722445487976
0.4075968257642764	0.5780967757471687	17.39722442626953
0.4066727643837768	0.5796795016485787	17.4272243976593
0.4068022681374919	0.5794787435190574	17.467224597930908
0.4063534917404137	0.5798908742305892	17.49722456932068
0.07717076939642413	0.571425711419715	17.567224502563477
0.07489486500884561	0.5809218325195992	17.597224473953247
0.07692573349353093	0.5835570367591348	17.627224445343018
0.07759169309094507	0.5843024073543052	17.667224407196045
0.07717037828394686	0.5857615408872842	17.697224617004395
0.07764761308220136	0.5863857314634661	17.727224588394165
0.07841596687530294	0.5869680888542066	17.767224550247192
0.07804881309008346	0.5891338994356909	17.797224521636963
0.07890046710061294	0.5885155058641462	17.827224493026733
0.07902804734839192	0.5902916697438458	17.86722445487976
0.07956934429947898	0.5869448112242317	17.89722442626953
0.0797744400123863	0.586466018416245	17.9272243976593
0.07995568524014868	0.587740260361927	17.967224597930908
0.1524140739038223	0.5549809074103241	18.02722454071045
0.1544090767747831	0.5568989229496644	18.067224502563477
0.15431573944899876	0.5585844035894042	18.097224473953247
0.15484320802731358	0.5580295899495746	18.127224445343018
0.15482498662260996	0.5581137073871398	18.167224407196045
0.1542355129044312	0.5582335318196464	18.197224617004395
0.15592251127964318	0.5593512549047384	18.227224588394165
0.1559112345070642	0.5613791368354032	18.267224550247192
0.15457632102810911	0.5635515628869048	18.297224521636963
0.15098488895438253	0.5696758411358774	18.327224493026733
0.14922873483546628	0.585304415456455	18.49722456932068
0.15504979765960436	0.592517862180179	18.52722454071045
0.15848505899888515	0.5900847339041675	18.567224502563477
0.16326050565827774	0.5837837916324188	18.597224473953247
0.20574173219724654	0.55257568870327	18.627224445343018
0.20639997608713243	0.5512959406036567	18.667224407196045
0.20665624874642757	0.5507379776958765	18.697224617004395
0.20665313259738832	0.5470452677900396	18.727224588394165
0.2060916713534267	0.548259828313361	18.767224550247192
0.2063796645274073	0.547923891422679	18.797224521636963
0.2060161269474646	0.5464487776409199	18.827224493026733
0.20594843794484402	0.5460469237448238	18.86722445487976
0.2073381438853236	0.5444039044759563	18.89722442626953
0.20625587480036897	0.5443300707506933	18.9272243976593
0.2020527882161403	0.5486874130839523	18.967224597930908
0.20255343013603944	0.5499498982963205	18.99722456932068
0.20273952137593573	0.5490870410837952	19.02722454071045
0.20333052514559052	0.5495530635669503	19.067224502563477
0.20350614222164817	0.5510949020821406	19.097224473953247
0.2159318464522893	0.5456124788903468	19.127224445343018
0.24629840379705148	0.5405720379112308	19.167224407196045
0.24689417621708765	0.5420280638243912	19.197224617004395
0.24671330973088443	0.5431788095727543	19.227224588394165
0.24653536791267358	0.5479817084605973	19.267224550247192
0.24620267668993662	0.5489978414781769	19.297224521636963
0.24270760650131318	0.5531544260741379	19.327224493026733
0.2608578345117462	0.6900925548350887	19.36722445487976
0.2612965987997342	0.5506386609516859	19.52722454071045
0.26734156203337595	0.5559405781124548	19.567224502563477
0.26989348305033484	0.5519143595949859	19.597224473953247
0.27367626888467206	0.5492441657236274	19.627224445343018
0.27679642212476674	0.5456986109021928	19.667224407196045
0.2782854694591538	0.5441716327623362	19.697224617004395
0.27901719888801196	0.540398201386217	19.727224588394165
0.2791797095286499	0.5402763314129739	19.767224550247192
0.2784924227966388	0.540172834406741	19.797224521636963
0.27834831101842844	0.5359864571282186	19.827224493026733
0.2780396750836724	0.5350901365450753	19.86722445487976
0.2792908214611261	0.5366250752409172	19.89722442626953
0.28006004784373806	0.5361592283953094	19.9272243976593
0.28121524886801047	0.5361197935951871	19.967224597930908
0.2815885053004809	0.5374221299301473	19.99722456932068
0.2821126724495042	0.536914898118797	20.02722454071045
0.2818197907950755	0.5369078733149915	20.067224502563477
0.2825580630845516	0.5362446460453957	20.097224473953247
0.2823533292207156	0.5367459325274325	20.127224445343018
0.283260205160137	0.5369187942371431	20.167224407196045
0.283130773558666	0.5372456973376277	20.197224617004395
0.28278293120025944	0.5364975970818628	20.227224588394165
0.28280883626861697	0.5381493445623928	20.267224550247192
0.2818251955660387	0.5366353013226428	20.297224521636963
0.28210150503005776	0.5373144054057862	20.327224493026733
0.28224305422370205	0.5361277181579421	20.36722445487976
0.28191562278089294	0.5369863914804456	20.39722442626953
0.27953986344543413	0.5417707330000591	20.4272243976593
0.26103443728391434	0.5216197358884445	20.727224588394165
0.26448452708423037	0.528115763496319	20.767224550247192
0.26578610140277004	0.5291607660088009	20.797224521636963
0.26742023941800563	0.5291546718756271	20.827224493026733
0.26808828188458017	0.5284677110615186	20.86722445487976
0.2693934091068767	0.5282491343071303	20.89722442626953
0.2801351496294249	0.542824691076119	20.9272243976593
0.28122768450249364	0.5420608852508575	20.967224597930908
0.28021503491839433	0.5408838039510205	20.99722456932068
0.2797069643711064	0.5381398572404167	21.02722454071045
0.2794141321481439	0.5379729703553492	21.067224502563477
0.27953724457173307	0.5355251885099158	21.097224473953247
0.28232340169309905	0.5362845333279564	21.127224445343018
0.28231351111548647	0.536118287422636	21.167224407196045
0.2829943397033441	0.5357725511802182	21.197224617004395
0.28346634120335173	0.5345897329649256	21.227224588394165
0.2821507429865156	0.5352047858864311	21.267224550247192
0.28302286993768666	0.5352501193435124	21.297224521636963
0.283652092918668	0.5350152169123759	21.327224493026733
0.2840496503087017	0.5356729845032747	21.36722445487976
0.2848866988601029	0.5365956264675964	21.39722442626953
0.28701165594348693	0.5369971780690874	21.4272243976593
0.3239595149129471	0.5353243689341988	21.467224597930908
0.32663827213779156	0.5370993762719617	21.49722456932068
0.3284424220097653	0.536983973982791	21.52722454071045
0.3276548927540633	0.5378172060644396	21.567224502563477
0.32879852539475	0.5405936970707741	21.597224473953247
0.32841695871827825	0.5387820811311258	21.627224445343018
0.3291258346705382	0.5400578686431274	21.667224407196045
0.3584985041302454	0.5432639994191892	21.697224617004395
0.36295354570374816	0.542133010118371	21.727224588394165
0.3626364362443604	0.5441775179049902	21.767224550247192
0.3634938704551815	0.5435247103737495	21.797224521636963
0.3634212370164188	0.5436497941390991	21.827224493026733
0.36320870658144255	0.544644099232361	21.86722445487976
0.3629877858117829	0.5417319153482988	21.89722442626953
0.35736457317652254	0.5368922893978741	21.9272243976593
0.3294739447207249	0.5335310512378572	21.967224597930908
0.3290371181189097	0.5337051939180852	21.99722456932068
0.329562175419722	0.5328233909329327	22.02722454071045
0.32855952670625765	0.5314823315096349	22.067224502563477
0.32912319677130264	0.5334566233161588	22.097224473953247
0.3297304383422683	0.5327090872032657	22.127224445343018
0.3280941283354539	0.5321685945762364	22.167224407196045
0.32779784340879015	0.532931504988317	22.197224617004395
0.3283331583303034	0.5332636992240678	22.227224588394165
0.3279404520074206	0.5333078181049609	22.267224550247192
0.32788625826696793	0.5311897702296053	22.297224521636963
0.3279774534168042	0.5329740458412014	22.327224493026733
0.32685287947559444	0.530331318608151	22.36722445487976
0.3270256811903727	0.5305129422086274	22.39722442626953
0.3273536171008367	0.530166556715905	22.4272243976593
0.32754172215932564	0.5305880526172898	22.467224597930908
0.3274984290077165	0.5318126304831118	22.49722456932068
0.3277536293638821	0.5323156574325728	22.52722454071045
0.32807195551964363	0.53208962949364	22.567224502563477
0.32808386758616204	0.5325656846228572	22.597224473953247
0.3277706916700188	0.5317160797313109	22.627224445343018
0.32852229987560205	0.5336598467303554	22.667224407196045
0.3284340359521259	0.5343427114234582	22.697224617004395
0.32913873759512674	0.5369489756265812	22.727224588394165
0.3293920294163066	0.5368515054505376	22.767224550247192
0.3300420303111753	0.5370756357667025	22.797224521636963
0.3303347253403201	0.5376638463008703	22.827224493026733
0.33150222090421183	0.5372482983262991	22.86722445487976
0.35596496451923226	0.5406053239096705	22.89722442626953
0.36063622116176763	0.5408587636492991	22.9272243976593
0.36287753848966176	0.5433260611683516	22.967224597930908
0.3634703058437013	0.5429061004040201	22.99722456932068
0.3636366057434523	0.5433254819817073	23.02722454071045
0.3643787859052292	0.5449609563417558	23.067224502563477
0.3642472311452923	0.5455625109845588	23.097224473953247
0.3650315064562785	0.5442131495178184	23.127224445343018
0.332636375598596	0.5444855669874644	23.167224407196045
0.33078771416823327	0.5444798581163951	23.197224617004395
0.33006998586648434	0.543519818305717	23.227224588394165
0.3498434204055558	0.5423088522928917	23.267224550247192
0.4135659052757054	0.5382164955241554	23.297224521636963
0.41480001256578963	0.5384445563382112	23.327224493026733
0.41317384383347355	0.5388784072515002	23.36722445487976
0.414197742771404	0.5379689940668068	23.39722442626953
0.41539801107622404	0.5387978913160743	23.4272243976593
0.41613810194143397	0.5388821242947865	23.467224597930908
0.4176759538966307	0.5408239299830134	23.49722456932068
0.4182655367439926	0.5407775395203769	23.52722454071045
0.41770639242483076	0.5404273057748815	23.567224502563477
0.4185930991028653	0.5409271706704568	23.597224473953247
0.40581659039126355	0.5337972364751209	23.627224445343018
0.07626695265777325	0.5186519426829727	23.697224617004395
0.07914206999000019	0.5219325935372772	23.727224588394165
0.08023971639506298	0.5241312278854506	23.767224550247192
0.08051506316873373	0.5269129442517434	23.797224521636963
0.0805688247226826	0.5270621827106855	23.827224493026733
0.06956924782607336	0.5376939008951712	23.86722445487976
0.06918613414951678	0.5426136799895758	23.89722442626953
0.06958814201250131	0.5415591575828758	23.9272243976593
0.07011116320286649	0.5437265793276758	23.967224597930908
0.06994732441888807	0.5442581940980181	23.99722456932068
0.070670878746768	0.5426947008817733	24.02722454071045
0.07102606885811774	0.5425107268384423	24.067224502563477
0.07171927529419356	0.5436871892103545	24.097224473953247
0.10993064661874917	0.5284436901819096	24.127224445343018
0.11920316727506083	0.5290435797234528	24.167224407196045
0.12014544473810376	0.5294645963172316	24.197224617004395
0.12067687964961485	0.5301794616124184	24.227224588394165
0.12099576637657612	0.5304484085885889	24.267224550247192
0.12131898346815985	0.5318324766849791	24.297224521636963
0.12206276205322605	0.5331883952316739	24.327224493026733
0.12644250476686728	0.5319760297918537	24.36722445487976
0.16392320975162308	0.5233292831882582	24.39722442626953
0.16533252976831048	0.5242014985243592	24.4272243976593
0.16659164174240626	0.5256772296605122	24.467224597930908
0.16538311955452356	0.525846752473447	24.49722456932068
0.1645459612152718	0.5248361916584477	24.52722454071045
0.16663429387706047	0.5264712415578842	24.567224502563477
0.22796384241632006	0.511896129919541	24.597224473953247
0.23141528934477934	0.5123329784962269	24.627224445343018
0.23140072047723612	0.5121217820990752	24.667224407196045
0.23163093404321752	0.5127424865600355	24.697224617004395
0.23220256138145356	0.511733514389787	24.727224588394165
0.23252031921890343	0.5136610886015961	24.767224550247192
0.23210245507573207	0.5139282170510528	24.797224521636963
0.23195736669517217	0.5137726019669412	24.827224493026733
0.23479060077780486	0.5150678845667148	24.86722445487976
0.3454885652745394	0.48695469942383646	24.89722442626953
0.35826179360285426	0.4941416688246106	24.9272243976593
0.36139911481992015	0.4963134250567955	24.967224597930908
0.3606324293857274	0.4958486044913918	24.99722456932068
0.35979495572306414	0.49672759798564164	25.02722454071045
0.3598430961064641	0.4988265251911415	25.067224502563477
0.3604238506063132	0.49968072160745075	25.097224473953247
0.36196112676488157	0.4999268701506928	25.127224445343018
0.4149675024674238	0.5011417057022991	25.167224407196045
0.4189666284706814	0.5019134469012679	25.197224617004395
0.4189538530828959	0.5024725688403092	25.227224588394165
0.4193334861807452	0.5022158291888864	25.267224550247192
0.4196680322350561	0.5028867748208955	25.297224521636963
0.42030539707980774	0.5015936217228787	25.327224493026733
0.41886306577195026	0.5017681041808912	25.36722445487976
0.41967207928453504	0.5039676483685068	25.39722442626953
0.42053575680084015	0.5052684016468678	25.4272243976593
0.4157268593671816	0.5005402443704551	25.467224597930908
0.12588890833457364	0.47023163914362887	25.52722454071045
0.1263645195998168	0.47353866595051053	25.567224502563477
0.1270453436158312	0.475758259125146	25.597224473953247
0.1274033360506195	0.47735410508778103	25.627224445343018
0.12833856810419078	0.4784917444924688	25.667224407196045
0.1283172762928425	0.4793740661206123	25.697224617004395
0.1285377313464287	0.4796063011490533	25.727224588394165
0.12918036844665307	0.48078698443865586	25.767224550247192
0.12980388978967813	0.48336869490112794	25.797224521636963
0.13042362661007992	0.4820537750860049	25.827224493026733
0.13073122170716106	0.4817162813394782	25.86722445487976
0.13122797871667904	0.4813107633942958	25.89722442626953
0.13319979164630846	0.4818877833135435	25.9272243976593
0.17746306607262086	0.48094497929477614	25.967224597930908
0.18067060811040087	0.4817638672994278	25.99722456932068
0.18353305231995537	0.4814537173715397	26.02722454071045
0.1832773613447002	0.4816682916479429	26.067224502563477
0.1829953404595273	0.48340618726096124	26.097224473953247
0.18237858075170615	0.48295110201207275	26.127224445343018
0.18354081269212527	0.4817352938698065	26.167224407196045
0.18307984167886635	0.48131520509703346	26.197224617004395
0.18306468986600194	0.47984501818293734	26.227224588394165
0.1867751320616625	0.4789151831431638	26.267224550247192
0.23628275850643957	0.4689165447391762	26.297224521636963
0.24100266885802782	0.46958371576095786	26.327224493026733
0.2405956234179255	0.46886934162817206	26.36722445487976
0.24094963289856294	0.47208588228219084	26.39722442626953
0.241705043540255	0.4710312903072011	26.4272243976593
0.24100335103772821	0.4726195380550991	26.467224597930908
0.2413574305905806	0.4732578696291488	26.49722456932068
0.22599503687757447	0.4591327547344543	26.52722454071045
0.06037579747001146	0.44764124283265594	26.567224502563477
0.060495172270988676	0.4523785222052207	26.597224473953247
0.06066277575988733	0.4565478231851558	26.627224445343018
0.06169033477851395	0.4602700950102041	26.667224407196045
0.06129902148223494	0.46092328283341444	26.697224617004395
0.06189757756182305	0.4611140383525421	26.727224588394165
0.06446493023525297	0.4604232513658667	26.767224550247192
0.0916450957196354	0.4641029951964366	26.797224521636963
0.09342430120952751	0.4655203595393655	26.83722448348999
0.09395449602719448	0.4652005816906775	26.86722445487976
0.09477501294091217	0.4629445011776021	26.89722442626953
0.09474240497003374	0.46445444915161405	26.937224626541138
0.09433864604491585	0.4641404703909609	26.967224597930908
0.09445421361944922	0.46288280376490776	26.99722456932068
0.10685004332048074	0.4570769863678772	27.037224531173706
0.13831897914285857	0.45065225143215926	27.067224502563477
0.13947810362611515	0.4507259154596387	27.097224473953247
0.13925163106705832	0.4505225295128282	27.137224435806274
0.13870970110523825	0.4491800517116185	27.167224407196045
0.13794131551219393	0.4509819771763428	27.197224617004395
0.1379915448592928	0.45011652586807654	27.237224578857422
0.13895294886024734	0.4512952075298962	27.267224550247192
0.13825635917534632	0.4531982215452483	27.297224521636963
0.1745726166551383	0.4500974601622791	27.437224626541138
0.18397867682381447	0.44805153070988757	27.467224597930908
0.18830117225478935	0.44382082434584147	27.49722456932068
0.19103120392358067	0.44236801201749587	27.537224531173706
0.19333256668100138	0.44063568642361434	27.567224502563477
0.1950771858440108	0.4382751073714677	27.597224473953247
0.19609208375752563	0.43527361331552544	27.637224435806274
0.19564090171883552	0.4354808702633127	27.667224407196045
0.19489210859488196	0.4371487702021631	27.697224617004395
0.1954825541334806	0.4357610829226932	27.737224578857422
0.199896288508607	0.4349799814999065	27.767224550247192
0.23588505018475023	0.4375249712092131	27.797224521636963
0.2389775051455475	0.43806455791134413	27.83722448348999
0.2391179969399724	0.437979227313257	27.86722445487976
0.2392333486414482	0.43861145742053104	27.89722442626953
0.2389720356929343	0.43878606191921027	27.937224626541138
0.23965922319387628	0.4402487141638575	27.967224597930908
0.2438761726432876	0.44011149021245555	27.99722456932068
0.27723606491637554	0.4331037813995717	28.037224531173706
0.2799468799138912	0.43275850900153245	28.067224502563477
0.27962848449027794	0.43433615824682953	28.097224473953247
0.27982180053284655	0.43491192699236664	28.137224435806274
0.2787775749970653	0.43515712551724767	28.167224407196045
0.28366645069119545	0.43514191652881345	28.197224617004395
0.32023420247406764	0.4318523665297739	28.237224578857422
0.3218917483163604	0.43313083883625936	28.267224550247192
0.3233153368039466	0.4327546691195782	28.297224521636963
0.32445759868436785	0.43511003100311546	28.33722448348999
0.3230547887385179	0.4398443307152658	28.36722445487976
0.3445236812103415	0.4113628386929189	28.567224502563477
0.34695463447139574	0.4401622057159463	28.597224473953247
0.35149353599669564	0.4419214540280543	28.637224435806274
0.35484071525426797	0.440643720347222	28.667224407196045
0.35633889514569983	0.4383684074390101	28.697224617004395
0.35788860159694375	0.43637752598652857	28.737224578857422
0.35804937714293317	0.433329984570134	28.767224550247192
0.35811249096485764	0.4327396034741452	28.797224521636963
0.3580994530491681	0.43188332578698563	28.83722448348999
0.35913697434787056	0.4310152887997158	28.86722445487976
0.35915466123080986	0.4267310433953696	28.89722442626953
0.3590407197711101	0.4259903997700558	28.937224626541138
0.3990861707492818	0.4246586354054202	28.967224597930908
0.40785283852225274	0.4272751961246097	28.99722456932068
0.41157343695747073	0.429200374942569	29.037224531173706
0.41254402971052784	0.4331535378699647	29.067224502563477
0.411471247741546	0.43220837935003464	29.097224473953247
0.41228373835637183	0.43327716688978046	29.137224435806274
0.4118773331829181	0.4333434673615065	29.167224407196045
0.41097343438444334	0.4347661271196992	29.197224617004395
0.41147124429773047	0.4358353425211013	29.237224578857422
0.07286461349391006	0.40670457419527223	29.33722448348999
0.0749611711349213	0.4104869826810852	29.36722445487976
0.07629980538237612	0.41351580092564755	29.39722442626953
0.07746759284588371	0.4141191675810864	29.437224626541138
0.0767080225705379	0.4142645766294492	29.467224597930908
0.07647431568257201	0.41616911405532325	29.49722456932068
0.07168724273747347	0.4146170804236073	29.537224531173706
0.06636095600402277	0.41653973726451293	29.567224502563477
0.06536948208319895	0.41818933604843284	29.597224473953247
0.06536709200139046	0.4180466296375935	29.637224435806274
0.06577307598477672	0.4182221408571291	29.667224407196045
0.06635834474904496	0.4171629264084909	29.697224617004395
0.06623360144074178	0.4183417172028284	29.737224578857422
0.06635651916320934	0.4181539528605127	29.767224550247192
0.06697238956134569	0.4180262732833368	29.797224521636963
0.18995042269338613	0.378443523953926	29.86722445487976
0.1962736454073187	0.37940946998519626	29.89722442626953
0.19830775687523644	0.37979305962403304	29.937224626541138
0.19868023927660766	0.38200328952000084	29.967224597930908
0.1985003579715893	0.3830316207848552	29.99722456932068
0.19542276055940108	0.3824998460550714	30.037224531173706
0.1531402178208772	0.39048048570023275	30.067224502563477
0.15228588047618588	0.3932977159830126	30.097224473953247
0.1516108757303885	0.39519314805525335	30.137224435806274
0.1526889430835255	0.39567847971205855	30.167224407196045
0.15309589826019054	0.3967522496982591	30.197224617004395
0.1533263649864264	0.39560342337452364	30.237224578857422
0.1538296919515753	0.3943412132124958	30.267224550247192
0.155482756190205	0.39445310052420773	30.297224521636963
0.21488684388202456	0.3823376125302916	30.33722448348999
0.22498225460671664	0.3848126342177792	30.36722445487976
0.22512539773818924	0.38527302419475096	30.39722442626953
0.2253608033476762	0.3865299304174597	30.437224626541138
0.22568268477341288	0.38633721740730054	30.467224597930908
0.2264505338005017	0.38613455707444666	30.49722456932068
0.22608699276235222	0.38646859251165466	30.537224531173706
0.22702247408735188	0.3869624708887787	30.567224502563477
0.2703925302752846	0.3841756719281912	30.597224473953247
0.27625465885745304	0.38486880178503446	30.637224435806274
0.2769024393394181	0.3871606909739845	30.667224407196045
0.2772778551276673	0.3891418844712432	30.697224617004395
0.2783836760050387	0.3903237318015387	30.737224578857422
0.2777932260844762	0.3898541863014109	30.767224550247192
0.2786769531397398	0.3905729373566397	30.797224521636963
0.2788416880274291	0.3908042710275312	30.83722448348999
0.27946558516410647	0.3907514243577433	30.86722445487976
0.2949239540964725	0.3844315693923565	30.89722442626953
0.32262220459155144	0.38857641164036494	30.937224626541138
0.3237885362272359	0.38965389452914223	30.967224597930908
0.3232327350167311	0.38884927784679135	30.99722456932068
0.3237446793454864	0.3868848623059046	31.037224531173706
0.32366585405529086	0.39029618725531273	31.067224502563477
0.3247972201475112	0.38920535517976895	31.097224473953247
0.3622503401282773	0.384059570308282	31.137224435806274
0.36669228934073084	0.3849233875601666	31.167224407196045
0.36997393897698094	0.3864007882938949	31.197224617004395
0.3691399961298121	0.3846026029430617	31.237224578857422
0.3707778770022991	0.38632007373798094	31.267224550247192
0.407430074140888	0.38856137982493183	31.297224521636963
0.4112466001462	0.3903140727629067	31.33722448348999
0.41253435984142833	0.3941977068030963	31.36722445487976
0.4112999040413033	0.3925128270044593	31.39722442626953
0.4117726660269244	0.39287363438512485	31.437224626541138
0.40605089768499864	0.39033146855287937	31.467224597930908
0.18538861234383192	0.34961964521212635	31.49722456932068
0.06632991360696988	0.353568277065717	31.537224531173706
0.06744592982602898	0.3596937562737495	31.567224502563477
0.06921853036905422	0.3604196823428991	31.597224473953247
0.07016516335747647	0.36325079691254086	31.637224435806274
0.06962767325911136	0.36358677520662375	31.667224407196045
0.0701889384726549	0.3635724043708481	31.697224617004395
0.07075291878371075	0.36371398001246485	31.737224578857422
0.08089892673795349	0.366154600594613	31.767224550247192
0.1058957975527054	0.36744694741472245	31.797224521636963
0.10751770856141121	0.3680671639800327	31.83722448348999
0.10820708798243549	0.36889739046982234	31.86722445487976
0.1094848281413115	0.3697153847430349	31.89722442626953
0.10921257594694397	0.3703735382872399	31.937224626541138
0.11016365806368077	0.37265980603614113	31.967224597930908
0.10940939002560188	0.3706959688109923	31.99722456932068
0.11342571169419667	0.3722426717424935	32.037224531173706
0.16336108991565196	0.3674903805717233	32.06722450256348
0.16457379468700153	0.3685619382224462	32.09722447395325
0.16496056738762557	0.36792235613924484	32.137224435806274
0.16375025304036148	0.36786791198930846	32.167224407196045
0.16475084753702599	0.3694515190120471	32.197224617004395
0.15936917478992985	0.36694990428017393	32.23722457885742
0.15333193974028864	0.36344959629867196	32.26722455024719
0.1518169032455044	0.3646379558646109	32.29722452163696
0.15200035708011245	0.36222923015049413	32.33722448348999
0.1506159264291283	0.3635389958964309	32.36722445487976
0.15081246345955443	0.3632709472271541	32.39722442626953
0.15096129654722318	0.363321928919016	32.43722462654114
0.1503282537295466	0.3639134805477446	32.46722459793091
0.15052939261432488	0.36290533152372795	32.49722456932068
0.15041378340696504	0.36176575630507135	32.537224531173706
0.1498787678541329	0.36246749486788954	32.56722450256348
0.14878202862447953	0.3625552278882389	32.59722447395325
0.1484004012919203	0.36124004871333115	32.637224435806274
0.14830926089633828	0.3624748812936885	32.667224407196045
0.14847883438172968	0.36276477533058266	32.697224617004395
0.148992056025175	0.36103338725108225	32.73722457885742
0.14896335524270182	0.3606140528144405	32.76722455024719
0.21865808255073504	0.34919246808547905	32.83722448348999
0.2205915304961821	0.3518007205440627	32.86722445487976
0.22012192138577402	0.3523334646716159	32.89722442626953
0.220784653975233	0.3519313708929847	32.93722462654114
0.2214833216156026	0.35022713365641905	32.96722459793091
0.22195834082154337	0.352712761281752	32.99722456932068
0.22243338132248028	0.354328523220499	33.037224531173706
0.2224299498267102	0.3514135250466085	33.06722450256348
0.22331432456921257	0.3523341058807374	33.09722447395325
0.22206130436934662	0.35279428025871645	33.137224435806274
0.21830744880389494	0.35892109669483435	33.167224407196045
0.2820189467385863	0.3219445150158394	33.36722445487976
0.29372213911734474	0.3272047457683836	33.39722442626953
0.29299046056122485	0.345097344326892	33.43722462654114
0.29547493712018036	0.3482556971329281	33.46722459793091
0.29736302896329425	0.3550082902767187	33.49722456932068
0.2986210718351042	0.35538981694311805	33.537224531173706
0.2987421788347568	0.355823607917345	33.56722450256348
0.28403918939656625	0.3558345785567486	33.59722447395325
0.28441940102529656	0.3576111790304421	33.637224435806274
0.2840674623958464	0.35656694842002884	33.667224407196045
0.28368197839607845	0.3544661771739737	33.697224617004395
0.2842959148269392	0.35325720758560525	33.73722457885742
0.2852908225675033	0.35227438777476583	33.76722455024719
0.2865653103970487	0.35218627612953884	33.79722452163696
0.2884306238220851	0.3519897219852684	33.83722448348999
0.2936831459587972	0.35067267198337604	33.86722445487976
0.35514115652869516	0.3496473420164777	33.89722442626953
0.36147442670536195	0.3528637483674967	33.93722462654114
0.36276543976453907	0.35580105546189716	33.96722459793091
0.36305286846413326	0.3561937917030234	33.99722456932068
0.3647564835703018	0.357430585586234	34.037224531173706
0.3652091480007714	0.3556184685237422	34.06722450256348
0.36650258249673645	0.35774300709298973	34.09722447395325
0.365599836444157	0.3576528869149523	34.137224435806274
0.36455250204071477	0.35621823787078655	34.167224407196045
0.3428395904287873	0.3524950419566216	34.197224617004395
0.34064435477744454	0.3550830192562617	34.23722457885742
0.3397168584410888	0.3535801403446068	34.26722455024719
0.3395968260428668	0.35245113904519526	34.29722452163696
0.3389722399551184	0.35162023920387536	34.33722448348999
0.3389884312384992	0.3505950794838116	34.36722445487976
0.3384058536879301	0.3516061562719278	34.39722442626953
0.3584926979684269	0.34862329483420157	34.43722462654114
0.4034844882205431	0.34895712736825335	34.46722459793091
0.4065453302160982	0.35149924444799857	34.49722456932068
0.40633915851589036	0.3518586264545714	34.537224531173706
0.40507260168241493	0.3479114316747268	34.56722450256348
0.4032763773260966	0.3530126067573176	34.59722447395325
0.4041358462922335	0.3476525106756537	34.637224435806274
0.4313169000711946	0.3469423836038398	34.667224407196045
0.4422624145595554	0.35334510080997494	34.697224617004395
0.4425926254075123	0.3528890886159037	34.73722457885742
0.4419140273964871	0.3525361132387131	34.76722455024719
0.44142012522222485	0.3546277998850518	34.79722452163696
0.4418246830571903	0.3573806919894115	34.83722448348999
0.44573135898287897	0.36218666929111004	34.86722445487976
0.44723264587342854	0.3642635865165487	34.89722442626953
0.44352261882659116	0.3584985310504656	34.93722462654114
0.44489574455017844	0.3615339611254029	34.96722459793091
0.4794916412936618	0.3660885011811993	34.99722456932068
0.48364648170268454	0.368492700441576	35.037224531173706
0.4837402643380659	0.37163464704392485	35.06722450256348
0.48714095669838486	0.36893131572466586	35.09722447395325
0.4862150082434304	0.371118344218271	35.137224435806274
0.4860323189704544	0.3698453631120603	35.167224407196045
0.48592982564302456	0.372296619505931	35.197224617004395
0.4799158200762631	0.36636855764277604	35.23722457885742
0.07463334298095772	0.33048658427509864	35.29722452163696
0.07415600690224078	0.33668135150324496	35.33722448348999
0.07383499269687824	0.3396955336521975	35.36722445487976
0.07738480922109789	0.34032161132306804	35.39722442626953
0.07618043691411337	0.34132613564734315	35.43722462654114
0.07415343906712557	0.3413382392873244	35.46722459793091
0.07291786780479695	0.34251017215784335	35.49722456932068
0.0719445493857593	0.33944331446015397	35.537224531173706
0.07256086761007285	0.33352469047872824	35.56722450256348
0.07108526608338828	0.34442469012804877	35.59722447395325
0.09177311583372404	0.3355370499062594	35.637224435806274
0.10631295998213608	0.335759263386464	35.667224407196045
0.10646300920027069	0.3350630640622432	35.697224617004395
0.10384939544908271	0.33664846741267174	35.73722457885742
0.10792581958336497	0.3310466811013351	35.76722455024719
0.10587703331656684	0.3333055463062572	35.79722452163696
0.10398495073798777	0.3355606971185619	35.83722448348999
0.10345256639178424	0.33526374440722556	35.86722445487976
0.10360336914361135	0.3350380181938299	35.89722442626953
0.10347240278057117	0.33346925412007916	35.93722462654114
0.10393531325923011	0.3319847796245304	35.96722459793091
0.10340140970947188	0.3345275250398035	35.99722456932068
0.1356851291104241	0.7926001033169497	36.06722450256348
0.13261835141191938	0.787164555481756	36.09722447395325
0.13319134250834458	0.7832589551881537	36.137224435806274
0.1313136054274948	0.7863207393800916	36.167224407196045
0.12816155850816094	0.7934484537529831	36.197224617004395
0.10794072538168199	0.8707086249941173	36.23722457885742
0.10718137113580188	0.8699691226795946	36.26722455024719
0.10584359772872083	0.8762815792531701	36.29722452163696
0.10707943810973007	0.8794731507963359	36.33722448348999
0.10680707681282285	0.8797507635097583	36.36722445487976
0.08539778899500194	0.892782066968572	36.39722442626953
0.08556809196387224	0.8926895719550102	36.43722462654114
0.08458730856680514	0.898330320800467	36.46722459793091
0.08597233365168334	0.8996550988221883	36.49722456932068
0.08610827622592059	0.9002465534213081	36.537224531173706
0.17943882853349427	0.8709752377085983	36.59722447395325
0.1807024521741999	0.874784177091971	36.637224435806274
