COORDENADA X	 COORDENADA Y	 TEMPO
0.09739499557764991	0.7436788363037545	0.016582727432250977
0.09908818512047558	0.7458689007084567	0.046582698822021484
0.09917247685407884	0.7496063215503596	0.07658267021179199
0.09975658604041632	0.7546381458601521	0.11658263206481934
0.10005384413573606	0.7559220043542836	0.14658260345458984
0.10048206128813232	0.7558171187205499	0.17658281326293945
0.09966338586097212	0.7551060828149274	0.2165827751159668
0.11395690320261868	0.7831699366607753	0.2465827465057373
0.1618218694102054	0.8659266315544193	0.2765827178955078
0.1620113152942401	0.8671207475008285	0.31658267974853516
0.16206341525336462	0.8667813607032184	0.34658265113830566
0.1612351986587243	0.8671462150401358	0.37658262252807617
0.14805792428979161	0.864334426820114	0.4165828227996826
0.06842909733552952	0.8731749831391747	0.4465827941894531
0.06847693525343809	0.8755915751969743	0.47658276557922363
0.06634050975817801	0.8784289870303998	0.516582727432251
0.03194535318666175	0.8879157239576946	0.5465826988220215
0.03319079567065617	0.8873083994268242	0.576582670211792
0.033951300966022585	0.8870768630216979	0.6165826320648193
0.03479136782018866	0.8896850706913121	0.6465826034545898
0.03481838012318983	0.8906818995533572	0.6765828132629395
0.03500597769694081	0.8892014623729575	0.7165827751159668
0.03557989297981484	0.892035792401407	0.7465827465057373
0.03535192860000333	0.8923002310623314	0.7765827178955078
0.035015817447561055	0.8898449862803849	0.8165826797485352
0.13108662726010822	0.8644116279868588	0.8765826225280762
0.13194132955584373	0.8680400022792409	0.9165828227996826
0.13095223502595438	0.8679469837158641	0.9465827941894531
0.13200273406500018	0.8698450809281026	0.9765827655792236
0.13074273941801368	0.8719541460302404	1.016582727432251
0.12543840227440406	0.8775028631475784	1.0465826988220215
0.10645499377286279	0.9017548138782768	1.076582670211792
0.1266346960057414	0.7572807747239181	1.2165827751159668
0.17258309493853002	0.8877601775449191	1.2765827178955078
0.17597434063034897	0.8838758104751027	1.3165826797485352
0.17756423729917672	0.8791579733644687	1.3465826511383057
0.17767653274287792	0.8788758120872355	1.3765826225280762
0.1792803801684795	0.8765798120437709	1.4165828227996826
0.18143679796927498	0.873959330329074	1.4465827941894531
0.18234025445663204	0.8728059746906824	1.4765827655792236
0.18317385105749862	0.870655417356994	1.516582727432251
0.18347549459954834	0.8695330513653691	1.5465826988220215
0.18314011374412592	0.8660422404871043	1.576582670211792
0.20468567627948586	0.8609277401029978	1.6165826320648193
0.2430606226486583	0.8653681792328284	1.6565825939178467
0.24607529684081933	0.8638772589823459	1.6765828132629395
0.2459060129912683	0.8659122914221018	1.7165827751159668
0.24592532693966435	0.8680534139056463	1.7465827465057373
0.2470082480306094	0.8679086454323308	1.7765827178955078
0.24711247661818178	0.868726808153541	1.8165826797485352
0.24809876131486347	0.8673256352497675	1.8465826511383057
0.24447612298598576	0.8659938013203895	1.8765826225280762
0.03040085617564214	0.8290652748918185	1.9465827941894531
0.03387281182519767	0.8337767841705086	1.9765827655792236
0.03522988593028777	0.8375617268281382	2.016582727432251
0.03505223669301254	0.8385234964785104	2.0465826988220215
0.03623348578031472	0.8402822629389177	2.076582670211792
0.03204032195212482	0.8385882564137713	2.1165826320648193
0.02555013665878056	0.8414441888520099	2.14658260345459
0.024385011678853537	0.8428245813703651	2.1765828132629395
0.023843551553919127	0.8435972041778518	2.216582775115967
0.02364096448410983	0.8446274003507661	2.2465827465057373
0.024297852177019217	0.8426995335052696	2.276582717895508
0.025126691197605112	0.8410107773638203	2.316582679748535
0.02787181206454175	0.8409240024403453	2.3465826511383057
0.08178831698023364	0.8257954291990925	2.376582622528076
0.08551238525814249	0.831294846501036	2.4165828227996826
0.08636951089869586	0.832369901639557	2.446582794189453
0.08548555833478919	0.8310605230433027	2.4765827655792236
0.08575067318290248	0.8321864737822076	2.516582727432251
0.08710535641802593	0.8322324839243705	2.5465826988220215
0.09137872138400882	0.8329213733370868	2.576582670211792
0.12659814811942732	0.824542598704725	2.6165826320648193
0.12825736413499836	0.8249916209265311	2.64658260345459
0.12746951791509242	0.8252940028037743	2.6765828132629395
0.12810818545037544	0.8248508026350297	2.716582775115967
0.15850577385632036	0.8261673889116086	2.7465827465057373
0.18603021581971627	0.8185343055867316	2.776582717895508
0.1868485301533057	0.8200794123591584	2.816582679748535
0.18675819063672122	0.818997159237819	2.8465826511383057
0.18676780963981945	0.8195446405162801	2.876582622528076
0.18672624759463746	0.8195912555025012	2.9165828227996826
0.18921467993657726	0.8198221692895296	2.946582794189453
0.24296351773584576	0.8114489622148363	2.9765827655792236
0.24517476741894983	0.8122210720506458	3.016582727432251
0.24605075639898277	0.8148757175230048	3.0465826988220215
0.2458565214012489	0.8147913927477585	3.076582670211792
0.24680993740000778	0.8151482986543062	3.1165826320648193
0.25111399899285214	0.8172044949806759	3.14658260345459
0.35435360678989863	0.7968915559213761	3.1765828132629395
0.36048538931782304	0.8026939092816052	3.216582775115967
0.3590491111139818	0.8049630134311292	3.2465827465057373
0.35844020426072054	0.8040495942759176	3.276582717895508
0.35747834790030053	0.8056864469118824	3.316582679748535
0.35663385427251476	0.8067830435864853	3.3465826511383057
0.3586095193162223	0.8089574563577184	3.376582622528076
0.39365125784593735	0.8131419484911677	3.4165828227996826
0.3968823397698127	0.8148275796202079	3.446582794189453
0.39584669714127413	0.8158180798458514	3.4765827655792236
0.3965077656284018	0.8157457738070101	3.516582727432251
0.39715332896595806	0.8163206627626649	3.5465826988220215
0.3919966296663478	0.8129549568420322	3.576582670211792
0.03631605445317169	0.7805481152690769	3.64658260345459
0.03898074328116474	0.7855615461484471	3.6765828132629395
0.040693829974490385	0.7928742656517763	3.716582775115967
0.04135609505935021	0.7982214871425706	3.7465827465057373
0.04237595607759555	0.7983510290581908	3.776582717895508
0.026598599567856627	0.79854165248007	3.816582679748535
0.02492104550369922	0.799321793858749	3.8465826511383057
0.024034934967513303	0.8008611979850303	3.876582622528076
0.023506024139994645	0.8034805951226345	3.9165828227996826
0.024505825001705662	0.8038522195359296	3.946582794189453
0.02458076937468875	0.8060827982899494	3.9765827655792236
0.023828895085321374	0.8119691812982713	4.016582727432251
0.014591297157720772	0.829182240890422	4.0465826988220215
0.06362049870830815	0.8233617682715108	4.1765828132629395
0.07069135560706902	0.8342063000634404	4.216582775115967
0.07411515497896656	0.8351781140077396	4.246582746505737
0.07627923584748153	0.8345045360281181	4.276582717895508
0.07841342688432228	0.8347190312011061	4.316582679748535
0.07971770170593463	0.8330071228586046	4.346582651138306
0.08104450209615234	0.8334338753261058	4.376582622528076
0.17776271783172884	0.8032582614864434	4.416582822799683
0.1926069695727179	0.8089289594445994	4.446582794189453
0.1968442524446541	0.8085069304975022	4.476582765579224
0.1976376265738994	0.7993273386080212	4.516582727432251
0.20008792811608292	0.7959413066260826	4.5465826988220215
0.20043803262645624	0.7927353869671336	4.576582670211792
0.20141349050599744	0.7928938344361275	4.616582632064819
0.19403433959428268	0.7875077445108022	4.64658260345459
0.1557444997641367	0.7881864100008111	4.6765828132629395
0.1593098101316196	0.7919840894878424	4.716582775115967
0.1594827091614528	0.7914258656491763	4.746582746505737
0.16133376214260492	0.7931522911582448	4.776582717895508
0.1639522947145121	0.7924679844081779	4.816582679748535
0.33969144724357575	0.752396722977452	4.846582651138306
0.37216053890405404	0.7669337641688697	4.876582622528076
0.37634710681350214	0.7691745587482594	4.916582822799683
0.3763895123134752	0.7722652399327687	4.946582794189453
0.37730145377763274	0.7734990044041361	4.976582765579224
0.3777538308858199	0.775112258760308	5.016582727432251
0.37821538570298474	0.7769022852999373	5.0465826988220215
0.38010360880270827	0.7751933940369882	5.076582670211792
0.38129264752840636	0.7761412801599678	5.116582632064819
0.3814027329124764	0.7755594110758994	5.14658260345459
0.3813490214723027	0.7755279903229223	5.1765828132629395
0.3848316838779103	0.7774537274930798	5.216582775115967
0.4290794383605648	0.7722424194963992	5.246582746505737
0.4297211605525245	0.7729723955722744	5.276582717895508
0.42827837489602494	0.7721325339349998	5.316582679748535
0.4268204775235629	0.7703801651918994	5.346582651138306
0.42658369737285623	0.7712823692204174	5.376582622528076
0.42480201366310466	0.771373766225446	5.416582822799683
0.4200320383689987	0.7682475733323821	5.446582794189453
0.021492548238936898	0.7300892820071447	5.516582727432251
0.02510901683185113	0.7331953901646358	5.5465826988220215
0.028425824364393018	0.7373936464804989	5.576582670211792
0.030007833355800595	0.7393610703271066	5.616582632064819
0.029761374841941062	0.7406674307436822	5.64658260345459
0.029690283340421543	0.7425773114983583	5.6765828132629395
0.024366197146289608	0.7440211269437595	5.716582775115967
0.02058747521316848	0.7467565583876856	5.746582746505737
0.02084416426304379	0.7482247180494233	5.776582717895508
0.02267276776946788	0.749791398968033	5.816582679748535
0.024122474449766295	0.7497362641314244	5.846582651138306
0.02449037713007807	0.7509604457214697	5.876582622528076
0.025745093074474357	0.7539548399949995	5.916582822799683
0.025864111814547085	0.7520738740875409	5.946582794189453
0.026705664613875316	0.756167309090461	5.976582765579224
0.04265912972370965	0.7529954932357782	6.016582727432251
0.07707482225894081	0.753657768622127	6.0465826988220215
0.07807674344801176	0.7557690923077167	6.076582670211792
0.077525609475598	0.7571505920189245	6.116582632064819
0.0763488017042831	0.758183582212995	6.14658260345459
0.0753101111250665	0.7574706744610507	6.1765828132629395
0.0759442468142413	0.7577066477942651	6.216582775115967
0.07629578801415932	0.7612327591442288	6.246582746505737
0.06264379862399728	0.766170105902425	6.276582717895508
0.06189499756323627	0.766951205237809	6.316582679748535
0.05939826070829105	0.7728065475408336	6.346582651138306
0.04598282529023971	0.798213629134967	6.376582622528076
0.08634322903590956	0.7976254567134199	6.5465826988220215
0.09623351985164753	0.7739390393625846	6.576582670211792
0.09925530244231213	0.7696442517633433	6.616582632064819
0.10375929564721821	0.7669065558551951	6.64658260345459
0.10748892509757074	0.7620274109038379	6.6765828132629395
0.10989622961859724	0.759220189946187	6.716582775115967
0.11128615683902131	0.7574318854123854	6.746582746505737
0.11285232729177144	0.7556421873172009	6.776582717895508
0.1135788785805044	0.7537747868706235	6.816582679748535
0.11443543545039091	0.7517405058506064	6.846582651138306
0.14941137146112354	0.7456366512010558	6.886582612991333
0.17527818290535194	0.750144906446717	6.916582822799683
0.17720302237700827	0.7510596104365872	6.946582794189453
0.17753937904008266	0.7532694943879819	6.9865827560424805
0.17856268977151749	0.7525999882259398	7.016582727432251
0.18031033972082577	0.7560615455224319	7.0465826988220215
0.1801150130246788	0.7568781437745425	7.086582660675049
0.1802708814210187	0.7555937306654766	7.116582632064819
0.17596329246961773	0.7520920714108452	7.14658260345459
0.17469833776761912	0.7513518871169763	7.186582803726196
0.17336311587866593	0.7522205957975413	7.216582775115967
0.23551488908981294	0.7323344780775641	7.246582746505737
0.2769010159335762	0.7439777463075581	7.286582708358765
0.2778638498825391	0.7467524013507656	7.316582679748535
0.27866706294783644	0.7470631538753859	7.346582651138306
0.2794637511444335	0.747155741482903	7.386582612991333
0.2793076663054934	0.7472769170304586	7.416582822799683
0.2804010444175767	0.7486026743920395	7.446582794189453
0.28116404881890644	0.747513851852706	7.4865827560424805
0.2821796233199316	0.7479497925627029	7.516582727432251
0.28137874582010386	0.7467251800945248	7.5465826988220215
0.27833502253740416	0.7466295415937656	7.586582660675049
0.23138939083198987	0.7448705456397855	7.616582632064819
0.23254427979739162	0.7462323162756159	7.64658260345459
0.23289828048441497	0.7474760214060492	7.686582803726196
0.23277974179529798	0.748357080867506	7.716582775115967
0.23430268428061612	0.7498293534424518	7.746582746505737
0.378579419478747	0.7421207307495453	7.816582679748535
0.38148884973041625	0.7419782013878787	7.846582651138306
0.3823398933240713	0.7454217230981437	7.886582612991333
0.3804252713124182	0.7436785994773327	7.916582822799683
0.37920133945007467	0.7447650570433402	7.946582794189453
0.38169590032418627	0.7428636102088989	7.9865827560424805
0.3795608149574161	0.7407691088762601	8.016582727432251
0.379763648286579	0.7416345348776974	8.046582698822021
0.379470327627513	0.741657000254907	8.086582660675049
0.37934123104342155	0.7417584909656274	8.11658263206482
0.38026330469363023	0.7409188089604648	8.14658260345459
0.34972558151604427	0.7443034285920921	8.186582803726196
0.3392324106041174	0.739259229796344	8.216582775115967
0.3409590308657832	0.7410644810013953	8.246582746505737
0.34095071268890803	0.7417998365362853	8.286582708358765
0.34355760411025793	0.7410857972889549	8.316582679748535
0.3428404217513787	0.7421533514212482	8.346582651138306
0.3434423989601315	0.7416803801442089	8.386582612991333
0.4215386775585302	0.7336082924225222	8.416582822799683
0.43459543404852813	0.7385052012228374	8.446582794189453
0.4375982374971546	0.7402794244973652	8.48658275604248
0.4391319239587803	0.7423990220719494	8.516582727432251
0.43747831737476567	0.7426267912257574	8.546582698822021
0.4366203933481396	0.747324245789344	8.586582660675049
0.43563575948751426	0.746325496553537	8.61658263206482
0.43162339180040366	0.7423838356177286	8.64658260345459
0.014214684308491068	0.6971408858377651	8.716582775115967
0.017068486817023457	0.7024748559512789	8.746582746505737
0.019078342528797296	0.707178821654654	8.786582708358765
0.020755504298635926	0.7101808680525875	8.816582679748535
0.02072419884487312	0.711640983660995	8.846582651138306
0.02128510593647495	0.7105623130304962	8.886582612991333
0.02216696813201199	0.7131441401740949	8.916582822799683
0.022731749443290355	0.7134296678658647	8.946582794189453
0.022377334227698817	0.7140890255143448	8.98658275604248
0.015398960192228478	0.7177756158471095	9.016582727432251
0.013424950951422274	0.7189967080814584	9.046582698822021
0.012873396364676465	0.7216005212146492	9.086582660675049
0.013304148369797417	0.7217765293016484	9.11658263206482
0.01363168360071032	0.7251171487121049	9.14658260345459
0.061164240702870167	0.6957156934237683	9.186582803726196
0.08484010976027749	0.7021815178440112	9.216582775115967
0.08610793970439815	0.7023736278675361	9.246582746505737
0.0858181710868797	0.7048360992993745	9.286582708358765
0.08560368848505656	0.7051601431015798	9.316582679748535
0.08613344961604472	0.7039392458131111	9.346582651138306
0.0862802129936473	0.7046061853486996	9.386582612991333
0.08605420515300652	0.7031381147229557	9.416582822799683
0.08562083840237159	0.7029268072396645	9.446582794189453
0.08531662874298737	0.7026201150941314	9.48658275604248
0.09079153468812003	0.7023739484405526	9.516582727432251
0.1322007634701193	0.6963467035957821	9.546582698822021
0.13455164502857792	0.6978641538746058	9.586582660675049
0.13517037321485137	0.6989889008375714	9.61658263206482
0.13631357562326474	0.6964272675510788	9.64658260345459
0.13753046789545426	0.6994252469844697	9.686582803726196
0.13793182944568136	0.7010193044624885	9.716582775115967
0.13835391859039062	0.7019587060970272	9.746582746505737
0.1395697483832408	0.7031608798710305	9.786582708358765
0.13978549883300143	0.7035430189121331	9.816582679748535
0.14076884281378135	0.7046867559941106	9.846582651138306
0.20443600123106984	0.6960746612365557	9.886582612991333
0.2207758306473911	0.6976556506275229	9.916582822799683
0.2225338155282005	0.6992676548085539	9.946582794189453
0.219953396714221	0.699934522785815	9.98658275604248
0.22077677445705643	0.7013723580980247	10.016582727432251
0.22136285463652716	0.6994937546140124	10.046582698822021
0.22117193985802497	0.6999985092194162	10.086582660675049
0.2211502225786762	0.7025798119779059	10.11658263206482
0.21996742292732055	0.7025933643142618	10.14658260345459
0.20286503713348514	0.7203367979944689	10.186582803726196
0.23516809553769166	0.7137018542418242	10.316582679748535
0.24062481653620352	0.7107082347512974	10.346582651138306
0.2475748781713362	0.7092655349418038	10.386582612991333
0.2519851690566809	0.7044967603963379	10.416582822799683
0.2558422000749316	0.7009232658482104	10.446582794189453
0.25933630241565425	0.6993333957050607	10.48658275604248
0.25949384880265636	0.6983957583809824	10.516582727432251
0.260375761867528	0.695288704754394	10.546582698822021
0.26171773331104403	0.6959777986319821	10.586582660675049
0.2624799062023371	0.695229498136486	10.61658263206482
0.26429118711472416	0.6981052535705072	10.64658260345459
0.3246371163385925	0.6983805783987983	10.686582803726196
0.3325074446769487	0.7016224450936719	10.716582775115967
0.33616256154611013	0.7048323224625207	10.746582746505737
0.3356958552743697	0.704618383090958	10.786582708358765
0.3355678171639883	0.7054742033147026	10.816582679748535
0.3370781106706616	0.7087312814078446	10.846582651138306
0.3363118905836298	0.7078280101737326	10.886582612991333
0.33681966318354006	0.7083539796917836	10.916582822799683
0.338615839405691	0.707719838611349	10.946582794189453
0.37085788207514164	0.7044281441652142	10.98658275604248
0.3857405686896672	0.7040354271177327	11.016582727432251
0.3874893951819273	0.7061085759432386	11.046582698822021
0.3852932807426328	0.7034409585967255	11.086582660675049
0.3838833339475524	0.7028932021215556	11.11658263206482
0.3832394927855928	0.7049020645082513	11.14658260345459
0.3823417204302861	0.7028018942444038	11.186582803726196
0.38168966111058217	0.7032032959203296	11.216582775115967
0.40449713475502197	0.7007837430821936	11.246582746505737
0.4082552850246082	0.7005987736250503	11.286582708358765
0.4070433091637159	0.6997399644161706	11.316582679748535
0.40728600638572476	0.6983373359471333	11.346582651138306
0.406514344140513	0.6985526489103681	11.386582612991333
0.4059235650277156	0.6976505396016639	11.416582822799683
0.4073859147335531	0.6990690921694238	11.446582794189453
0.4038268957728891	0.6945614135854322	11.48658275604248
0.042669771660775214	0.6631457531035024	11.546582698822021
0.044461346489518	0.668169044729838	11.586582660675049
0.04614045383085418	0.6736008607304945	11.61658263206482
0.04693562536106184	0.6778619165011458	11.64658260345459
0.04641310255558251	0.6780214001556332	11.686582803726196
0.027061785357472518	0.6734295933413297	11.716582775115967
0.02632105611319562	0.6744165911361844	11.746582746505737
0.026254255295217813	0.6745716686961493	11.786582708358765
0.02658632135300423	0.6741447614671975	11.816582679748535
0.027610469755907488	0.6733050229861997	11.846582651138306
0.028154872977412822	0.6735977762474694	11.886582612991333
0.027882797424619944	0.6751741390378191	11.916582822799683
0.02833077270263835	0.6741329282313611	11.946582794189453
0.028527856232779772	0.675789836261479	11.98658275604248
0.028153227117126988	0.6748564988754479	12.016582727432251
0.027700849004492923	0.6743390681295222	12.046582698822021
0.02818060442649356	0.674843386443991	12.086582660675049
0.027515008906029124	0.6743497894730257	12.11658263206482
0.02956227134881898	0.6745040733273823	12.14658260345459
0.05463867540566522	0.6728397939261122	12.186582803726196
0.05712628604904322	0.6731325206284882	12.216582775115967
0.058142643936821954	0.6750095316264261	12.246582746505737
0.057818631287062494	0.6747689782777987	12.286582708358765
0.05729034297345876	0.6734611341702793	12.316582679748535
0.05727138323373732	0.6733288934830721	12.346582651138306
0.05727848161416339	0.6725160627573692	12.386582612991333
0.05816552516349797	0.6737868681108987	12.416582822799683
0.09101477560709749	0.668214324328122	12.446582794189453
0.10289913495270324	0.6718747924415718	12.48658275604248
0.10279794263713805	0.6714340541322072	12.516582727432251
0.10259293706501126	0.6730341732501164	12.546582698822021
0.10304954253387336	0.6738916724688171	12.586582660675049
0.1038067825194174	0.6724447591776601	12.61658263206482
0.10491075422477959	0.6727661292764765	12.64658260345459
0.1073446467409931	0.672887600625071	12.686582803726196
0.17430234273408696	0.6594997892210757	12.716582775115967
0.17767597125719353	0.6616743956466695	12.746582746505737
0.17945821997351716	0.6637917449197386	12.786582708358765
0.18080677743911613	0.6638327810434813	12.816582679748535
0.18163140989343868	0.6656244123160778	12.846582651138306
0.17452023569869587	0.6632044033281799	12.886582612991333
0.15241498229097647	0.6632306441645566	12.916582822799683
0.1538779289158374	0.6652557545442737	12.946582794189453
0.15439395523112037	0.6658527162462134	12.98658275604248
0.15535890540989747	0.6674328105854737	13.016582727432251
0.15567074861250252	0.6684914267802597	13.046582698822021
0.18413138932730588	0.6557625523259891	13.086582660675049
0.250055893599709	0.6597003325263137	13.11658263206482
0.24989494200862236	0.6613533634942488	13.14658260345459
0.250000187890033	0.6632252700085988	13.186582803726196
0.24843059748672439	0.6634711770352437	13.216582775115967
0.24841378343418305	0.6635746091772996	13.246582746505737
0.249301441795175	0.6663489207183464	13.286582708358765
0.24907721566617766	0.6660490342056193	13.316582679748535
0.24845843395806982	0.6640890280237244	13.346582651138306
0.24841250066813197	0.6658924288672508	13.386582612991333
0.24741332416936765	0.6640879656296701	13.416582822799683
0.24741744436293306	0.6637888178035016	13.446582794189453
0.24698605894836329	0.6654077063217878	13.48658275604248
0.24921332560806397	0.6647408471089353	13.516582727432251
0.29103153928781605	0.659282380478405	13.546582698822021
0.2954599475250408	0.6618368580607747	13.586582660675049
0.2972407783632558	0.6649213613537517	13.61658263206482
0.29696745381659984	0.6674857760841811	13.64658260345459
0.2986425002072097	0.6688348860818445	13.686582803726196
0.29921526541092225	0.6678361497794769	13.716582775115967
0.3002640974631348	0.6700622772682719	13.746582746505737
0.3006567339655811	0.6710619103626247	13.786582708358765
0.3014437826254107	0.6712092350711361	13.816582679748535
0.3004564140039618	0.6688897670414985	13.846582651138306
0.3008333805664789	0.6697318601035197	13.886582612991333
0.30034538736342686	0.6691275682110861	13.916582822799683
0.3006772831363221	0.6695174031029112	13.946582794189453
0.3010710483449551	0.6689193232057228	13.98658275604248
0.29974867467611394	0.6691605986517097	14.016582727432251
0.3042552318161059	0.6684874817356405	14.046582698822021
0.35730011441418535	0.6667139744582647	14.086582660675049
0.3607907971920513	0.6698480794797396	14.11658263206482
0.36082899868170387	0.6683399287174805	14.14658260345459
0.35971179111280865	0.6695825963194857	14.186582803726196
0.36024069777400214	0.6699788426132973	14.216582775115967
0.3615469748867793	0.6714812354248828	14.246582746505737
0.360817748036243	0.6704924510765943	14.286582708358765
0.36251603958830264	0.6734415792856588	14.316582679748535
0.36154290734552214	0.6743526805545816	14.346582651138306
0.3608978032157804	0.6736243963944446	14.386582612991333
0.3620715282523219	0.6752993052601186	14.416582822799683
0.36163751695097257	0.6716641875250806	14.446582794189453
0.4010563071297623	0.6694087547436233	14.48658275604248
0.4070671285244091	0.6751068875948607	14.516582727432251
0.40832593176902576	0.6735248043463622	14.546582698822021
0.40853145260091256	0.6748807432294828	14.586582660675049
0.4098552086764085	0.6787583455140851	14.61658263206482
0.4094581433768888	0.6793520475616253	14.64658260345459
0.4021614551243299	0.6801283562559921	14.686582803726196
0.021676983771108656	0.6270307860995566	14.746582746505737
0.02447426036660076	0.6323435715374861	14.786582708358765
0.02842356055149865	0.6369734982296228	14.816582679748535
0.0340335672999079	0.6397866188694064	14.846582651138306
0.029375471394532924	0.6380584938669334	14.886582612991333
0.033935396709574545	0.6393810776759691	14.916582822799683
0.03562892479901324	0.642120594821824	14.946582794189453
0.036998044960827245	0.6450357783205464	14.98658275604248
0.03929718923239822	0.6484207816062503	15.016582727432251
0.042350608686660435	0.6488307110489426	15.046582698822021
0.055737072224331094	0.6518886244779278	15.086582660675049
0.09846264148882777	0.6523334686011995	15.11658263206482
0.10212307852135033	0.6556674405287283	15.14658260345459
0.0996317386858778	0.6559484292869843	15.186582803726196
0.10512718974329233	0.6613773947170992	15.216582775115967
0.09527150358817166	0.670146899419549	15.246582746505737
0.1257126980468552	0.4922839928633775	15.386582612991333
0.13174266848333163	0.6694436344414512	15.416582822799683
0.14567753122130606	0.6674178061406788	15.446582794189453
0.15284728305866288	0.6677343403238165	15.48658275604248
0.15691338653049294	0.6673665457542125	15.516582727432251
0.16242373974276375	0.6615777137128854	15.546582698822021
0.16545185165596216	0.6631198920135144	15.586582660675049
0.16639424787526758	0.664385395829731	15.61658263206482
0.16577780271895368	0.6626993162510623	15.64658260345459
0.16410184075681908	0.6613485756431462	15.686582803726196
0.16514133375698778	0.6647606366516726	15.716582775115967
0.1640891622923115	0.6589641107593596	15.746582746505737
0.16321374764562185	0.6558086861234201	15.786582708358765
0.1630146627148292	0.6547078009753442	15.816582679748535
0.1632982866047318	0.6569834844665627	15.846582651138306
0.16578428698570344	0.6588690524354114	15.886582612991333
0.1672482291700531	0.6589202487449245	15.916582822799683
0.2356767105858574	0.6880292097686767	15.946582794189453
0.24433462542403941	0.6899902711579096	15.98658275604248
0.24463900084803605	0.68974564153989	16.01658272743225
0.13824047916348425	0.8973785305201006	16.08658266067505
0.13938203051833087	0.8948119969826451	16.11658263206482
0.13836062290148618	0.8981787369285464	16.14658260345459
0.13863118610649602	0.9003525106084165	16.186582803726196
0.13314993770296457	0.8991227142059723	16.216582775115967
0.07454239533880445	0.907476436931266	16.246582746505737
0.07626234250213716	0.9115057669122917	16.286582708358765
0.07565897578395349	0.9140341095610475	16.316582679748535
0.07532882770655196	0.9162973891815175	16.346582651138306
0.07505852865687974	0.9149571898659897	16.386582612991333
0.23668810977823618	0.852548102452959	16.446582794189453
0.23853236215451035	0.853976873739157	16.48658275604248
0.23894262054411325	0.8558048900694288	16.51658272743225
0.24063257654130768	0.8596805229810283	16.54658269882202
0.23848494503993822	0.8601845009041206	16.58658266067505
0.2399270191397533	0.8624466979506771	16.61658263206482
0.24093478433613952	0.8620796311924905	16.64658260345459
0.23134649194527107	0.8471495035104795	16.686582803726196
0.056433228495017515	0.5428984075443937	16.746582746505737
0.057418721227556445	0.549016480479824	16.786582708358765
0.05624562001652164	0.5545268104583103	16.816582679748535
0.056634233204172574	0.5565304193374775	16.846582651138306
0.05331090760860914	0.5990399952612732	16.886582612991333
0.05228423628491432	0.6077937663848373	16.916582822799683
0.05273372048735868	0.6086479478239205	16.946582794189453
0.05283933177247793	0.6101420522085272	16.98658275604248
0.052323194457294185	0.6124556954483414	17.01658272743225
0.05186340961631052	0.613234982214053	17.04658269882202
0.05311190617080317	0.6146210813223483	17.08658266067505
0.05401024412427247	0.6157161030112922	17.11658263206482
0.053527538725767904	0.616117433236635	17.14658260345459
0.08473832340665727	0.609827132676043	17.186582803726196
0.10422162288270301	0.6101947831195802	17.216582775115967
0.1045874653001964	0.6114500571610302	17.256582736968994
0.10430343271229861	0.6114263305285905	17.286582708358765
0.1037857776921294	0.6100923813033909	17.316582679748535
0.10288670279718758	0.6110171697038189	17.346582651138306
0.10346279142035128	0.6118168191571705	17.386582612991333
0.10198903668633899	0.6128760545301493	17.416582822799683
0.1016376551081442	0.6119231052338587	17.45658278465271
0.10143209884175225	0.611556735274088	17.48658275604248
0.10033576444356576	0.612682648583763	17.51658272743225
0.0997002750237563	0.6117334459813081	17.55658268928528
0.09930269939528634	0.6127770465299823	17.58658266067505
0.09862566608773453	0.6109064099404508	17.61658263206482
0.09823853825989581	0.6127894217345107	17.656582593917847
0.10156547716226112	0.5637878915119211	17.686582803726196
0.1008410794390582	0.5552480835857624	17.716582775115967
0.10208651183245825	0.5562291286172732	17.756582736968994
0.10129153004860941	0.5556752720649798	17.786582708358765
0.10100650982665087	0.5550243896829555	17.816582679748535
0.1021824791374257	0.5553230528927624	17.856582641601562
0.10599096731896385	0.5573222219126637	17.886582612991333
0.2068177223865651	0.5351571045032207	17.916582822799683
0.21237371321812729	0.5369403797463063	17.95658278465271
0.21402641337962092	0.5390259265954257	17.98658275604248
0.21383943819236287	0.5371149264752658	18.01658272743225
0.21480735919300792	0.538852402704167	18.05658268928528
0.21579148898440761	0.5382880048343045	18.08658266067505
0.21549534075514923	0.5425986689058551	18.11658263206482
0.21572160672326185	0.5436718331363692	18.156582593917847
0.21618697122118102	0.5441153231290629	18.186582803726196
0.21197529341630236	0.5773070023702775	18.216582775115967
0.2117307657517564	0.5873350732248017	18.256582736968994
0.21261390284931772	0.5905024714231465	18.286582708358765
0.21308653122258794	0.5909407570455054	18.316582679748535
0.21357219098483501	0.5927813023147036	18.356582641601562
0.2152631887191389	0.5943780399462126	18.386582612991333
0.21494872600941248	0.5937459984249422	18.416582822799683
0.21496676222052102	0.5931667273856652	18.45658278465271
0.21968071094010233	0.5960420296396285	18.48658275604248
0.33991958204179845	0.5880490695706612	18.51658272743225
0.34393604498082864	0.5883895750399081	18.55658268928528
0.3449821835284676	0.590927720498686	18.58658266067505
0.34624727037581327	0.5912627041837929	18.61658263206482
0.3463660611464912	0.5936254408306123	18.656582593917847
0.3468003548880207	0.5937462227625	18.686582803726196
0.3474718117438439	0.5942298652956439	18.716582775115967
0.40574893940527207	0.6096733404852264	18.756582736968994
0.42290430937504053	0.5943729689118373	18.786582708358765
0.42449100143441193	0.5934560647126528	18.816582679748535
0.42315560088915616	0.594148971676609	18.856582641601562
0.4245223920887086	0.5949567849852522	18.886582612991333
0.4247606518273172	0.5973673289539905	18.916582822799683
0.3989441700374665	0.5975191905902538	18.95658278465271
0.3999315132047195	0.5985014296953663	18.98658275604248
0.39994152383193016	0.6011713289113035	19.01658272743225
0.3962089518877824	0.5991642415181426	19.05658268928528
0.042920943877655805	0.5441236289788782	19.11658263206482
0.04597260992983746	0.5475530511075886	19.156582593917847
0.04664957194429871	0.5515599643514324	19.186582803726196
0.04818853361672431	0.552883195100183	19.216582775115967
0.048697579743117586	0.5551491493359123	19.256582736968994
0.04895585143166556	0.5545723432227281	19.286582708358765
0.05002744180781549	0.5564828198445866	19.316582679748535
0.048554368793691294	0.5721836733262547	19.356582641601562
0.04886141147173959	0.5776494970304578	19.386582612991333
0.04959683116253898	0.581011042953346	19.416582822799683
0.04926667588481782	0.5790348413433828	19.45658278465271
0.050644735842975394	0.5792454476462884	19.48658275604248
0.05167791455247729	0.5794407997588201	19.51658272743225
0.30845866119333126	0.5605508463370709	19.58658266067505
0.3111897428086638	0.563659941935055	19.61658263206482
0.3131341322592998	0.5668199539964376	19.656582593917847
0.31306792363447256	0.569728502466879	19.686582803726196
0.3153034155730233	0.5715230982749513	19.716582775115967
0.315928809592438	0.5706340309327983	19.756582736968994
0.3214574601279584	0.5714649068770213	19.786582708358765
0.368544564917073	0.5560703291581433	19.816582679748535
0.3692081636966988	0.5574014431428841	19.856582641601562
0.37007737197202895	0.5576954412487289	19.886582612991333
0.37036019304650053	0.5571737215215509	19.916582822799683
0.3703366726671502	0.5575231502792247	19.95658278465271
0.42152498172287617	0.5546488727553645	19.98658275604248
0.44128651377808087	0.5598109163525276	20.01658272743225
0.44196193798495037	0.5594573678606531	20.05658268928528
0.4419012239555763	0.563628078892958	20.08658266067505
0.4411655188660305	0.5619388198568915	20.11658263206482
0.4414056797123047	0.5642713243096158	20.156582593917847
0.4274225169688982	0.5608842707045611	20.186582803726196
0.37337865654641905	0.5596010216736333	20.216582775115967
0.3771678211146274	0.5601185869366492	20.256582736968994
0.3776962298926764	0.5611841758446701	20.286582708358765
0.3776068140281689	0.5610251289941556	20.316582679748535
0.37474865876992636	0.5568303600522194	20.356582641601562
0.07769984548946743	0.522105994604004	20.416582822799683
0.08045769806344409	0.524117602226387	20.45658278465271
0.08200528541053967	0.5279274097712033	20.48658275604248
0.08262346653823481	0.5285984673901342	20.51658272743225
0.08221811393291922	0.5311671830194504	20.55658268928528
0.0828603848639738	0.5328979253014675	20.58658266067505
0.05784070992719912	0.5281447532658019	20.61658263206482
0.05490413725976981	0.5288995724846984	20.656582593917847
0.0550061063169751	0.5319742200532311	20.686582803726196
0.056007685360359286	0.5348500005852915	20.716582775115967
0.048348346645622174	0.5522300286983204	20.756582736968994
0.17697605255749857	0.5262975817210587	20.916582822799683
0.18063058357675474	0.5357147731930694	20.95658278465271
0.1856283471359395	0.5416291558997459	20.98658275604248
0.18999711477356046	0.5395074015563645	21.01658272743225
0.1938414178789588	0.5414995632187148	21.05658268928528
0.19647190383313543	0.5406640511649565	21.08658266067505
0.19591088205783053	0.5408111298168479	21.11658263206482
0.19221814221486738	0.5380113373855286	21.156582593917847
0.16862278873196893	0.538016552674089	21.186582803726196
0.16881388821628981	0.5384618269406086	21.216582775115967
0.1692446596427494	0.5367073794137408	21.256582736968994
0.169389194381755	0.5345879231485897	21.286582708358765
0.1693047019898927	0.532532851079492	21.316582679748535
0.17036328000859227	0.5315039747413971	21.356582641601562
0.17135064663492067	0.5313823273761302	21.386582612991333
0.17463939238283135	0.5294895087795353	21.416582822799683
0.3052876590488039	0.5239153608878406	21.45658278465271
0.31150838267603764	0.5265583975561829	21.48658275604248
0.31338961271002563	0.5280924494209591	21.51658272743225
0.31524860434519525	0.526714580625031	21.55658268928528
0.31663228708833674	0.5281533930095866	21.58658266067505
0.3174938661139851	0.5279233650605462	21.61658263206482
0.3182778114103682	0.5268152050898061	21.656582593917847
0.3180861449660827	0.526603345799724	21.686582803726196
0.3226310338257358	0.5271764445009554	21.716582775115967
0.3887491077139458	0.5180679091713265	21.756582736968994
0.3937480278331846	0.5229006732620946	21.786582708358765
0.39715878747949895	0.5284770406272202	21.816582679748535
0.39866279306030944	0.5299034158039339	21.856582641601562
0.39857682200724615	0.5287502043137962	21.886582612991333
0.40004468574269847	0.5289400980335334	21.916582822799683
0.39893981255617705	0.5298023357056917	21.95658278465271
0.43672351225430556	0.5232692275714671	21.98658275604248
0.4431452825459092	0.5315383184081964	22.01658272743225
0.4437624581006917	0.5332334398972433	22.05658268928528
0.44157667817826496	0.5334838495070496	22.08658266067505
0.44195276523653965	0.5372511591589666	22.11658263206482
0.42517859596749163	0.5521295418375307	22.156582593917847
0.27385520106098543	0.5791153022145166	22.186582803726196
0.01972037100485454	0.534088777259807	22.256582736968994
0.044548699433660244	0.5165547301753971	22.286582708358765
0.051390766441619364	0.5154923646054735	22.316582679748535
0.05447574131036762	0.516280001615044	22.356582641601562
0.05496756764578058	0.5173294741928218	22.386582612991333
0.055749161755293854	0.5170203629366925	22.416582822799683
0.05584151409380359	0.5180459827231504	22.45658278465271
0.05732141555578233	0.5181508688670095	22.48658275604248
0.057794262848920044	0.5179968463696761	22.51658272743225
0.058151873268076616	0.5182997093478554	22.55658268928528
0.05944311551133635	0.5171604289428744	22.58658266067505
0.06032843402152956	0.5167756372817782	22.61658263206482
0.2251942931184221	0.4851824022350148	22.686582803726196
0.23105097365925775	0.48668670171929124	22.716582775115967
0.23373849053332946	0.4881079965372634	22.756582736968994
0.2358354469967034	0.48772506618414563	22.786582708358765
0.236768217392501	0.4882245799227531	22.816582679748535
0.23761168803890348	0.4893642454521641	22.856582641601562
0.2387674136581689	0.4889353699343586	22.886582612991333
0.2374641366487132	0.4898827558798445	22.916582822799683
0.15646029833252445	0.4930672168245461	22.95658278465271
0.15110273757595194	0.4959410333353124	22.98658275604248
0.15184858382924418	0.497664493194438	23.01658272743225
0.15342191602933966	0.5015546186680245	23.05658268928528
0.15408841025333542	0.5001618503940609	23.08658266067505
0.1545492810229255	0.5011447883603332	23.11658263206482
0.15455166836541095	0.5036007953369073	23.156582593917847
0.1596551982530548	0.5011203008291338	23.186582803726196
0.1924046207414039	0.49483732372464745	23.216582775115967
0.1940350675116186	0.4957424297439361	23.256582736968994
0.19310467047486196	0.4967925988195951	23.286582708358765
0.19291065904028587	0.4950314446412635	23.316582679748535
0.37560590927919	0.4828042455585378	23.386582612991333
0.37961607821049853	0.4862288351532646	23.416582822799683
0.3819915938701744	0.4876658952919486	23.45658278465271
0.3838870960255821	0.48862791160386254	23.48658275604248
0.384905109112364	0.4901563803690882	23.51658272743225
0.385508708565906	0.4892464446610678	23.55658268928528
0.3882297667638871	0.4892283537924358	23.58658266067505
0.4225259860712331	0.48845218626565223	23.61658263206482
0.4263100758686487	0.4886718389484878	23.656582593917847
0.4255986472517699	0.4918196891783967	23.686582803726196
0.42595162269134346	0.4925090927366081	23.716582775115967
0.425973581647725	0.49291007347438853	23.756582736968994
0.40932363945024713	0.4855111646134661	23.786582708358765
0.06708013775712257	0.4568389586169299	23.856582641601562
0.06875417853828414	0.4628077646015298	23.886582612991333
0.06993125284876615	0.4640787593390485	23.916582822799683
0.07007278596733264	0.4668302201314425	23.95658278465271
0.06939641314326804	0.46687325169712507	23.98658275604248
0.038043906769223736	0.46337931999551296	24.01658272743225
0.035410521432938345	0.46407539253081265	24.05658268928528
0.03579056041056296	0.4638751847997917	24.08658266067505
0.03613398789874685	0.46412880262221445	24.11658263206482
0.036696398685146375	0.4639575532571285	24.156582593917847
0.0375977929411612	0.46354798613871395	24.186582803726196
0.038126157002149365	0.4658464555624299	24.216582775115967
0.03441628291191026	0.47314162385643915	24.256582736968994
0.018603902586268244	0.5094280436420521	24.286582708358765
0.11433400732634079	0.37627529964853873	24.48658275604248
0.09238433753203959	0.43576400757765454	24.51658272743225
0.09451806075473954	0.4424596616496737	24.55658268928528
0.09793027697936403	0.444337523796742	24.58658266067505
0.1002742416639437	0.44353109824087067	24.61658263206482
0.10090387567455432	0.4440107962028331	24.656582593917847
0.10237958687144462	0.43999247258935414	24.686582803726196
0.10340261657321384	0.4410186114471502	24.716582775115967
0.10424849431754858	0.43950429965366544	24.756582736968994
0.09531073307783662	0.4488274889398051	24.786582708358765
0.09251440938601921	0.4544375770245789	24.816582679748535
0.09161544854033685	0.45423407188586024	24.856582641601562
0.09201214530771351	0.45355898939940287	24.886582612991333
0.09288973820755068	0.45353693805373113	24.916582822799683
0.14911054425458545	0.4699042414032513	24.95658278465271
0.1652003757566362	0.4544241448144661	24.98658275604248
0.1661471670798493	0.4557789246879538	25.01658272743225
0.16656593781075285	0.4552786682206939	25.05658268928528
0.16812393313910504	0.45443957185535666	25.08658266067505
0.16846537720280017	0.45405943376459973	25.11658263206482
0.1687226164676249	0.4515499939970813	25.156582593917847
0.16944624759707652	0.45479400289540856	25.186582803726196
0.16829123095900844	0.4539003086226229	25.216582775115967
0.16290697730223366	0.4535545991149976	25.256582736968994
0.1600243207487382	0.45502455505982164	25.286582708358765
0.16120073360159384	0.45464837980061085	25.316582679748535
0.16038143117796674	0.45522654283984226	25.356582641601562
0.16044615765780915	0.4550638205810232	25.386582612991333
0.16116166724088132	0.45424302147612466	25.416582822799683
0.16197934464848604	0.4565331879627132	25.45658278465271
0.2087600532439625	0.4521017657326023	25.48658275604248
0.22291888630163295	0.45184314774439344	25.51658272743225
0.2230757891364019	0.4516680857694321	25.55658268928528
0.22367857104428768	0.45345125846852047	25.58658266067505
0.22449290800446559	0.4539753539847592	25.61658263206482
0.2256099084577932	0.4540798060138836	25.656582593917847
0.225613005675558	0.4557371701077906	25.686582803726196
0.33225533948745717	0.45828439818403377	25.756582736968994
0.3351416627651218	0.4594637442453017	25.786582708358765
0.3352595568976525	0.45936305791167814	25.816582679748535
0.3358435151059916	0.45980963260189384	25.856582641601562
0.3356435124580707	0.46067762690929664	25.886582612991333
0.33671042772382953	0.4599132306666801	25.916582822799683
0.34246213339814074	0.4603925968568726	25.95658278465271
0.3790533165241704	0.46053583716635565	25.98658275604248
0.3808817271824596	0.46036428603641494	26.01658272743225
0.3803530483688613	0.4607296960184213	26.05658268928528
0.3807809774824193	0.4605726975756944	26.08658266067505
0.38018632273712893	0.45935085048569035	26.11658263206482
0.05469176285946225	0.41922597930345784	26.216582775115967
0.05623547510995727	0.4210051920111025	26.256582736968994
0.057447083455953576	0.4225709905263961	26.286582708358765
0.05763841068891599	0.42255129434168237	26.316582679748535
0.056995847891820176	0.42654230696206996	26.356582641601562
0.05718687638076344	0.42572322868391593	26.386582612991333
0.05792012078752152	0.4252050144760559	26.416582822799683
0.058276189391373794	0.4249153147786913	26.45658278465271
0.05837421861596355	0.4257623456477687	26.48658275604248
0.056604614903753854	0.4235576215468439	26.51658272743225
0.0505807851068602	0.4196607042031891	26.55658268928528
0.048631592318833544	0.4197251473144455	26.58658266067505
0.048609266659092626	0.42043343897135277	26.61658263206482
0.04912498276164467	0.4199883677030286	26.656582593917847
0.04890080575627159	0.4228049949594553	26.686582803726196
0.04850906068728203	0.4230622286449854	26.716582775115967
0.04918231184788364	0.42241664790896727	26.756582736968994
0.04931213858175734	0.422798737697424	26.786582708358765
0.04854202287026431	0.42383787160369535	26.816582679748535
0.04832114517246224	0.4244058639890477	26.856582641601562
0.049030577552400485	0.42559000562733496	26.886582612991333
0.047481583915320966	0.42461531444477846	26.916582822799683
0.05217290953717514	0.43116209700464275	26.95658278465271
0.058415962757495866	0.4384399210033313	26.98658275604248
0.06029892670765156	0.44210432965613156	27.01658272743225
0.060805671159369364	0.44393008342780055	27.05658268928528
0.061261237403105365	0.4441567643557097	27.08658266067505
0.06156700429567095	0.44262636646140296	27.11658263206482
0.061286432372868044	0.44385486768645127	27.156582593917847
0.05852398672143316	0.43481015928493555	27.186582803726196
0.045356702453936186	0.39760340699639235	27.216582775115967
0.04593808106336195	0.39889931614603574	27.256582736968994
0.04485006865088799	0.4003790199657349	27.286582708358765
0.044632885857496134	0.40015306613214474	27.316582679748535
0.04428914117092823	0.39940992150076343	27.356582641601562
0.04305223303175444	0.3999898165441824	27.386582612991333
0.04530441854653372	0.39972663558918964	27.416582822799683
0.08859946432813982	0.38925622698014284	27.45658278465271
0.09451249632316776	0.3882654398491265	27.48658275604248
0.0947350383619811	0.38755886398795225	27.51658272743225
0.0954521442611616	0.38851464351909837	27.55658268928528
0.09478575406300684	0.3875690777589847	27.58658266067505
0.09506062887815751	0.3876157924777388	27.61658263206482
0.0989286649049121	0.38622554392685016	27.656582593917847
0.13506111538104482	0.3833822757002151	27.686582803726196
0.13745374035412705	0.381612839207044	27.716582775115967
0.13768589568267162	0.3812728034290614	27.756582736968994
0.1372458561463916	0.38011664811336315	27.786582708358765
0.13878311330054374	0.38119558875608545	27.816582679748535
0.13948484422873222	0.38042057046722055	27.856582641601562
0.14355356610213546	0.3802334880771197	27.886582612991333
0.19317608184294746	0.3742848898184647	27.916582822799683
0.1946432431272981	0.3750379601458829	27.95658278465271
0.19496406759113566	0.3771760807785621	27.98658275604248
0.19546619365607684	0.3747685059417815	28.01658272743225
0.19596003800575784	0.37526039433787445	28.05658268928528
0.19666834753770987	0.3755426684895098	28.08658266067505
0.19769761563146485	0.3745801709129656	28.11658263206482
0.19668123780066626	0.3748937792712525	28.156582593917847
0.19666817018598962	0.37327625344966087	28.186582803726196
0.19575269387993907	0.3723185472183037	28.216582775115967
0.19619229782175504	0.37226387081865736	28.256582736968994
0.1964756249337458	0.3723117866538848	28.286582708358765
0.19507658515370116	0.37587696143870614	28.316582679748535
0.2085370785077154	0.36669395068212185	28.55658268928528
0.15520878716934242	0.32458032038724377	28.58658266067505
0.21673789995803053	0.3545664226088746	28.61658263206482
0.21851216210019628	0.3569708634849137	28.656582593917847
0.2200608238168405	0.36495056617355015	28.686582803726196
0.22169930197634488	0.36836503146898686	28.716582775115967
0.23460858537339202	0.37498828052166283	28.756582736968994
0.25520777561734687	0.38940560738734137	28.786582708358765
0.2556891179598143	0.3888448191604229	28.816582679748535
0.2554693840212395	0.38647679575656785	28.856582641601562
0.2539557173081525	0.38584330806377926	28.886582612991333
0.25454382861248404	0.3838191996649737	28.916582822799683
0.2550170450008102	0.38303290427182474	28.95658278465271
0.25515807744989955	0.38258300621783803	28.98658275604248
0.25650182061195553	0.38485154774718916	29.01658272743225
0.2563765575820604	0.38157665937174595	29.05658268928528
0.2880643403165718	0.38378924324420677	29.08658266067505
0.29599359286006055	0.38589144865408975	29.11658263206482
0.29898611280265247	0.3871975318343377	29.156582593917847
0.2996416607611815	0.3874043583446693	29.186582803726196
0.297964136871617	0.38538320986731334	29.216582775115967
0.2993264975892094	0.38662339016399105	29.256582736968994
0.30144047749777403	0.38776676001593935	29.286582708358765
0.331625508499247	0.3842237093981536	29.316582679748535
0.3583048796482555	0.3910726555607268	29.356582641601562
0.35856153559174275	0.3910459034879849	29.386582612991333
0.35953284316915857	0.3917897328347481	29.416582822799683
0.3600701609787806	0.39030181362247063	29.45658278465271
0.3606313654912446	0.3883444333046535	29.48658275604248
0.3593650566651715	0.3838148734357962	29.51658272743225
0.3622413040275183	0.39129826309189053	29.55658268928528
0.36023654350239165	0.38914606579271893	29.58658266067505
0.3986352081617581	0.38716961947025824	29.61658263206482
0.4151510693350795	0.3933606070186685	29.656582593917847
0.4158216990922803	0.39377443192599354	29.686582803726196
0.4148078273521621	0.39006086165667525	29.716582775115967
0.4186881791276648	0.3943488995098696	29.756582736968994
0.41750616385663236	0.39184928780231887	29.786582708358765
0.4154058390259407	0.3917658002255928	29.816582679748535
0.41466246130738277	0.3894349505018257	29.856582641601562
0.44637351800621633	0.38458552310019534	29.886582612991333
0.4647402536900183	0.39212862597389725	29.916582822799683
0.4657862336017434	0.392783968127102	29.95658278465271
0.46609425077822114	0.3930196310725956	29.98658275604248
0.4648060351361528	0.39044442671259133	30.01658272743225
0.46400449750133393	0.3925014008841795	30.05658268928528
0.4623245938856337	0.39008814514187456	30.08658266067505
0.06687753481960391	0.3543227939221338	30.156582593917847
0.06720652909812277	0.35669682848202633	30.186582803726196
0.06928396823363317	0.3619201396029241	30.216582775115967
0.06955085647263642	0.3639262941224921	30.256582736968994
0.06982696611655252	0.36568602281216256	30.286582708358765
0.05704683376585596	0.3586938574945906	30.316582679748535
0.0541677719897951	0.3564111498161133	30.356582641601562
0.05280942714855111	0.3578663580011931	30.386582612991333
0.05371347027210361	0.3576759665496607	30.416582822799683
0.053882414059342035	0.35744679087101083	30.45658278465271
0.054980341539152336	0.3582234084567455	30.48658275604248
0.055450163992774026	0.3565630288753085	30.51658272743225
0.056605301767332625	0.356649428257901	30.55658268928528
0.05654676716447579	0.35677084551207233	30.58658266067505
0.05928573917720943	0.3566609747062289	30.61658263206482
0.16390208584191523	0.33387260180870915	30.656582593917847
0.1765527473120175	0.3377062346587566	30.686582803726196
0.1772366582239655	0.33873811843107793	30.716582775115967
0.17737083799772557	0.3402628350241263	30.756582736968994
0.17783942149279497	0.3400986303176546	30.786582708358765
0.17340726028211573	0.3357940560168689	30.816582679748535
0.1568061239241774	0.33241929749219956	30.856582641601562
0.1572585592690958	0.33311372707861836	30.886582612991333
0.15862194252897235	0.33266724304966055	30.916582822799683
0.15931499411611275	0.3336557313113842	30.95658278465271
0.16078306322738126	0.3321761471059544	30.98658275604248
0.20514981624927553	0.3313103392571219	31.01658272743225
0.21019369448100697	0.3315378322255787	31.05658268928528
0.21200598538059737	0.33029286807037206	31.08658266067505
0.2124802283668976	0.33115060224447274	31.11658263206482
0.213012346839215	0.33262581389352525	31.156582593917847
0.23788228744620438	0.33073039873441723	31.186582803726196
0.26003544625513153	0.33595778482142613	31.216582775115967
0.2611026712041869	0.33592748047965265	31.256582736968994
0.26028752808111427	0.3372761788115669	31.286582708358765
0.2610837608414667	0.33821701883475047	31.316582679748535
0.2611723901327037	0.33689654161167604	31.356582641601562
0.2627766906589925	0.3391692075297681	31.386582612991333
0.26368349542473185	0.33863632009178013	31.416582822799683
0.31980600903886436	0.33703245347075234	31.45658278465271
0.32658856641613004	0.3392699423685822	31.48658275604248
0.3293953387072131	0.3414854756737435	31.51658272743225
0.32886075886802224	0.34048667684617534	31.55658268928528
0.3295312712156735	0.34128671572847863	31.58658266067505
0.3309972464136513	0.3422766376175239	31.61658263206482
0.326957101128124	0.34123035479860603	31.656582593917847
0.31955071067799057	0.34141023228581624	31.686582803726196
0.31776690758970294	0.34140793663975794	31.716582775115967
0.3185772441986429	0.34209862658507256	31.756582736968994
0.31865318818684557	0.3445007363231643	31.786582708358765
0.3185539060020242	0.3438887669622406	31.816582679748535
0.31893301551101505	0.34162911436138244	31.856582641601562
0.32008332669583484	0.34075883524620476	31.886582612991333
0.318738417241329	0.34138501653567155	31.916582822799683
0.31964800873626803	0.34004047819142214	31.95658278465271
0.32015606910063893	0.34100099999590316	31.98658275604248
0.32069538178915546	0.34142418198341123	32.01658272743225
0.3204650265802338	0.34131599265436463	32.05658268928528
0.34173385729648714	0.34111014522458416	32.08658266067505
0.367616863279715	0.34368003214777276	32.11658263206482
0.36840132982463714	0.34393973400257105	32.15658259391785
0.3672004343987587	0.3441160457403252	32.186582803726196
0.36732177995428894	0.34389386544195905	32.21658277511597
0.3684815011970428	0.3438693056499885	32.256582736968994
0.3684447760535498	0.34537800850774286	32.286582708358765
0.3955186382324965	0.3463593658783606	32.316582679748535
0.4073534079795538	0.34873876997083525	32.35658264160156
0.40735143969596943	0.3512335034377629	32.38658261299133
0.4088334682224073	0.35062572760916094	32.41658282279968
0.4084980886597427	0.34946442713698694	32.45658278465271
0.408510341753796	0.34964635737058797	32.48658275604248
0.40809454512739374	0.3479782013848598	32.51658272743225
0.409576570694217	0.3500390171558469	32.55658268928528
0.40946017451706024	0.3499346197360405	32.58658266067505
0.40888635868139117	0.34834412249195246	32.61658263206482
0.42998497508893596	0.34500045632749016	32.65658259391785
0.4541802541521713	0.3494816095119748	32.686582803726196
0.45630390230962437	0.3489415807897476	32.71658277511597
0.4555718045747679	0.3505230671610003	32.756582736968994
0.4564765366687879	0.3526129882761553	32.786582708358765
0.45643916511127264	0.35341729004662226	32.816582679748535
0.4563241669977042	0.3542576823039367	32.85658264160156
0.4570502631412346	0.35294900385043	32.88658261299133
0.45318604869355195	0.3517228050392726	32.91658282279968
0.0930626072420426	0.2995913114311773	32.98658275604248
0.09575835838675803	0.30134671899174575	33.01658272743225
0.09543063697553367	0.3033724648345453	33.05658268928528
0.09387812508672332	0.30790559985051175	33.08658266067505
0.09341743208088531	0.3082310054223496	33.11658263206482
0.0776704292106578	0.30812003378347824	33.15658259391785
0.06323236195325667	0.31141903222674067	33.186582803726196
0.06460294329157154	0.311334654483764	33.21658277511597
0.06454953954621537	0.3104303637004249	33.256582736968994
0.06618609595968347	0.3089404078570593	33.286582708358765
0.0676883579083572	0.30860600700632235	33.316582679748535
0.06767613974033164	0.3096917633289838	33.35658264160156
0.06899767378691196	0.31007835644107234	33.38658261299133
0.07308181540540327	0.30926229806764216	33.41658282279968
0.11246730056274193	0.30312859259650443	33.45658278465271
0.11621707843532877	0.30675888357864817	33.48658275604248
0.11747385863663515	0.3052295737483607	33.51658272743225
0.11702056863566013	0.3055722476813581	33.55658268928528
0.11762166777065365	0.30719900523115845	33.58658266067505
0.11732383137405131	0.30733951388695674	33.61658263206482
0.11814757361177061	0.30684829125821966	33.65658259391785
0.12251661937880555	0.3052047032373292	33.686582803726196
0.15126965487278482	0.3015328398095427	33.71658277511597
0.1536363638218227	0.30222132395167467	33.756582736968994
0.15356554775727682	0.3032103731054702	33.786582708358765
0.15319418647606914	0.3022778303067279	33.816582679748535
0.15264075828279183	0.30334341368188483	33.85658264160156
0.15085019734034727	0.3080749543759458	33.88658261299133
0.13721460612089573	0.33064915127476613	33.91658282279968
0.11309739999438932	0.2606804148296431	34.08658266067505
0.098692509836941	0.3109127299718051	34.11658263206482
0.10276298493354744	0.31344860268037344	34.15658259391785
0.10613917515584473	0.31407593916153087	34.186582803726196
0.10843150517136403	0.31299932516087536	34.21658277511597
0.10934536466571332	0.3115295155420994	34.256582736968994
0.11080520553702061	0.3118206098151865	34.286582708358765
0.11059054530193872	0.31255601995681265	34.316582679748535
0.13131840381324386	0.308933506729999	34.35658264160156
0.19072633319267904	0.29559052757146986	34.38658261299133
0.19221817934668925	0.2960256796035439	34.41658282279968
0.19265472991982596	0.2950629715340686	34.45658278465271
0.19299985206832657	0.29340673233355147	34.48658275604248
0.19372158906829706	0.293237789640451	34.51658272743225
0.19410683360481146	0.29465922887358725	34.55658268928528
0.16460233657883433	0.8465718388722014	34.61658263206482
0.16404953321893037	0.8386975281387272	34.65658259391785
0.16342032016410965	0.8347168551917484	34.686582803726196
0.16308065208755876	0.8348001179736521	34.71658277511597
0.16305438486787438	0.8368503182753287	34.756582736968994
0.16295977750570298	0.8365028816584806	34.786582708358765
0.16339468463698942	0.8366518771106988	34.816582679748535
