COORDENADA X	 COORDENADA Y	 TEMPO
0.09883905830044332	0.7989767446629547	1.078535556793213
0.09834107236569153	0.7970284848231559	1.1085355281829834
0.09733048979350131	0.8020703018577263	1.1485354900360107
0.09693477569429375	0.801599490279542	1.1785354614257812
0.09706855620070633	0.7993709262569068	1.2085354328155518
0.09287500312552172	0.7993665612269887	1.248535394668579
0.08732369822835774	0.7993501251419979	1.2785353660583496
0.08739580708372512	0.8004098162559521	1.3085353374481201
0.08697069158785681	0.8017138451616508	1.3485355377197266
0.08634363498243744	0.8034407660439776	1.378535509109497
0.08571429292690479	0.803971855078521	1.4085354804992676
0.08628702359819965	0.8059906161048644	1.448535442352295
0.08643609848322954	0.807248873448867	1.4785354137420654
0.0886914785603313	0.8064781938584984	1.508535385131836
0.17392350919027635	0.7689913746898102	1.5485353469848633
0.17956626850025376	0.7715033079597843	1.578535556793213
0.18067975057510413	0.7749924196843128	1.6085355281829834
0.1807347294803734	0.7754676341514087	1.6485354900360107
0.18113618803402265	0.7753387564951414	1.6785354614257812
0.17602279065136933	0.7754451779243633	1.7085354328155518
0.15612008358744014	0.7784655047843471	1.748535394668579
0.15800678961733675	0.779452884854003	1.7785353660583496
0.15711433312187553	0.7783659070713201	1.8085353374481201
0.15857802836064666	0.7809613101678617	1.8485355377197266
0.1605069500472309	0.7842439277904715	1.878535509109497
0.1607993408628305	0.7851174966205335	1.9085354804992676
0.16180252348789298	0.7862037505590158	1.948535442352295
0.19598541342817913	0.7820751935033928	1.9785354137420654
0.23156196129591014	0.7787828458057066	2.008535385131836
0.23426508859912995	0.7813127365839133	2.0485353469848633
0.23375389991149784	0.7828703007355722	2.078535556793213
0.2346904613949067	0.7844706624846375	2.1085355281829834
0.23472228709766785	0.7854021195357525	2.1485354900360107
0.2362332272859773	0.7862065402428605	2.1785354614257812
0.23598334997059728	0.7866319393827309	2.2085354328155518
0.23555805506132227	0.7857421040865323	2.248535394668579
0.2364130281727302	0.7882093809064523	2.2785353660583496
0.2341378006494941	0.7881047408493609	2.30853533744812
0.2511404803468505	0.7898891564799638	2.3485355377197266
0.2674323887191525	0.7981901955112027	2.378535509109497
0.2666745678320659	0.8006009296130795	2.4085354804992676
0.23362527513680234	0.7837656447562129	2.448535442352295
0.2852740232025967	0.8084143817523199	2.578535556793213
0.2974407831402058	0.8108769325540968	2.6085355281829834
0.3016498759348811	0.8048440277844465	2.6485354900360107
0.30662831448027417	0.8011196594296338	2.6785354614257812
0.3120459414186182	0.7988380961052394	2.7085354328155518
0.31530722008532797	0.7944220038454647	2.748535394668579
0.31846541761749664	0.7926885988632483	2.7785353660583496
0.31903337338882126	0.7909148208862794	2.80853533744812
0.32067127492867736	0.7873272023215176	2.8485355377197266
0.322126079818223	0.7861418850399993	2.878535509109497
0.34144627196123495	0.790825981943389	2.9085354804992676
0.34583160711911193	0.791659946489184	2.948535442352295
0.34570734423786553	0.7906244475502671	2.9785354137420654
0.34849033525326206	0.7886570229460538	3.008535385131836
0.3496333434959983	0.7882092931896184	3.0485353469848633
0.35248597946531457	0.791039769653866	3.078535556793213
0.35354951822125513	0.792531418830804	3.1085355281829834
0.35418735769441634	0.7926114945547204	3.1485354900360107
0.47001529281021676	0.7927990936352362	3.2085354328155518
0.4721731637327569	0.7957642679138742	3.248535394668579
0.4717499044555824	0.7962175418144762	3.2785353660583496
0.4715226842170091	0.7994885358836762	3.30853533744812
0.4711438439667385	0.7985218400896661	3.3485355377197266
0.4713703231938915	0.7989031191411806	3.378535509109497
0.4714469572774973	0.8000302144488941	3.4085354804992676
0.44888081588886797	0.7935921057301736	3.448535442352295
0.450141618869775	0.7952677129197071	3.4785354137420654
0.4498069486935207	0.792661190850327	3.508535385131836
0.4489365789333222	0.7943464643937989	3.5485353469848633
0.44927623236541314	0.7940495742786908	3.578535556793213
0.44849438574885436	0.7937623001839819	3.6085355281829834
0.4493426429073049	0.7953989467630601	3.6485354900360107
0.4961128272183952	0.7961591044879598	3.6785354614257812
0.5011383021451691	0.7997405680115007	3.7085354328155518
0.5018624948817036	0.8010425295368315	3.748535394668579
0.500629904212872	0.7981829327043115	3.7785353660583496
0.5003460117399997	0.7974242788904847	3.80853533744812
0.49904689733406404	0.7946125214961489	3.8485355377197266
0.49835252567855454	0.7947358697059731	3.878535509109497
0.4973442153074968	0.7933725866271281	3.9085354804992676
0.4967031454090359	0.793640474125817	3.948535442352295
0.4909540771247006	0.7943598810357243	3.9785354137420654
0.08852194011680783	0.7469260456307166	4.048535346984863
0.08987578924178997	0.7475708472084637	4.078535556793213
0.09220817509725808	0.7514524461295454	4.108535528182983
0.09199702799835942	0.7532750565342681	4.148535490036011
0.09211237596520244	0.7548433585973486	4.178535461425781
0.07869345504576357	0.770486759979308	4.208535432815552
0.07759706082251022	0.7760420743655732	4.248535394668579
0.07717538477125435	0.7775264153476225	4.27853536605835
0.0778563777842189	0.7792608045051314	4.30853533744812
0.07888694176460807	0.7804698379868955	4.348535537719727
0.07870912280226003	0.7800737596231414	4.378535509109497
0.07974573054554983	0.7806891695743285	4.408535480499268
0.08185523747731573	0.780795355418642	4.448535442352295
0.0826567536298082	0.7834858744271987	4.478535413742065
0.08326102648990887	0.7806024727939179	4.508535385131836
0.0822104441305755	0.7840835514683321	4.548535346984863
0.11065267121493663	0.7814809774702728	4.578535556793213
0.14198207248757597	0.7736040594403175	4.608535528182983
0.14332794764638343	0.7764351358392149	4.648535490036011
0.14216542905546736	0.7795185714885018	4.678535461425781
0.14222836269572123	0.7805757477395402	4.708535432815552
0.1435005625069761	0.7816070126458884	4.748535394668579
0.14754774457362013	0.7800596115383375	4.77853536605835
0.1725271518760894	0.7720837579912827	4.80853533744812
0.1727751086913487	0.7702150279604989	4.848535537719727
0.17227806431824583	0.7714641995500567	4.878535509109497
0.17173498377168545	0.7703078561115607	4.908535480499268
0.1727448248383373	0.7721622109094739	4.948535442352295
0.1725329339726786	0.7739164003341407	4.978535413742065
0.17297257780527367	0.772113926635761	5.008535385131836
0.1725961445424431	0.7735587926393117	5.048535346984863
0.1783922586861121	0.7735059506334323	5.078535556793213
0.2295942525913056	0.7661972951263194	5.108535528182983
0.23115566437956042	0.7657884173522911	5.148535490036011
0.23116494233417867	0.7668397439783239	5.178535461425781
0.23201086316500358	0.7670441746198359	5.208535432815552
0.23248111705078245	0.7683278314163143	5.248535394668579
0.23246547091096947	0.7684190239335725	5.27853536605835
0.23347536820859136	0.7694386638119971	5.30853533744812
0.23289130075170458	0.772009219702409	5.348535537719727
0.23306545725029976	0.7704785604128341	5.378535509109497
0.23284180157431855	0.7693007479040029	5.408535480499268
0.23242586022090678	0.7701447966922679	5.448535442352295
0.236101280147643	0.7705676327042357	5.478535413742065
0.29327704149685374	0.7663692774064805	5.508535385131836
0.2962454865029885	0.7681954989357105	5.548535346984863
0.2962993368833791	0.7691717229286446	5.578535556793213
0.29685766103360844	0.7705777226703291	5.608535528182983
0.29880042568465864	0.77088877393607	5.648535490036011
0.2981342724331098	0.7692449876932203	5.678535461425781
0.29700274181918596	0.770447769552924	5.708535432815552
0.29667940650035834	0.7691497067215209	5.748535394668579
0.30230256074118267	0.771722553333468	5.77853536605835
0.3402634996605067	0.7643865152714189	5.80853533744812
0.3432799215307871	0.7652739072822595	5.848535537719727
0.34144915518382674	0.764331793853695	5.878535509109497
0.34086548332073435	0.7648216152414163	5.908535480499268
0.3419552569604714	0.7646241227065417	5.948535442352295
0.3431928661962364	0.7652652814202558	5.978535413742065
0.34164559959034513	0.764791193207152	6.008535385131836
0.37132638341506474	0.7583676853031148	6.048535346984863
0.3800027874718964	0.7611625835385811	6.078535556793213
0.3826824888193774	0.7585761348234797	6.108535528182983
0.3827315536058838	0.7581611860944618	6.148535490036011
0.38349489936150194	0.7593704405059256	6.178535461425781
0.38217639182829255	0.7594779488185476	6.208535432815552
0.3824361573056242	0.7631993143152841	6.248535394668579
0.37856571690892815	0.7656473066067493	6.27853536605835
0.3948615140577407	0.7813614391657049	6.30853533744812
0.4151259056862911	0.7933973255579868	6.348535537719727
0.40919957411444274	0.7914074309920877	6.578535556793213
0.41143794907672626	0.7721241788677639	6.608535528182983
0.4154519055336029	0.7721288060847484	6.648535490036011
0.41789074553184474	0.7727794686560647	6.678535461425781
0.4209273550770872	0.7727557400786147	6.708535432815552
0.42282644490271576	0.7699659525431024	6.748535394668579
0.42377148760330385	0.7678001600052405	6.77853536605835
0.4251951628611209	0.7671849550926795	6.80853533744812
0.4266226954966334	0.7683323306598269	6.848535537719727
0.4269892402698521	0.7642673993444308	6.878535509109497
0.4264359763387519	0.7630867253527478	6.908535480499268
0.425505987695849	0.7634866512560793	6.948535442352295
0.42657034050584725	0.7628723061984987	6.978535413742065
0.44891616345214874	0.7700555168953144	7.008535385131836
0.45632237758342015	0.7767206260304851	7.048535346984863
0.45932179798269	0.7766156262448527	7.078535556793213
0.4598383045900745	0.776177570983966	7.108535528182983
0.05886239122568783	0.7450314732076999	7.208535432815552
0.06254775702350207	0.7514463338154808	7.248535394668579
0.06476543946056917	0.756735460140685	7.27853536605835
0.06524397696241142	0.7619654640481788	7.30853533744812
0.06555920154485546	0.7635131432540238	7.348535537719727
0.06621700554019531	0.7635654608109722	7.378535509109497
0.06613305569775907	0.7647497623727502	7.408535480499268
0.06593966663064323	0.7653198844723353	7.448535442352295
0.06623708681289993	0.7657144030035661	7.478535413742065
0.06611113968320208	0.7649735577953795	7.508535385131836
0.06612178053012839	0.7615184446566146	7.548535346984863
0.06622238648752053	0.7634448554151785	7.578535556793213
0.06637449856272837	0.7623969969293244	7.608535528182983
0.06608540540182253	0.7622327918630524	7.648535490036011
0.06561548307228053	0.7616481857623707	7.678535461425781
0.06786795084718382	0.7596236395398291	7.708535432815552
0.13878327561694484	0.7215579064626234	7.748535394668579
0.14441791670539095	0.7225209829765274	7.77853536605835
0.14513365423254773	0.7247459319206614	7.80853533744812
0.1443360163529719	0.7257247765564716	7.848535537719727
0.14374976077223425	0.7257571813758509	7.878535509109497
0.1427590122431638	0.7266884913933052	7.908535480499268
0.12187462831052345	0.7238463924179922	7.948535442352295
0.12084423809484732	0.722802366125952	7.978535413742065
0.11986306007345927	0.7207494057508792	8.008535385131836
0.11974671566202179	0.7212617433268051	8.048535346984863
0.12136497260271163	0.7229858407724489	8.078535556793213
0.1216877638840328	0.7222741360286851	8.108535528182983
0.12273076172006442	0.7205694558920207	8.14853549003601
0.12182717651124288	0.7230492654257575	8.178535461425781
0.10099204809902744	0.725735088560497	8.208535432815552
0.10022828621625667	0.7273576178576193	8.248535394668579
0.1006071003772381	0.7286624616204314	8.27853536605835
0.10131013078782426	0.7302423482222964	8.30853533744812
0.1017843293550834	0.7300783335181894	8.348535537719727
0.10179211303299536	0.7320352417451501	8.378535509109497
0.10652451646812809	0.7330749927653314	8.408535480499268
0.16531656375294457	0.7195279008819749	8.448535442352295
0.167936818390484	0.7198403195162499	8.478535413742065
0.1669307963930417	0.7220529973383923	8.508535385131836
0.16792997544362123	0.7215054910553735	8.548535346984863
0.16637035141893755	0.723421918604938	8.578535556793213
0.1666052928597725	0.7247725476595792	8.608535528182983
0.16821468938977302	0.7253658189830023	8.64853549003601
0.16827854394099137	0.7235082782636026	8.678535461425781
0.1693914481979868	0.7245396535651883	8.708535432815552
0.16998490769711452	0.7241434516714145	8.748535394668579
0.17086739533814826	0.7266187985678596	8.77853536605835
0.1720776835247348	0.7272870609280077	8.80853533744812
0.21234672026911844	0.7194804321463126	8.848535537719727
0.2251654032433035	0.7194852888305494	8.878535509109497
0.2257328451529366	0.7235219258871816	8.908535480499268
0.22505137286667734	0.7243470948458096	8.948535442352295
0.22495057277293734	0.7249980384269423	8.978535413742065
0.22493137381616962	0.7290373125017771	9.008535385131836
0.22507435700244754	0.7295167821122787	9.048535346984863
0.2242713466811475	0.7291627036246932	9.078535556793213
0.21835663832879962	0.7261388891193941	9.108535528182983
0.21409619168049926	0.725769952989744	9.14853549003601
0.21370755372118164	0.7270595859618413	9.178535461425781
0.21381357142404261	0.7278170774593724	9.208535432815552
0.20195630038588644	0.7246340379353059	9.248535394668579
0.1837472055535917	0.7232247135775269	9.27853536605835
0.1843105871847063	0.7250479838189214	9.30853533744812
0.18512165557149182	0.7264885579639149	9.348535537719727
0.18600505269529533	0.7257338585860921	9.378535509109497
0.18459731745554359	0.7278293747454242	9.408535480499268
0.1848116056984539	0.7269747112920681	9.448535442352295
0.18372030027358302	0.7272221017731957	9.478535413742065
0.16631498797289393	0.7401076723013393	9.508535385131836
0.167830470231669	0.7427768018173797	9.548535346984863
0.16624357013938865	0.7414313637911835	9.578535556793213
0.16606966854545369	0.7425339413329423	9.608535528182983
0.1672170728552319	0.746240819605745	9.64853549003601
0.16755408059236152	0.7448350596625917	9.678535461425781
0.1693255280448513	0.7439592806684105	9.708535432815552
0.1681943576147742	0.7447556433883046	9.748535394668579
0.1737165714981914	0.7452427386032613	9.77853536605835
0.2934542616936195	0.7219865880373821	9.80853533744812
0.29933413690251465	0.7259766492779968	9.848535537719727
0.30112261491264597	0.72633052015419	9.878535509109497
0.30118780907037784	0.7315941047775666	9.908535480499268
0.30175404448520804	0.7316004666449569	9.948535442352295
0.3035544144102004	0.7328252100911844	9.978535413742065
0.30514037349326084	0.7336738250911169	10.008535385131836
0.305466939253747	0.7326338560592711	10.048535346984863
0.3414166043609669	0.7145701184633447	10.078535556793213
0.37534657723841197	0.7166701524897394	10.108535528182983
0.37649970117129783	0.7190112899897916	10.14853549003601
0.3751451581292687	0.722544963341422	10.178535461425781
0.37570409098358093	0.721193961226439	10.208535432815552
0.37503005444778476	0.7206858274669719	10.248535394668579
0.37731056095072335	0.7219114865220511	10.27853536605835
0.37631640750316997	0.723801614938578	10.30853533744812
0.37544709876263027	0.7276975952833905	10.348535537719727
0.3713801657269164	0.7303851829754846	10.378535509109497
0.364426895985563	0.7549261273684648	10.418535470962524
0.36073414288302125	0.5879641679426042	10.448535442352295
1.1675262781238847	0.08258545570582168	10.488535404205322
0.324355068433344	0.5692583365551754	10.61853551864624
0.38801985755152574	0.7462085216300712	10.678535461425781
0.3864298140412932	0.7414851035902652	10.718535423278809
0.3900040497343388	0.7410878830246532	10.748535394668579
0.39016648897356104	0.7444728741348441	10.77853536605835
0.3911604562908298	0.7462941835519601	10.818535566329956
0.39241660399009287	0.7464113540723839	10.848535537719727
0.39321107902997593	0.7451440443725575	10.878535509109497
0.3944765062310919	0.74324445347562	10.918535470962524
0.3930059572501937	0.7417836525342612	10.948535442352295
0.42076811266205494	0.7438703593649135	10.978535413742065
0.42664250191825037	0.7458013959634012	11.018535375595093
0.42936112457934783	0.7443285673814326	11.048535346984863
0.43041900367586056	0.7417076745705241	11.078535556793213
0.43350262722694743	0.7420168804542524	11.11853551864624
0.4641511333155204	0.7399834969588582	11.14853549003601
0.4690914255305523	0.7413817977392029	11.178535461425781
0.4675878452397696	0.7392665156414705	11.218535423278809
0.46778372854790407	0.738653790803072	11.248535394668579
0.4677782038855088	0.7374124201572949	11.27853536605835
0.4675317967998346	0.7362448885208238	11.318535566329956
0.46578709776255733	0.7370322025469853	11.348535537719727
0.08407638355327049	0.698267968522048	11.418535470962524
0.08674274377775859	0.7010328309760787	11.448535442352295
0.08862272654396645	0.7040784283186126	11.478535413742065
0.08978557399805628	0.7097407465607882	11.518535375595093
0.09121474327666859	0.7106079807045725	11.548535346984863
0.09087571456827535	0.7142458577567313	11.578535556793213
0.09101429934312577	0.7141006324170696	11.61853551864624
0.09207759141526814	0.7165295571263338	11.64853549003601
0.09429648077093368	0.7148327055283192	11.678535461425781
0.121270386359455	0.7131871472633802	11.718535423278809
0.12428416473973976	0.7140183940260315	11.748535394668579
0.12466978017072343	0.714899712323833	11.77853536605835
0.12461503457342657	0.7159251250022539	11.818535566329956
0.1245301383900198	0.7162698705133573	11.848535537719727
0.14136780569710122	0.709338478901083	11.878535509109497
0.16179647570927486	0.7069624816272414	11.918535470962524
0.1628171811442775	0.7064027060087016	11.948535442352295
0.16151329706613843	0.7080272485715546	11.978535413742065
0.16034310079641423	0.704965171468913	12.018535375595093
0.160724596260658	0.7055621876994338	12.048535346984863
0.16458181210180617	0.7057748322732017	12.078535556793213
0.20826425702761606	0.6905460907803227	12.11853551864624
0.21096028343914205	0.6925569270005559	12.14853549003601
0.2115300146223846	0.693080504309854	12.178535461425781
0.2103324182846399	0.6917136398499331	12.218535423278809
0.2102188324538264	0.691907145470548	12.248535394668579
0.21070406638120845	0.6903661987175208	12.27853536605835
0.21481331892949368	0.6922409981130093	12.318535566329956
0.27647127750109535	0.6868581960969755	12.348535537719727
0.27990834710312024	0.6864409554462452	12.378535509109497
0.27876774197546206	0.6884958521280642	12.418535470962524
0.2789372538469411	0.688602593130432	12.448535442352295
0.27906630307307756	0.6910970810981615	12.478535413742065
0.2794659821070426	0.6918407043767695	12.518535375595093
0.2793774184661899	0.6914057481378135	12.548535346984863
0.27961647132082285	0.6940914425053974	12.578535556793213
0.2775048497382092	0.6935284892459798	12.61853551864624
0.17149955035613476	0.8582926236201003	12.678535461425781
0.17190790441598977	0.8584981169804103	12.718535423278809
0.17127663943495294	0.8604438338956598	12.748535394668579
0.17194736933183521	0.8625528405960449	12.77853536605835
0.17168731761530198	0.8621129537373473	12.818535566329956
0.1714106761891333	0.862464783078315	12.848535537719727
0.17181105728718943	0.8644142482429054	12.878535509109497
0.17236088144744377	0.8666281031035735	12.918535470962524
0.17348915844601176	0.8590641181639842	12.948535442352295
0.292546859815171	0.6486213948948965	12.978535413742065
0.29704539444690664	0.6478677035865822	13.018535375595093
0.2996204135028458	0.6501465032804582	13.048535346984863
0.2997414324250264	0.6518439524927145	13.078535556793213
0.3004313689921435	0.6530598865026236	13.11853551864624
0.30065166186794473	0.6565688993942783	13.14853549003601
0.3012036632832636	0.6578664177817228	13.178535461425781
0.3005049422178952	0.65863490780814	13.218535423278809
0.3014686651707272	0.6608012750012108	13.248535394668579
0.3676864099390683	0.6773429086168947	13.318535566329956
0.36887345144651407	0.6796038138682108	13.348535537719727
0.3688705654124036	0.6802339905564982	13.378535509109497
0.36969703232717416	0.6824139545690618	13.418535470962524
0.370876159502483	0.6841652096469502	13.448535442352295
0.37201306006890456	0.6847320510833302	13.478535413742065
0.3718300811282277	0.6858548571821026	13.518535375595093
0.4345941169696996	0.6775734844582617	13.548535346984863
0.44134504553091525	0.6827016587121573	13.578535556793213
0.4435312749909085	0.6824310931589129	13.61853551864624
0.44419350674850216	0.6851455098350395	13.64853549003601
0.4445749318762146	0.6850809342884889	13.678535461425781
0.44452277386323835	0.684736825041853	13.718535423278809
0.4450420658896044	0.6857893018473354	13.748535394668579
0.44431316288262473	0.6851589216035286	13.77853536605835
0.46830334552531794	0.684779779154413	13.818535566329956
0.47302047129629543	0.6862892745922505	13.848535537719727
0.472524485751364	0.685165356283405	13.878535509109497
0.47048538306842597	0.6842181481419477	13.918535470962524
0.06912678124925854	0.6526974115181148	13.978535413742065
0.07025144673242194	0.6569486871778872	14.018535375595093
0.07253206400016994	0.663191934754778	14.048535346984863
0.07357822810895222	0.6653044493021953	14.078535556793213
0.07395667215834734	0.6689575358024327	14.11853551864624
0.07356550982472294	0.668133635242823	14.14853549003601
0.07433331793025157	0.6692857214978751	14.178535461425781
0.07462679738719645	0.6702435937052283	14.218535423278809
0.07503369206784391	0.6708650703867605	14.248535394668579
0.0759938065093613	0.6692980986250183	14.27853536605835
0.0760576676779618	0.6368846718290142	14.318535566329956
0.07608615905565169	0.6304566097634157	14.348535537719727
0.0768576172407628	0.6300938905829112	14.378535509109497
0.07779149210715526	0.6305956110124884	14.418535470962524
0.0776696590530388	0.6321188399498351	14.448535442352295
0.07713442655477229	0.631537449905228	14.478535413742065
0.07774982959189464	0.6333727310528431	14.518535375595093
0.07862656271869599	0.633262097038753	14.548535346984863
0.07957165151670963	0.6323761010596137	14.578535556793213
0.10879195011848766	0.6285623844689265	14.61853551864624
0.12145900344365979	0.6264040278719908	14.64853549003601
0.12289726702429535	0.6272881136119189	14.678535461425781
0.12307434114795662	0.6295070925889578	14.718535423278809
0.12468386607916881	0.632097938543267	14.748535394668579
0.12442964285572031	0.6314424391736588	14.77853536605835
0.12509623611064424	0.6358797277191587	14.818535566329956
0.12536910210120875	0.6352096458180293	14.848535537719727
0.12532160266393647	0.634994751000666	14.878535509109497
0.12605677546388283	0.6359309539295878	14.918535470962524
0.12651871657002664	0.6371681248559444	14.948535442352295
0.1262414126321369	0.635203648024379	14.978535413742065
0.14859878057781425	0.6274240456903697	15.018535375595093
0.154469662580547	0.6257895582877788	15.048535346984863
0.1548695303835488	0.6234810349770017	15.078535556793213
0.15470612087861685	0.6236838734825031	15.11853551864624
0.15474470574522248	0.6246804211574916	15.14853549003601
0.15459703853591816	0.6262754346464248	15.178535461425781
0.15445738964160838	0.6259327923583928	15.218535423278809
0.15938090803883942	0.6296766350166965	15.248535394668579
0.20030253851377672	0.6283484858813454	15.27853536605835
0.2017747805803998	0.6281550519435083	15.318535566329956
0.20171775024450445	0.6307911459714499	15.348535537719727
0.2004432021680199	0.6347546079978093	15.378535509109497
0.18794334374828423	0.6497780036370887	15.418535470962524
0.1429158240260672	0.6298592815227004	15.448535442352295
0.15324437362239726	0.6338680128354232	15.518535375595093
0.1269073179463059	0.5860985014459772	15.548535346984863
0.18346885770808058	0.651940421889183	15.578535556793213
0.18727265656823822	0.6517760545782559	15.61853551864624
0.19006720406222527	0.6451526272399098	15.64853549003601
0.19206348125605038	0.6404342104571678	15.678535461425781
0.19383376446033665	0.635996402414103	15.718535423278809
0.1958631454431478	0.6331473084144186	15.748535394668579
0.23904773128679263	0.6236943286413458	15.77853536605835
0.2581286916129034	0.6202689408666878	15.818535566329956
0.2588472212664246	0.6225298308760548	15.848535537719727
0.25898297064793774	0.6207444289968486	15.878535509109497
0.2578034935799576	0.6210036370358798	15.918535470962524
0.2595655385725382	0.6229509864406363	15.948535442352295
0.26029404633388287	0.6235273438558196	15.978535413742065
0.2612084900986337	0.6230865808689048	16.018535375595093
0.2659632471753447	0.6242694917073585	16.048535346984863
0.30443584030327714	0.6177975636645063	16.078535556793213
0.30734390284085455	0.6196678768466725	16.11853551864624
0.306551014663474	0.6192072744924226	16.14853549003601
0.3070361349212841	0.618642201016153	16.17853546142578
0.3070813347726916	0.6196485238983069	16.21853542327881
0.3063918608248614	0.6188516547723985	16.24853539466858
0.3080948685580235	0.6170598322944826	16.27853536605835
0.314093024724464	0.6206054450543995	16.318535566329956
0.354169875006379	0.6192052562652202	16.348535537719727
0.35755305359884076	0.6182375075290679	16.378535509109497
0.3578269835904705	0.6192588900443045	16.418535470962524
0.3582600915568235	0.6189393599797264	16.448535442352295
0.3589195384521771	0.6190531160205361	16.478535413742065
0.3582154327064036	0.6204295131392176	16.518535375595093
0.3567575156261527	0.6200981765042087	16.548535346984863
0.3585434203363072	0.6209212759677841	16.578535556793213
0.35648520073658296	0.6212745463513245	16.61853551864624
0.3554724805246777	0.6210086807361004	16.64853549003601
0.33497801410756384	0.615460766023666	16.67853546142578
0.2932143735282355	0.6181688357148946	16.71853542327881
0.294502450866934	0.6174201716261007	16.74853539466858
0.29461781436049084	0.6170316629836133	16.77853536605835
0.2947513543352748	0.6151608566175415	16.818535566329956
0.2956354549173042	0.6162947416153355	16.848535537719727
0.2951883286826849	0.6167560669397855	16.878535509109497
0.299091859022427	0.617116560062703	16.918535470962524
0.4037453918216093	0.6157228329634046	16.948535442352295
0.40986078629904393	0.6190707573635154	16.978535413742065
0.4101739732739763	0.6209250750410782	17.018535375595093
0.40945741267343777	0.6192822852307215	17.048535346984863
0.4103673932091352	0.6183735625429594	17.078535556793213
0.41054851338389153	0.6191640394204396	17.11853551864624
0.41046412671505356	0.6189832345201476	17.14853549003601
0.4094145770492734	0.6197393337105613	17.17853546142578
0.4102369692719731	0.6206872448906856	17.21853542327881
0.4114463227499981	0.6218068272453783	17.24853539466858
0.4114088842854775	0.622240534542839	17.27853536605835
0.39582336270569496	0.6238042952263166	17.318535566329956
0.39283518518217336	0.6240597117382904	17.348535537719727
0.39125368172892083	0.6231410193040113	17.378535509109497
0.39027817386454927	0.6252172756967571	17.418535470962524
0.38894931623325146	0.6243731188098115	17.448535442352295
0.3892466595420569	0.6225641128745656	17.478535413742065
0.38925663983505365	0.6215458498654781	17.518535375595093
0.38970079780770445	0.6243674623520684	17.548535346984863
0.3895982290076051	0.6233431861901039	17.578535556793213
0.38916354974361184	0.6218247102296651	17.61853551864624
0.4143718265928736	0.6184371236437519	17.64853549003601
0.43996156992829694	0.619704988127927	17.67853546142578
0.4415329732256091	0.6203595356081387	17.71853542327881
0.44148378476511485	0.6215953348280949	17.74853539466858
0.4418642177106785	0.6223352306261005	17.77853536605835
0.44261833416254315	0.6216145590251926	17.818535566329956
0.44327762155127315	0.6204067837762163	17.848535537719727
0.4565311378211798	0.6175485440858745	17.878535509109497
0.47142481867159375	0.6226803289186712	17.918535470962524
0.4719694344481009	0.6242438963711476	17.948535442352295
0.4713558656791684	0.6223756348377186	17.978535413742065
0.47073672477634293	0.6213071861523257	18.018535375595093
0.47090583865976837	0.6186503990399524	18.048535346984863
0.47076069831596934	0.6190372156797016	18.078535556793213
0.4706971397528515	0.6208358499646548	18.11853551864624
0.4703284753375714	0.6209265773040755	18.14853549003601
0.4713414501565775	0.6189552481938425	18.17853546142578
0.470426655269074	0.6209467532331722	18.21853542327881
0.4702688381353104	0.6217464846245379	18.24853539466858
0.4967975002083825	0.6252819468566271	18.27853536605835
0.5015078961327195	0.6299157187863924	18.318535566329956
0.5007187745222926	0.6303624398938362	18.348535537719727
0.49675501558988694	0.6270365609775691	18.378535509109497
0.10001515956873522	0.5738538103359958	18.448535442352295
0.10280806955443653	0.5777519348177526	18.478535413742065
0.10488036818713474	0.5822971744967027	18.518535375595093
0.10497762377346942	0.5844167005624779	18.548535346984863
0.10579069449867186	0.5896203483365058	18.578535556793213
0.09573244831951885	0.5932245871607528	18.61853551864624
0.08518954664827515	0.6025456718213338	18.64853549003601
0.08581020279486772	0.6038424132043855	18.67853546142578
0.08733500209778232	0.603172433510819	18.71853542327881
0.08821009915704427	0.6034595012089758	18.74853539466858
0.08676662402435371	0.6033361879326923	18.77853536605835
0.0820474200065838	0.6046573901188391	18.818535566329956
0.0804563528587037	0.606181558850666	18.848535537719727
0.07955329405978868	0.6047856663455798	18.878535509109497
0.08245799909696425	0.605884869868147	18.918535470962524
0.21603067214068017	0.5610946417328143	18.948535442352295
0.22453333500957087	0.5652287682546143	18.978535413742065
0.22691849060243421	0.5702020276908786	19.018535375595093
0.2270331261073224	0.5698247768197265	19.048535346984863
0.22779544824122058	0.571095582770036	19.078535556793213
0.22842695214488704	0.5730474303755939	19.11853551864624
0.22951836508315077	0.5743342524440694	19.14853549003601
0.21174338096521245	0.570291735910309	19.17853546142578
0.18333393229907727	0.5762051358869072	19.21853542327881
0.18462504492446377	0.5782975144441205	19.24853539466858
0.18604930888246066	0.5778314368073266	19.27853536605835
0.18643354358078806	0.5788672715972216	19.318535566329956
0.18729767367490596	0.5790779646159561	19.348535537719727
0.18786248036787148	0.5776585747158679	19.378535509109497
0.18794727536828548	0.5804311311060566	19.418535470962524
0.1749725243685105	0.583726015224031	19.448535442352295
0.1724341297283639	0.588124907155169	19.478535413742065
0.17131956066949075	0.5879507924477299	19.518535375595093
0.17239616717147163	0.5881286642796796	19.548535346984863
0.17217401783930975	0.5894355335273955	19.578535556793213
0.1726389929093882	0.5873947044578978	19.61853551864624
0.17764192725407257	0.5917944760127046	19.64853549003601
0.3582077776584692	0.5612663917466656	19.67853546142578
0.3664154501259313	0.5672988120352941	19.71853542327881
0.3688559918269783	0.5692157289541141	19.74853539466858
0.3683070344080281	0.5701653521248707	19.77853536605835
0.3701095591413944	0.5687530124637964	19.818535566329956
0.3721160104204236	0.572496229221176	19.848535537719727
0.37150818712903205	0.574403860408232	19.878535509109497
0.3763892608091549	0.5743440803265419	19.918535470962524
0.42091672348920994	0.5719238656578682	19.948535442352295
0.42377765318321253	0.5751678752434406	19.978535413742065
0.42257480838606715	0.5788543298060163	20.018535375595093
0.4022558406509391	0.5935512339977923	20.048535346984863
0.36421561552368636	0.6062310238291361	20.348535537719727
0.3681058147983144	0.6106719473951973	20.418535470962524
0.3702828938335977	0.6065572129070752	20.448535442352295
0.3706242540706663	0.60490106956753	20.488535404205322
0.37128394015192706	0.6027321381090334	20.518535375595093
0.3756099559751277	0.6007057300401845	20.548535346984863
0.4384762867445021	0.5944197022913823	20.578535556793213
0.4435897611448368	0.594123089922322	20.61853551864624
0.44425899114179523	0.5962915992897665	20.64853549003601
0.4446138239636264	0.595069367369528	20.688535451889038
0.4455519712619966	0.596246893029004	20.71853542327881
0.44445712336643967	0.5941652313606508	20.74853539466858
0.44707009153379523	0.595675015325108	20.788535356521606
0.4487374226212783	0.5944900630954296	20.818535566329956
0.46916420139728593	0.5836701766635738	20.848535537719727
0.49834057303300344	0.577488725385062	20.888535499572754
0.5004391825952078	0.5831289982565534	20.918535470962524
0.49886942167050713	0.5816343363584914	20.948535442352295
0.4968023136084787	0.5816746190330914	20.988535404205322
0.4960966775500255	0.5803607864835462	21.018535375595093
0.4691630199461196	0.5633268896679571	21.048535346984863
0.06640762137211761	0.5245229759878285	21.11853551864624
0.07039180914941362	0.5291422930950938	21.14853549003601
0.07308996225407159	0.5333421263785132	21.188535451889038
0.07421676865854698	0.5363548389724206	21.21853542327881
0.07432824542624997	0.5376198683424761	21.24853539466858
0.07431070788063335	0.5385031934331462	21.288535356521606
0.07656417748956615	0.5423102694627985	21.318535566329956
0.1094284219327242	0.5555542813384594	21.348535537719727
0.11257984292401378	0.5579644204865378	21.388535499572754
0.11300627141581267	0.5577691960630266	21.418535470962524
0.11284901868831577	0.5566003732488214	21.448535442352295
0.11312625952100838	0.5575157403694586	21.488535404205322
0.11330960472519552	0.5581562635399011	21.518535375595093
0.11412947583863076	0.5596997167069848	21.548535346984863
0.11357163849639056	0.5606071605951458	21.58853554725647
0.11659320749121967	0.5593332628634534	21.61853551864624
0.1559841082980285	0.5462793504857254	21.64853549003601
0.16100692108454343	0.5452701731682587	21.688535451889038
0.160227953552917	0.5434904557280404	21.71853542327881
0.16027786129581487	0.5429571061211351	21.74853539466858
0.1596686679522149	0.5432885230200156	21.788535356521606
0.1596869690125826	0.5429462945469832	21.818535566329956
0.15949814808221108	0.5423311703025436	21.848535537719727
0.15569083806655304	0.5423094250562149	21.888535499572754
0.14224692349478743	0.5439144126537803	21.918535470962524
0.14325677152351043	0.5437962351845663	21.948535442352295
0.1426600853094474	0.544213561655166	21.988535404205322
0.14262704259649667	0.547159291457607	22.018535375595093
0.13751418191879658	0.544651359493998	22.048535346984863
0.08288022721113417	0.556497795923638	22.08853554725647
0.08272366031758561	0.5555470372753488	22.11853551864624
0.08310481844116799	0.5563116903289121	22.14853549003601
0.08310255308522103	0.5592512118453768	22.188535451889038
0.08382783608359734	0.5587340190289956	22.21853542327881
0.08316545066954133	0.55847614750631	22.24853539466858
0.0842939249385135	0.5593764692233775	22.288535356521606
0.08480534455847988	0.5600291135572204	22.318535566329956
0.30346329098191316	0.5166313935667581	22.388535499572754
0.3071027496625136	0.5191779212775606	22.418535470962524
0.308123746045604	0.5243454211962819	22.448535442352295
0.30888956084616814	0.5236338513306392	22.488535404205322
0.31022996306767153	0.5258041004180387	22.518535375595093
0.31163718370585713	0.5273490281771628	22.548535346984863
0.31204743558062004	0.5293411165870092	22.58853554725647
0.3127017933211346	0.5293519219211917	22.61853551864624
0.31358127308367495	0.5306678007803953	22.64853549003601
0.3138124137765503	0.5305555907532409	22.688535451889038
0.31412210552279024	0.5326972751736315	22.71853542327881
0.3166398537679879	0.5340926571454024	22.74853539466858
0.3400609276885877	0.5312346085651323	22.788535356521606
0.3429691017144601	0.5316437487875862	22.818535566329956
0.34370344946963566	0.5329414884557472	22.848535537719727
0.34312024662280033	0.5338488876948768	22.888535499572754
0.3478471777310448	0.5359438906796582	22.918535470962524
0.40330970244896985	0.5351377635710006	22.948535442352295
0.4053411730820658	0.5349153612275209	22.988535404205322
0.40679745578510557	0.5390043284564024	23.018535375595093
0.40543505789072104	0.5386094226698297	23.048535346984863
0.40702395008301145	0.5394502196562749	23.08853554725647
0.4068380571677694	0.5401966622143665	23.11853551864624
0.407850129296625	0.5371180763055527	23.14853549003601
0.4083411005030027	0.5376450140457629	23.188535451889038
0.4103197094231079	0.5377167495427263	23.21853542327881
0.409461727823687	0.5381500972712021	23.24853539466858
0.40851431727647564	0.53704001993744	23.288535356521606
0.4084201847142771	0.5362468547564657	23.318535566329956
0.40777403715673194	0.5360336479541796	23.348535537719727
0.40727527861243773	0.5361511437140819	23.388535499572754
0.4137326974211267	0.5364746458758932	23.418535470962524
0.45388678905770874	0.5461837139448706	23.448535442352295
0.45680024845600853	0.5482891508568299	23.488535404205322
0.45618854905930906	0.548657222753491	23.518535375595093
0.45242371876896775	0.54849283302167	23.548535346984863
0.10686045490106719	0.4889228711395828	23.64853549003601
0.10868867785000687	0.49184559295783625	23.688535451889038
0.10789824543557881	0.4961511030953666	23.71853542327881
0.10819775633063326	0.49265825351676407	23.74853539466858
0.10751372901560044	0.4949036994248403	23.788535356521606
0.10730246300360193	0.4971751608084072	23.818535566329956
0.07575510742499086	0.5049214021995608	23.848535537719727
0.07227848043192285	0.5076012217895649	23.888535499572754
0.07375981379303245	0.5104065062887658	23.918535470962524
0.07439793185170548	0.5106777545699773	23.948535442352295
0.07458182533404482	0.5099475995809948	23.988535404205322
0.07539986179209615	0.5102802195399806	24.018535375595093
0.07670404945698212	0.5115368823251247	24.048535346984863
0.2284690668262957	0.5160076073355752	24.11853551864624
0.2287943870333211	0.5172696060506096	24.14853549003601
0.22795839203980606	0.5200604332948057	24.188535451889038
0.2282554838178861	0.520000060648829	24.21853542327881
0.2277823274139018	0.5218919696618728	24.24853539466858
0.2231505151942828	0.5231147663133839	24.288535356521606
0.20270389428209715	0.5373633028467489	24.318535566329956
0.20397373935745106	0.5387206903693535	24.348535537719727
0.20368883038403884	0.5376873194114842	24.388535499572754
0.20399050996982604	0.5388218555235507	24.418535470962524
0.20472305681984446	0.5394059367066268	24.448535442352295
0.2029173860047717	0.5397298649527023	24.488535404205322
0.06222437109727776	0.5508200185183288	24.548535346984863
0.06440133963975822	0.5551235966762538	24.58853554725647
0.06584669719486386	0.5584828728889344	24.61853551864624
0.06524260891022053	0.5566428159024187	24.64853549003601
0.06489691376158285	0.5584487959459112	24.688535451889038
0.06507882746446836	0.5605507382620487	24.71853542327881
0.06562216797811615	0.5626848066261001	24.74853539466858
0.08664843580305256	0.497659364963982	24.788535356521606
0.09699808688665539	0.4672465574818447	24.818535566329956
0.09750400079218356	0.4714788684690019	24.848535537719727
0.09585539994529678	0.47126228749204174	24.888535499572754
0.18031447989907481	0.4720108435766503	24.948535442352295
0.18062509275399036	0.472115522088928	24.988535404205322
0.1805103919122032	0.4713543524021394	25.018535375595093
0.1799101656669504	0.47285597049569383	25.048535346984863
0.18076566859921922	0.4719348014003694	25.08853554725647
0.18116204581969853	0.4732387076998152	25.11853551864624
0.18441005806583027	0.4786079603860375	25.14853549003601
0.1870138047855911	0.49100727231627617	25.188535451889038
0.18849446108182566	0.49868085556830166	25.21853542327881
0.18880212685807873	0.49792987625776997	25.24853539466858
0.1903103571907051	0.49825514267615034	25.288535356521606
0.19115430856430468	0.4982791552196391	25.318535566329956
0.19200831789945164	0.497406087024043	25.348535537719727
0.19201057621679474	0.49772293687207564	25.388535499572754
0.19247812321734875	0.5017933422254411	25.418535470962524
0.1910135009902683	0.5029571825116794	25.448535442352295
0.21113982382034013	0.5098670860677085	25.488535404205322
0.2687202069178313	0.515179698800113	25.518535375595093
0.29162274813726	0.5109359150488272	25.548535346984863
0.30057797267995073	0.5064627904542144	25.58853554725647
0.3028274417514955	0.5063742600933471	25.61853551864624
0.3040810086614522	0.5054073838277705	25.64853549003601
0.3049389655440451	0.5040245343972668	25.688535451889038
0.30630138474499347	0.5023743624647333	25.71853542327881
0.3060169089016797	0.5021622382708214	25.74853539466858
0.30042212931195306	0.502615142268635	25.788535356521606
0.2886736489291415	0.5061007986307088	25.818535566329956
0.28850543979722665	0.5078514089031261	25.848535537719727
0.288091374796677	0.5088917599995929	25.888535499572754
0.2898129537314548	0.5071923881088956	25.918535470962524
0.2903199075425556	0.5089242951669966	25.948535442352295
0.28393368288810594	0.5171173249403656	25.988535404205322
0.2695273290085564	0.4040507216562152	26.14853549003601
0.3204771095070697	0.5116713978504163	26.21853542327881
0.32214780522181785	0.5126126844959558	26.24853539466858
0.3230714574067935	0.5130775931092934	26.288535356521606
0.3248565465613466	0.5145813617038255	26.318535566329956
0.32624279536987194	0.5147744034977668	26.348535537719727
0.3267337709749462	0.5136146531455668	26.388535499572754
0.32565732259506913	0.5139232540490734	26.418535470962524
0.3262926277017157	0.5136241590988777	26.448535442352295
0.3264222600973994	0.5132164499624343	26.488535404205322
0.329649099865422	0.5124691861016553	26.518535375595093
0.37088608162169795	0.512586800819607	26.548535346984863
0.3728378903794694	0.5118753239256174	26.58853554725647
0.37327416700385824	0.5127254682246667	26.61853551864624
0.3745012854605369	0.5118975073897046	26.64853549003601
0.37569491212630607	0.5112156847644953	26.688535451889038
0.37692320499922266	0.5111653535403692	26.71853542327881
0.3777701005076443	0.5113920886226554	26.74853539466858
0.3775278905407168	0.5113785810838234	26.788535356521606
0.3785949635446476	0.5116219662348983	26.818535566329956
0.3831958089268847	0.5122321740435375	26.848535537719727
0.4259204326309508	0.5168099744750725	26.888535499572754
0.4287763567822304	0.5204503160621664	26.918535470962524
0.42891333518165065	0.5204920951288232	26.948535442352295
0.42916248911917315	0.5214151600353292	26.988535404205322
0.42896331138144145	0.5209503512669321	27.018535375595093
0.4481986328146751	0.5190155199387813	27.048535346984863
0.46499273234606897	0.5199926886521762	27.08853554725647
0.46619332161428	0.5197518158176594	27.11853551864624
0.46462152666435863	0.5189905526591642	27.14853549003601
0.46240930290781795	0.5173886551272098	27.188535451889038
0.46249099949487255	0.5180010212035074	27.21853542327881
0.4612906733056864	0.5189778296684094	27.24853539466858
0.4612714606631826	0.5175594022605526	27.288535356521606
0.46076556673139557	0.5172306173719676	27.318535566329956
0.25147694872719756	0.5044304426305706	27.388535499572754
0.25269306470474767	0.5060783234157088	27.418535470962524
0.2537046344065807	0.5062746706125681	27.448535442352295
0.25500861835550426	0.5063542817877882	27.488535404205322
0.2540444434703799	0.5061197019215896	27.518535375595093
0.2528037582107572	0.5048567543519172	27.548535346984863
0.25091501303286573	0.5038073906078602	27.58853554725647
0.2030514407400666	0.5009523231688231	27.61853551864624
0.20006934958375586	0.5007908033872269	27.64853549003601
0.1991328664539	0.499931928411101	27.688535451889038
0.19975895508546496	0.5016183280224701	27.71853542327881
0.20037034071798	0.5026902211030637	27.74853539466858
0.20090816280616453	0.5007506522380966	27.788535356521606
0.20074501339829873	0.5014297394999997	27.818535566329956
0.1943015206325193	0.5006289056977317	27.848535537719727
0.18885551237656623	0.5016295463241359	27.888535499572754
0.18718259406039164	0.5040463527474593	27.918535470962524
0.18728437455925545	0.5042869195362696	27.948535442352295
0.1872782888458513	0.5037704823329032	27.988535404205322
0.18722516835357678	0.5039627483149269	28.018535375595093
0.19146899889561217	0.5037591076866182	28.048535346984863
0.48577525217380696	0.46386451715501836	28.11853551864624
0.48758614183390603	0.4689685006486907	28.14853549003601
0.48704277084873016	0.47230301958802084	28.188535451889038
0.4880593125094506	0.4739814035264259	28.21853542327881
0.4904536548631173	0.4770382608848386	28.24853539466858
0.4923053035489453	0.47820336343206266	28.288535356521606
0.49466913131814527	0.47894277664062246	28.318535566329956
0.48514277969652775	0.49233366933991607	28.348535537719727
0.4866833572222079	0.4986376034427228	28.388535499572754
0.4869744036380398	0.49843057274831004	28.418535470962524
0.4889026316088311	0.4990659982745642	28.448535442352295
0.48478328380390473	0.49973268843848345	28.488535404205322
0.08348738505167512	0.4633923213402988	28.548535346984863
0.08524133809745973	0.46654968208293773	28.58853554725647
0.0874187069799225	0.47222913208220463	28.61853551864624
0.0875067065759754	0.475989473495366	28.64853549003601
0.08788515099071688	0.4777894589742728	28.688535451889038
0.08794057962645647	0.47959482589833025	28.71853542327881
0.08845453223905637	0.4817717754813903	28.74853539466858
0.08436213787720527	0.4817242110347408	28.788535356521606
0.08080965529777075	0.4832332338764242	28.818535566329956
0.0810452253614713	0.48392187021433264	28.848535537719727
0.08205948964171428	0.4852132116117594	28.888535499572754
0.08216684533583724	0.4835912727850881	28.918535470962524
0.07877139391896926	0.4846883452759643	28.948535442352295
0.06837341817321517	0.4915685050527732	28.988535404205322
0.06883742697554239	0.49380640649535135	29.018535375595093
0.0696944537335526	0.4959622930431883	29.048535346984863
0.4888721013162819	0.47573258012882835	29.14853549003601
0.49037613873223623	0.47946896826451146	29.188535451889038
0.4898367972663988	0.485193442344549	29.21853542327881
0.4919679854466574	0.48950392668397935	29.24853539466858
0.4935079765573762	0.4925153117686153	29.288535356521606
0.49412641131511875	0.4940424612296586	29.318535566329956
0.49736653327736813	0.4952141574760454	29.348535537719727
0.511973359687317	0.49905298637211415	29.388535499572754
0.5173740774882795	0.49985171688783575	29.418535470962524
0.5176285074846882	0.5026240706924776	29.448535442352295
0.5180942171335988	0.49985117603864626	29.488535404205322
0.5198518775180933	0.5034150706280156	29.518535375595093
0.5180916529962908	0.5039457550600599	29.548535346984863
0.1073012868363922	0.4516621945412995	29.61853551864624
0.11141109372967756	0.47004471590737107	29.64853549003601
0.11271268650683479	0.4728756860085899	29.688535451889038
0.11257921199238764	0.47624630894439696	29.71853542327881
0.11129292325519545	0.48027753006056795	29.74853539466858
0.0893656475961321	0.4804347180523598	29.788535356521606
0.07087273417089056	0.48568732572074974	29.818535566329956
0.07215802057928554	0.4869713563743364	29.848535537719727
0.07328640883600239	0.4885799560158246	29.888535499572754
0.07321855452095798	0.4874703608022012	29.918535470962524
0.07384485501900337	0.48760799240782654	29.948535442352295
0.07364860059440105	0.4880202921211693	29.988535404205322
0.07484268664634668	0.488285067732814	30.018535375595093
0.10184289749611468	0.4789714679317257	30.048535346984863
0.12326127998534107	0.4771461832257451	30.078535556793213
0.12459640589966982	0.48065332390679805	30.11853551864624
0.12419079504754044	0.47958731077946903	30.14853549003601
0.12420378843139437	0.48107136278850066	30.188535451889038
0.12391455735844202	0.4817144340167215	30.21853542327881
0.12464617780745749	0.48244327717033614	30.24853539466858
0.12482954144380441	0.48385058949471976	30.288535356521606
0.12345801108924329	0.48343305702186096	30.318535566329956
0.11210567063759548	0.4859409234719635	30.348535537719727
0.11271676229196147	0.48698023712029725	30.388535499572754
0.11172326453267292	0.48466298681928377	30.418535470962524
0.1120888106752753	0.4855567753036145	30.448535442352295
0.09426781432686057	0.48349488847244904	30.488535404205322
0.08152178655205373	0.4841252582562343	30.518535375595093
0.07895645480229763	0.4875655900476934	30.548535346984863
0.07967995352360065	0.4869107746781999	30.578535556793213
0.08002669311117284	0.488374829222774	30.61853551864624
0.07972603764844698	0.4869034503366072	30.64853549003601
0.07959059230608966	0.4883286377629435	30.688535451889038
0.08141245776363636	0.4877700727358275	30.71853542327881
0.08189605508712526	0.4897968900588927	30.74853539466858
0.08501447445873858	0.4883314341969029	30.788535356521606
0.11605068259747994	0.48489451187237503	30.818535566329956
0.11957181208867627	0.48865977833451796	30.848535537719727
0.11914865848199271	0.48793985568195114	30.888535499572754
0.11839067361590888	0.4889156953477461	30.918535470962524
0.1178396597371756	0.48931535299994716	30.948535442352295
0.11751527548937604	0.4913221115075917	30.988535404205322
0.1177498945542613	0.4904414482466722	31.018535375595093
0.12181367174637793	0.49152294252776	31.048535346984863
0.1472802577564114	0.48300539472284326	31.078535556793213
0.14964115579307308	0.484857084653975	31.11853551864624
0.1493206329206433	0.48901537434166564	31.14853549003601
0.1481122777143271	0.48651716330763056	31.188535451889038
0.14790662720362455	0.4873708061728269	31.21853542327881
0.14810577607862865	0.48676187995769754	31.24853539466858
0.1527075940769423	0.4866898789125164	31.288535356521606
0.19281147716847954	0.47673248662826045	31.318535566329956
0.19361362970753673	0.4785534278164187	31.348535537719727
0.19400138946496837	0.4797044945716216	31.388535499572754
0.19441208872863575	0.47994168275938087	31.418535470962524
0.19464553363748366	0.477915117100245	31.448535442352295
0.19413987909542146	0.47726665329281404	31.488535404205322
0.19409503736338385	0.48140847566754985	31.518535375595093
0.19524554330804994	0.4818439504938929	31.548535346984863
0.1937656828894024	0.4852644004505726	31.578535556793213
0.18596357861318824	0.4958061875993549	31.61853551864624
0.319813544137777	0.3782619172372681	31.818535566329956
0.22494699802953133	0.4711401269599321	31.888535499572754
0.22792588269107045	0.47307277068744835	31.918535470962524
0.22920446108535336	0.47569750101744473	31.948535442352295
0.2302122822771222	0.4772260487514045	31.988535404205322
0.23498535984729618	0.47868016331131497	32.01853537559509
0.2691034287084427	0.48546797011562937	32.04853534698486
0.2714967052732139	0.48650025775901923	32.08853554725647
0.27120107412940037	0.48360201523610785	32.11853551864624
0.27088274735147294	0.48168434661313964	32.14853549003601
0.2729616050567305	0.48406180462514736	32.18853545188904
0.27278367021475314	0.48187448502307134	32.21853542327881
0.2738566741301135	0.48145608546310087	32.24853539466858
0.27440941015990916	0.48141934613330056	32.27853536605835
0.27559644382611564	0.48162133121629286	32.318535566329956
0.276701827526612	0.4849459170097261	32.34853553771973
0.286043393770258	0.4790953641677631	32.388535499572754
0.31406723023062166	0.48123754511028977	32.418535470962524
0.3141236151893563	0.4804228117684777	32.448535442352295
0.31370808828864394	0.4775440580938007	32.48853540420532
0.3157730215023127	0.4816058232990487	32.51853537559509
0.31601544969130313	0.4816306456540675	32.54853534698486
0.35996284435136794	0.4770610498799877	32.58853554725647
0.3736089917932523	0.4788197539877858	32.61853551864624
0.37472356712817534	0.4816295372659725	32.64853549003601
0.37537509270072006	0.4783132720718487	32.67853546142578
0.37592372052967854	0.4800467435468854	32.71853542327881
0.37616629033567894	0.4799109164246153	32.74853539466858
0.37767402121921706	0.48121164958014445	32.788535356521606
0.37670447483238756	0.4829228721400864	32.818535566329956
0.37737834085259864	0.48137135627571753	32.84853553771973
0.3758726602666749	0.48078056682690967	32.888535499572754
0.3760178650754039	0.4819279976535086	32.918535470962524
0.45065522810667386	0.4849692367773717	32.98853540420532
0.45075527646589847	0.4856492983643355	33.01853537559509
0.449628238811836	0.4859527205551987	33.04853534698486
0.4478242449971299	0.48479264572248315	33.08853554725647
0.10771345566218712	0.4431317870997083	33.14853549003601
0.1086566808167959	0.44433876467504685	33.18853545188904
0.10905715587880169	0.44885174110381826	33.21853542327881
0.10968045636488086	0.4498791077499543	33.24853539466858
0.1086486012002642	0.4500527654977418	33.27853536605835
0.08212638480741025	0.45790311528708144	33.318535566329956
0.08046673205571747	0.45938458997547305	33.34853553771973
0.07892544069852539	0.4601646996135965	33.388535499572754
0.08017314537968305	0.4608732097901574	33.418535470962524
0.07982319187045177	0.46124189228377566	33.448535442352295
0.08049152631608257	0.46130283939818156	33.48853540420532
0.08009876615090472	0.45987932756235955	33.51853537559509
0.08094889874594846	0.460609238987192	33.54853534698486
0.11139247278601112	0.45590796309627524	33.57853555679321
0.11560658254900534	0.4572973353124691	33.61853551864624
0.11746575203203379	0.4560919436652045	33.64853549003601
0.11730672485202914	0.45735354086448265	33.68853545188904
0.11808399115334693	0.4586380952330275	33.71853542327881
0.12008495335843149	0.4575127880336048	33.74853539466858
0.16103915821496617	0.4460558155626748	33.788535356521606
0.16447870983728288	0.44911063393678846	33.818535566329956
0.16486594852709785	0.44793128834894724	33.84853553771973
0.16490319155274122	0.4472552309780533	33.888535499572754
0.1654544924152015	0.44835882019587264	33.918535470962524
0.1647173537387079	0.4480321148152295	33.948535442352295
0.1654695090423509	0.4488811287861719	33.978535413742065
0.165605001650463	0.44780116610739323	34.01853537559509
0.1781982144346237	0.4467893880093738	34.04853534698486
0.21466337767323562	0.43750676782038134	34.08853554725647
0.21663427882617373	0.4387330508017778	34.11853551864624
0.21588746323690136	0.44045174467771714	34.14853549003601
0.21644505761904317	0.44011212921963816	34.18853545188904
0.21625747761609504	0.4405182871419794	34.21853542327881
0.22123644403645032	0.4406992531365623	34.24853539466858
0.2489490729677688	0.43418899648735787	34.288535356521606
0.2508361200444256	0.4335620383487836	34.318535566329956
0.25134043439430376	0.432069192519161	34.34853553771973
0.25078947069704866	0.43099604333321767	34.3785355091095
0.25111982573044594	0.43003734868859267	34.418535470962524
0.24894122556881337	0.4303699061361901	34.448535442352295
0.19969604725311493	0.43349976109845245	34.478535413742065
0.19702775286884144	0.43563709154613794	34.51853537559509
0.1966212706850814	0.4365621645929293	34.54853534698486
0.1963143454497653	0.4362593626212945	34.57853555679321
0.1964734149385775	0.4370930488514468	34.61853551864624
0.19666180961476978	0.43706036177921614	34.64853549003601
0.19673240269097977	0.4384360891376518	34.67853546142578
0.19726674900629051	0.437040518071545	34.71853542327881
0.19751510442491604	0.4358666288141732	34.74853539466858
0.19798523849903243	0.4376056069020271	34.788535356521606
0.19786387119677257	0.4372347096474721	34.818535566329956
0.19883584618294925	0.4403076173075494	34.84853553771973
0.1989297204171586	0.43891888102001264	34.8785355091095
0.2935073795694268	0.4050461381582107	34.918535470962524
0.30517490006759806	0.4213685244730845	34.948535442352295
0.30550298818078014	0.4238085881469111	34.98853540420532
0.3042124523516436	0.4238910609171828	35.01853537559509
0.3049033017591887	0.4247960801442294	35.04853534698486
0.30565891996607475	0.4256435288440051	35.07853555679321
0.30577011153632583	0.4267945953784399	35.11853551864624
0.3044696221306799	0.42651848055261665	35.14853549003601
0.30276355853503545	0.4270594050206231	35.18853545188904
0.30342636169296217	0.4256671087793405	35.21853542327881
0.3048180445276737	0.42666202900485034	35.24853539466858
0.3055166616411912	0.4283974020695213	35.288535356521606
0.30605795784703343	0.4254146883717338	35.318535566329956
0.3079892159677187	0.42705903415187174	35.34853553771973
0.3133633368614173	0.42946997935515097	35.388535499572754
0.3706853560278086	0.4324644152771435	35.418535470962524
0.37158835830935577	0.4329943990517721	35.448535442352295
0.37103993550741593	0.4339260277515389	35.48853540420532
0.37171288490254706	0.4350302230317959	35.51853537559509
0.3727171381358763	0.43552865801863055	35.54853534698486
0.3729809778474657	0.43472507460607246	35.57853555679321
0.37931759065429965	0.4354757736673659	35.61853551864624
0.41467151608345704	0.4348181227917328	35.64853549003601
0.4168786648802749	0.434501716157017	35.67853546142578
0.4170204326080781	0.43732219651250803	35.71853542327881
0.4164941175646114	0.43639606756888594	35.74853539466858
0.41651386462844225	0.43557008665957536	35.788535356521606
0.4367426743703647	0.43320798011761197	35.818535566329956
0.4643357011220674	0.44080273499831457	35.84853553771973
0.46559253610442164	0.4437230631975171	35.888535499572754
0.46598371418528817	0.44418782496534676	35.918535470962524
0.4659709201639852	0.4458396308554674	35.948535442352295
0.4647206909908284	0.4451503419341095	35.98853540420532
0.46605267303965736	0.44598956456816247	36.01853537559509
0.46566383452901844	0.4452088096317393	36.04853534698486
0.4631138801848715	0.44517162017565265	36.07853555679321
0.10163022146117427	0.4089461714462147	36.14853549003601
0.10128594520353801	0.4162471696754032	36.17853546142578
0.1024003584224025	0.4188099378901302	36.21853542327881
0.1030966893048658	0.4226124625207912	36.24853539466858
0.10276078453165861	0.42459923876095956	36.288535356521606
0.10294122907071916	0.42436201054532197	36.318535566329956
0.09405739065784027	0.42134388257111705	36.34853553771973
0.09410658715313994	0.41902213160273377	36.3785355091095
0.09360129160696139	0.4200305659354294	36.418535470962524
0.09320082171917168	0.4207839987231568	36.448535442352295
0.09399075071531995	0.4202472321026876	36.478535413742065
0.09527752122561137	0.4199788138253245	36.51853537559509
0.13897825490028723	0.4179736662317496	36.54853534698486
0.14541413494099723	0.4154253667710666	36.57853555679321
0.14637299648246746	0.41576992703590565	36.61853551864624
0.14672941883883886	0.4173599292802029	36.64853549003601
0.1462404228833365	0.417188263188599	36.67853546142578
0.1462716480628821	0.4171895265368879	36.71853542327881
0.146462756864612	0.4165565974625133	36.74853539466858
0.14775790792209692	0.41687963444013465	36.788535356521606
0.15253423993799117	0.4170864861436269	36.818535566329956
0.2300427031549558	0.39567038154765366	36.84853553771973
0.23339670798273748	0.3958349422445887	36.8785355091095
0.23437861071135194	0.3934035208293309	36.918535470962524
0.2351809594922475	0.3942108428706402	36.948535442352295
0.23343880841239725	0.39716971038459936	36.978535413742065
0.21855337106764053	0.42023481392777795	37.01853537559509
0.16172101037850642	0.6896537178954814	37.24853539466858
0.17870924067311422	0.8172668878837216	37.318535566329956
0.18475470572778327	0.8350464866504221	37.34853553771973
0.18698636884442182	0.8327027378113604	37.3785355091095
0.1905464008506756	0.8269851219214883	37.418535470962524
0.191696977483256	0.8202962962597253	37.448535442352295
0.19400966044868118	0.81577956960767	37.48853540420532
0.19466607213728934	0.8118654769031565	37.51853537559509
0.19492028256058208	0.8104463259128656	37.54853534698486
0.19479002051301073	0.8097419917306238	37.58853554725647
0.19617870069789745	0.8229505792947577	37.61853551864624
