COORDENADA X	 COORDENADA Y	 TEMPO
0.5431253998350736	0.6561511960788597	1.4959053993225098
0.4586219735647502	0.6474156230892134	1.6959054470062256
0.45958128391020514	0.648525423170052	1.8959054946899414
0.4821420075096581	0.6449320006647096	2.0959055423736572
0.48154715179040775	0.6405647410904918	2.295905590057373
0.5038946961987887	0.6393439498164635	2.4959053993225098
0.4530137173014359	0.6313483485231547	2.725905418395996
0.5325481961801306	0.6346394781139418	2.925905466079712
0.5256118835204477	0.6444360373685672	3.1259055137634277
0.515536213195931	0.6445710712819116	3.3259055614471436
0.5830517430598517	0.6532803220791099	3.5259053707122803
0.6224416687789185	0.6630450247547997	3.725905418395996
0.6673627140720229	0.6681021026761418	3.925905466079712
0.7236563801231914	0.6796138234665927	4.125905513763428
0.7554918943527683	0.6842097259907447	4.3259055614471436
0.8025079544081593	0.6896420375811596	4.52590537071228
0.7978407978659579	0.687203903752405	4.725905418395996
0.459596505024677	0.5891791004241733	4.99590539932251
0.4806848423407224	0.5956731075858255	5.195905447006226
0.5230029456388811	0.5982579570446408	5.395905494689941
0.5190085277586473	0.6038538290020835	5.595905542373657
0.5750802640545176	0.6087984472934043	5.795905590057373
0.6267852906519191	0.6141034288072669	5.99590539932251
0.694837843224959	0.6174976138299572	6.195905447006226
0.7387911495260345	0.6250019273323275	6.395905494689941
0.7900072341465058	0.6355415615088174	6.595905542373657
0.8252365957040438	0.6489339355346557	6.795905590057373
0.7408469141059055	0.6767509483240741	6.99590539932251
0.46108046845501827	0.5324496946933082	7.195905447006226
0.5221964823881865	0.5547890895649674	7.395905494689941
0.5666998153165438	0.5635807788150521	7.595905542373657
0.6343862640408172	0.5679267221470601	7.795905590057373
0.6298370254667661	0.5702490267158823	7.99590539932251
0.7071562540254904	0.5811050653190087	8.225905418395996
0.777836577424646	0.6011200918202371	8.425905466079712
0.7871449102526893	0.6039298687874078	8.625905513763428
0.511892896691132	0.6815664447465092	8.825905561447144
0.48380870231875744	0.49718164576334917	9.065905570983887
0.46647748619037643	0.5148844291622023	9.265905380249023
0.5463990909441439	0.520761064799191	9.46590542793274
0.5214762510526197	0.528590863475366	9.665905475616455
0.6033553544883999	0.5304535658283069	9.865905523300171
0.602027498300273	0.5348495188935796	10.065905570983887
0.64382860180733	0.537825406005512	10.265905380249023
0.7167295177351165	0.5405342348923011	10.46590542793274
0.5853910811102133	0.5303780740999099	10.665905475616455
0.7368385532968107	0.536865645245697	10.895905494689941
0.7534420600490144	0.5509697408105235	11.095905542373657
0.7755804923997983	0.5523159973915192	11.295905590057373
0.7954193109419282	0.5532818048653169	11.49590539932251
0.5060795380582713	0.4758405430873493	11.765905380249023
0.4585840072915027	0.47136794045183666	11.96590542793274
0.5020896637736266	0.47660629733435095	12.165905475616455
0.5431079712433009	0.48585496079794266	12.365905523300171
0.5323099918283958	0.48437622645237854	12.565905570983887
0.6038633485615637	0.49253921676996504	12.765905380249023
0.6595304094596018	0.4953798865403495	12.99590539932251
0.711480570074263	0.5040069345898052	13.195905447006226
0.7773694128223463	0.5121447796986359	13.395905494689941
0.7701615531808028	0.5192712532883906	13.595905542373657
0.855571623712629	0.532844880389777	13.795905590057373
0.8486190898338954	0.5375587037689217	13.99590539932251
0.8330475567841067	0.5296971743787816	14.195905447006226
0.7661207842340695	0.512959037895926	14.425905466079712
0.8777095331467373	0.5291895338451668	14.625905513763428
0.5100707802609357	0.44256158107793775	14.865905523300171
0.5112105743716661	0.43561768805446754	15.065905570983887
0.5053424746974619	0.43633593712783936	15.265905380249023
0.531588852735942	0.4411474797916072	15.46590542793274
0.5292293627765495	0.44112310569475766	15.665905475616455
0.592869574343522	0.44435333086655165	15.865905523300171
0.6727417163305616	0.44870720726643265	16.095905542373657
0.6995215651711157	0.4568811034994364	16.295905590057373
0.7379501631089438	0.4706337943259135	16.49590539932251
0.7340751835227118	0.47108930942933985	16.695905447006226
0.7716736680641691	0.47769769753328434	16.89590549468994
0.8409317158666019	0.4847590368951807	17.125905513763428
0.5026743153105532	0.4071195812397181	17.39590549468994
0.4595838137839606	0.39486057034238836	17.595905542373657
0.5130481124987775	0.40468189038776997	17.795905590057373
0.5552810913884484	0.4031583932073983	17.99590539932251
0.6114985557541285	0.4182518582070856	18.195905447006226
0.5887632384839322	0.41972011975527246	18.39590549468994
0.6754135861766952	0.4227085821221672	18.625905513763428
0.7130869089227132	0.42972621100129954	18.825905561447144
0.6673531936360776	0.4310346005953164	19.02590537071228
0.7081226680948612	0.42723272998195944	19.225905418395996
0.7070553346305856	0.42721067963974774	19.425905466079712
0.7106549720750358	0.4235917233993787	19.625905513763428
0.7906832372676078	0.43893497358543293	19.825905561447144
0.8364671559463731	0.4408447469370543	20.02590537071228
0.8371418545700126	0.44348390410576705	20.225905418395996
0.7820583644738013	0.42923405989689223	20.425905466079712
0.7455372160829228	0.420794022042417	20.625905513763428
0.7990403053722109	0.42246580893623187	20.825905561447144
0.7961132086402196	0.41789344581071625	21.02590537071228
0.8033266221794493	0.42013820863478757	21.225905418395996
0.8485036125382498	0.4247234266869765	21.425905466079712
0.8397994997945445	0.42299456572404887	21.625905513763428
0.8370870562549562	0.4237274064060127	21.825905561447144
0.8630214211811358	0.42439996582232387	22.02590537071228
0.8426489239226932	0.42790104308646737	22.285905361175537
0.8438477382311413	0.42873902953606036	22.46590542793274
0.8426552946338495	0.4306612804437639	22.665905475616455
0.8500870211891064	0.43102934638689994	22.86590552330017
0.8498356326158533	0.4315097809782751	23.065905570983887
0.8495408337123357	0.4341644004108442	23.265905380249023
0.8662634829482324	0.4373727564603651	23.46590542793274
0.5431271036870998	0.336990448014423	23.695905447006226
0.47431917017422026	0.3439056470464738	23.89590549468994
0.4621675871352814	0.3567755804580757	24.095905542373657
0.4773381273962133	0.37178948581124127	24.295905590057373
0.4611883248971716	0.3766264083521721	24.49590539932251
0.5397082618079321	0.38233163092959727	24.695905447006226
0.5918179419536732	0.3852177482800801	24.89590549468994
0.6222263735903047	0.3901012987152554	25.095905542373657
0.6856605581328603	0.39635364787481275	25.295905590057373
0.7356722104987128	0.4022798565138115	25.49590539932251
0.7685462016335287	0.4076450005392491	25.695905447006226
0.7676130747165635	0.40795687497992944	25.89590549468994
0.8250646081375318	0.416374911395233	26.095905542373657
0.8229635673218652	0.4158841699937557	26.295905590057373
0.4891654824050843	0.32018772103782167	26.52590537071228
0.46296291608537965	0.32154972985469493	26.725905418395996
0.5342169058399312	0.33177099584717074	26.925905466079712
0.5898663245730155	0.33476109613149835	27.125905513763428
0.6108354605125358	0.33820759848447585	27.325905561447144
0.6099137655359004	0.34237336562023485	27.52590537071228
0.5360170145756449	0.3238603734787164	27.725905418395996
0.5302572020638198	0.32922078566765745	27.925905466079712
0.558435173666374	0.3274269820833904	28.165905475616455
0.6724105733950212	0.3347636847820631	28.39590549468994
0.6618027836623797	0.34334540780398254	28.595905542373657
0.7129425531403495	0.34391608044361466	28.795905590057373
0.7684626473285334	0.3539511587115719	28.99590539932251
0.7604465579898875	0.36100153980871524	29.195905447006226
0.6807876965651167	0.35832082069710025	29.425905466079712
0.7326254240144925	0.35531131705135355	29.625905513763428
0.7734515456792801	0.36317042321561405	29.825905561447144
0.7789846096359834	0.36589172179274293	30.02590537071228
0.8240731956696452	0.3727123830319245	30.225905418395996
0.8653099149141504	0.37435044188771616	30.425905466079712
0.4832077552344774	0.2898570892767692	30.695905447006226
0.46189528820498243	0.2860748880892065	30.89590549468994
0.5049253681996722	0.2841391566140582	31.095905542373657
0.503601036648082	0.2874528649884789	31.295905590057373
0.5352797345955281	0.28125116279306367	31.49590539932251
0.5817008130239482	0.2866024456264007	31.695905447006226
0.5794359646096053	0.2920953788837121	31.89590549468994
0.6265379712762494	0.29484628684286557	32.09590554237366
0.6585197784574127	0.29575201120016714	32.29590559005737
0.6567512089892908	0.2978447866894608	32.49590539932251
0.6580606933389994	0.2966386179120577	32.695905447006226
0.6912594487230334	0.29781086467694057	32.89590549468994
0.6874500692738521	0.297746122861796	33.09590554237366
0.7625075099973496	0.3047705715471018	33.29590559005737
0.7147106164138266	0.30186328962618497	33.49590539932251
0.6549044526904781	0.2978519443455541	33.695905447006226
0.7634202735562211	0.3032322935396596	33.89590549468994
0.7622654530554515	0.30539041547684237	34.09590554237366
0.8208045338529697	0.31121190863901294	34.29590559005737
0.8412289041130757	0.31954352776536554	34.49590539932251
0.48871083208463983	0.24062394080268235	34.76590538024902
0.45765522765052313	0.2377060973426641	34.96590542793274
0.538430354169993	0.2388164535876774	35.165905475616455
0.5303664861400389	0.24519043279280126	35.36590552330017
0.7313572865156954	0.28887816526078935	35.59590554237366
0.6921287268707317	0.29474181031656643	35.79590559005737
0.6890144207960353	0.29697117197565137	35.99590539932251
0.6704808189638982	0.2959033033275741	36.195905447006226
0.6676406561854692	0.2977334331403358	36.39590549468994
0.6386009893978868	0.29599036537317047	36.59590554237366
0.6354594666433493	0.2980441328621635	36.79590559005737
0.5136243115535892	0.2624325645029478	37.02590537071228
0.4805989900095509	0.2462251982640491	37.225905418395996
0.4581389300306319	0.24249318478520504	37.42590546607971
0.5513690252795153	0.2703078884301066	37.725905418395996
0.558362978929351	0.25720810355788454	37.92590546607971
0.5916703998603062	0.24607167768909324	38.12590551376343
0.6378359387840681	0.2525849690126718	38.325905561447144
0.6933578207408931	0.25614326694384587	38.52590537071228
0.5697634069565992	0.24742561332049753	38.725905418395996
0.5368222887362972	0.24807533015374808	38.92590546607971
0.5365479500487129	0.24738612592890424	39.12590551376343
0.6516538670806686	0.25789606306802293	39.325905561447144
0.7154947677502463	0.2549995964104074	39.56590557098389
0.7798486008869441	0.2619536761229503	39.76590538024902
0.7704574317029474	0.2653464792031186	39.96590542793274
0.7973458969217435	0.2666735067813391	40.165905475616455
0.8349121997485407	0.27312089964616115	40.36590552330017
0.8326753592317762	0.2764716583211214	40.56590557098389
0.8405343119798888	0.26634460461524545	40.76590538024902
0.8406092562177319	0.2629493073476745	40.96590542793274
0.8522568587305857	0.26693300904923417	41.165905475616455
0.5653535762240497	0.4911604830832697	41.39590549468994
0.5179703816278243	0.5685742376296198	41.59590554237366
0.513076202700508	0.604468244868511	41.79590559005737
0.5449332623621327	0.592931542086485	41.99590539932251
0.5441643473696985	0.6081216669083236	42.195905447006226
