COORDENADA X	 COORDENADA Y	 TEMPO
0.3871531017073804	0.5893575296985368	0.8656940460205078
0.3810495065172301	0.596409027096918	0.8956940174102783
0.3810495065172301	0.596409027096918	0.9256939888000488
0.3810495065172301	0.596409027096918	0.9656939506530762
0.4550819020393283	0.7148422134218121	1.0656940937042236
0.44658991864665903	0.7145770180026979	1.0956940650939941
0.4444187518812324	0.7130477769832968	1.1256940364837646
0.4386749926892759	0.7097968954550782	1.165693998336792
0.4421093878656105	0.7241447287098947	1.1956939697265625
0.4391219661536725	0.7247783198478317	1.225693941116333
0.43588604623848737	0.7297796660667772	1.2656941413879395
0.4335103790366288	0.7332164852945624	1.29569411277771
0.43531188650564584	0.7282488181159372	1.3256940841674805
0.4342727168573294	0.728528684897027	1.3656940460205078
0.5097744964772789	0.7343257111148882	1.3956940174102783
0.5077432495021481	0.7271855425872444	1.4256939888000488
0.5085833411557916	0.7167835020366243	1.4656939506530762
0.49839453493797703	0.7132128389263562	1.4956941604614258
0.5034703610110295	0.7132368806858189	1.5256941318511963
0.508270416785379	0.7123532796481582	1.5656940937042236
0.5137829056201229	0.7114496817807776	1.5956940650939941
0.5191916871146403	0.7110025470368789	1.6256940364837646
0.515682146798751	0.7083889282381327	1.665693998336792
0.6444144237793149	0.8121630998106615	1.6956939697265625
0.6454563402591673	0.8106191864894728	1.725693941116333
0.6576632411253195	0.813015463791898	1.7656941413879395
0.6418590598844653	0.8016164338965667	1.79569411277771
0.5807184006386819	0.7057585311849822	1.8256940841674805
0.5814424545683219	0.7070193731592985	1.8656940460205078
0.5763731297856362	0.7114304067970868	1.8956940174102783
0.571946575573082	0.7084895085550661	1.9256939888000488
0.588246600081677	0.7019153171121477	1.9656939506530762
0.5947450158175286	0.7076607828422892	1.9956941604614258
0.5727706715044173	0.7052861999002188	2.0256941318511963
0.5691934974177605	0.7094758603019465	2.0656940937042236
0.5730739353611675	0.7089137077759897	2.095694065093994
0.6274180794628728	0.7463075325426289	2.1256940364837646
0.6251912932997344	0.721178605354017	2.165693998336792
0.6239232445625157	0.7103294910193085	2.1956939697265625
0.6325881080189164	0.7066778047127259	2.225693941116333
0.6325881080189164	0.7066778047127259	2.2656941413879395
0.6869053564639631	0.7121557109293589	2.29569411277771
0.682427189279203	0.712685440492177	2.3256940841674805
0.6815279922914095	0.7090186386299359	2.365694046020508
0.6857152066823738	0.701607216594135	2.3956940174102783
0.6857152066823738	0.701607216594135	2.425693988800049
0.6857152066823738	0.701607216594135	2.465693950653076
0.6857152066823738	0.701607216594135	2.495694160461426
0.6857152066823738	0.701607216594135	2.5256941318511963
0.6886129545645158	0.7200121909173682	2.5656940937042236
0.6870578213126921	0.7196346614694216	2.595694065093994
0.6852281907433264	0.7159840890269789	2.6256940364837646
0.686200932152486	0.7268614154887784	2.665693998336792
0.6855544871702265	0.7244938324812096	2.6956939697265625
0.7375355288011755	0.7280923375590221	2.725693941116333
0.7307184044619781	0.7245858418490126	2.7656941413879395
0.7290492188514434	0.7218309321785175	2.79569411277771
0.7270183060259278	0.7247489376361638	2.8256940841674805
0.7268234964222415	0.7212920825526813	2.865694046020508
0.727853774536297	0.7186233600983528	2.8956940174102783
0.7263706285420403	0.7174431252658615	2.925693988800049
0.7259388644586868	0.7155813343238182	2.965693950653076
0.7922908998139442	0.714152574522325	2.995694160461426
0.7896877506438172	0.7140591420583634	3.0256941318511963
0.7897146464433673	0.7129161926044433	3.0656940937042236
0.7894351290818327	0.7129474328756517	3.095694065093994
0.7892760800545673	0.712123203433644	3.1256940364837646
0.7892329914630876	0.7095236937761703	3.165693998336792
0.7886190337477837	0.7124722926875191	3.1956939697265625
0.8199150166021246	0.7179405105790656	3.225693941116333
0.8186172795537985	0.712933305939131	3.2656941413879395
0.8178334386822357	0.7208818821782891	3.29569411277771
0.8153219636214349	0.7294394323430924	3.3256940841674805
0.8153326087592877	0.7215433260677174	3.365694046020508
0.8145251149460836	0.7220655039474398	3.3956940174102783
0.81315522968003	0.7227354355868253	3.425693988800049
0.8126630703980632	0.7231904600814067	3.465693950653076
0.8143868221978283	0.7284106765067817	3.495694160461426
0.8431326928348327	0.7395339401329136	3.5256941318511963
0.8408953204412625	0.7373396545855312	3.5656940937042236
0.8390071501303937	0.7361866939356377	3.595694065093994
0.4791637026873965	0.660678571828083	3.665693998336792
0.47594065511029165	0.6638767522039989	3.6956939697265625
0.46819494293556546	0.667070331188883	3.725693941116333
0.4679902232021938	0.6700378891090187	3.7656941413879395
0.46194792020388376	0.6694752467452254	3.79569411277771
0.4629419096040205	0.6730468551143611	3.8256940841674805
0.46248523712816825	0.6744527754442708	3.865694046020508
0.4594744666676039	0.6687200115478691	3.8956940174102783
0.4560519060046616	0.662538672176946	3.925693988800049
0.4559201645238548	0.6606662749158108	3.965693950653076
0.45692046420272253	0.6570041952707049	3.995694160461426
0.45788829484939514	0.6570097816346283	4.025694131851196
0.4611603516582291	0.6571589945412298	4.065694093704224
0.5962084465446476	0.6521623447708067	4.095694065093994
0.5892066723748418	0.6514773975230617	4.125694036483765
0.5879309098544634	0.6537298001621092	4.165693998336792
0.5511749317837157	0.6608211652074636	4.1956939697265625
0.5506842442799305	0.6583524832382769	4.225693941116333
0.5493711292260259	0.6589042752171876	4.2656941413879395
0.5474629665324385	0.6593053450298767	4.29569411277771
0.5454796425888556	0.6625172232576628	4.3256940841674805
0.5438348953998613	0.6626877246156073	4.365694046020508
0.5463316380205869	0.6631865245648471	4.395694017410278
0.595007296533563	0.662576414093156	4.425693988800049
0.5937937725079365	0.6661086136673722	4.465693950653076
0.5923982318881325	0.6649777622447333	4.495694160461426
0.5925444018927865	0.6663602123533592	4.525694131851196
0.6311144334642623	0.6740911474412943	4.565694093704224
0.658635175041438	0.6706207464497203	4.595694065093994
0.6572450025910793	0.6693478468108512	4.625694036483765
0.6564521390104435	0.6722425926956802	4.665693998336792
0.6540563062718969	0.6720964618495157	4.6956939697265625
0.6322998877117345	0.6716406210148725	4.725693941116333
0.6328438121177198	0.6722600988879083	4.7656941413879395
0.6330467138467163	0.6738614190774638	4.79569411277771
0.6334076089370665	0.6735060623268487	4.8256940841674805
0.6971083623132931	0.6769066892672042	4.895694017410278
0.6967687249681429	0.677249334625113	4.925693988800049
0.6963507528503128	0.677952826986716	4.965693950653076
0.6955567468220946	0.6787991308215103	4.995694160461426
0.6962627998439909	0.6800900689322222	5.025694131851196
0.6929863771431101	0.6806322895134495	5.065694093704224
0.6652693446066777	0.6776441043079875	5.095694065093994
0.6673696636742216	0.6766602364917642	5.125694036483765
0.6667717111230997	0.6773518717265695	5.165693998336792
0.6675890819346875	0.6774865419488699	5.1956939697265625
0.6662708801062709	0.6769526735681627	5.225693941116333
0.7514528621629197	0.6857404678549904	5.2656941413879395
0.7492322355993744	0.6819405122196193	5.29569411277771
0.749433588292145	0.6816588061206873	5.3256940841674805
0.7483168114698702	0.6834396322482624	5.365694046020508
0.747644605482265	0.684148112662382	5.395694017410278
0.7467090942359407	0.6853852559723677	5.425693988800049
0.7455048990424243	0.6866070406641566	5.465693950653076
0.7437730216166051	0.6877087758080291	5.495694160461426
0.7424551613293102	0.6896327097260287	5.525694131851196
0.7207374325754284	0.6882232315720017	5.565694093704224
0.7199169863599	0.689480762983212	5.595694065093994
0.7197237642753537	0.6894561951941053	5.625694036483765
0.7189162470674841	0.6894005445493027	5.665693998336792
0.7180609771007522	0.6913543168214832	5.6956939697265625
0.7178995889395349	0.6908581670827891	5.725693941116333
0.7170746649176116	0.6896404663054192	5.7656941413879395
0.7165148940022827	0.6903600338684247	5.79569411277771
0.715532015798175	0.6905266180427979	5.8256940841674805
0.7297301874128621	0.6955719263938855	5.865694046020508
0.7548678321019702	0.691018943784521	5.905694007873535
0.7532753468793364	0.6899172834286642	5.925693988800049
0.752825483891251	0.6918017243393726	5.965693950653076
0.7530587679522417	0.6915616826575013	5.995694160461426
0.7528991937674984	0.6932118203273673	6.025694131851196
0.7563120100544535	0.6933923287487456	6.065694093704224
0.8204496906569763	0.7002039244533643	6.095694065093994
0.8180914277918062	0.7001914745789095	6.125694036483765
0.8160788061861303	0.7002020607333933	6.165693998336792
0.8155675419363476	0.7004555502072702	6.1956939697265625
0.8136937624311762	0.6987670695098368	6.225693941116333
0.8139396096071877	0.6967965460363452	6.2656941413879395
0.8126557721855844	0.6977646752084175	6.29569411277771
0.81018220805765	0.6994367515941292	6.3256940841674805
0.4716719647930525	0.6137870317983366	6.395694017410278
0.4703763525628935	0.6153812604734415	6.425693988800049
0.4679176104890727	0.6182860810168038	6.465693950653076
0.46545424514907585	0.619655576803634	6.495694160461426
0.46393115816280184	0.623125128274974	6.525694131851196
0.4537040878098256	0.6217939748081048	6.565694093704224
0.4256348764906075	0.6080926712188058	6.595694065093994
0.4256216098713951	0.6079844713612397	6.625694036483765
0.4241083951857097	0.6088324778904665	6.665693998336792
0.42428896816709133	0.6095624881885474	6.6956939697265625
0.4232326902322148	0.6099791238253682	6.725693941116333
0.42628482400321993	0.6074372208472906	6.7656941413879395
0.47923929479141814	0.6086846392725378	6.79569411277771
0.4760677162477499	0.6078461016530264	6.8256940841674805
0.47356457857704864	0.6084083516746936	6.865694046020508
0.47437486051407574	0.6074194654221526	6.895694017410278
0.47530459854986123	0.6059598136123964	6.925693988800049
0.4762898510180808	0.6048110608367825	6.965693950653076
0.5228468533873757	0.6051849639554076	6.995694160461426
0.520248636124046	0.6035447329617596	7.025694131851196
0.5189695047347337	0.6025366223736572	7.065694093704224
0.5188022779393152	0.6032232276624268	7.095694065093994
0.518284548747739	0.6025495934668365	7.125694036483765
0.5178703107828778	0.6020896616174046	7.165693998336792
0.5168663836871183	0.6017758428434693	7.1956939697265625
0.5159796878241616	0.6024418760516078	7.225693941116333
0.5143004906587494	0.6037805220781901	7.2656941413879395
0.5139300256810585	0.6031327618416923	7.29569411277771
0.5143509841166779	0.6022551272629437	7.3256940841674805
0.5417534124385088	0.6072135111392122	7.365694046020508
0.5408622379417605	0.6066104462249075	7.395694017410278
0.5409166094829092	0.6054125353585751	7.425693988800049
0.5407929745673496	0.6054689573928468	7.465693950653076
0.5458170731686952	0.6055874970032893	7.495694160461426
0.6084018391130295	0.6061353393020077	7.525694131851196
0.605554126663516	0.60788444764224	7.565694093704224
0.6054656161360219	0.6072638617139796	7.595694065093994
0.6044982001728215	0.6079592178531154	7.625694036483765
0.604318630318725	0.6081002541867494	7.665693998336792
0.6045308905079828	0.608170785577118	7.6956939697265625
0.6045174049113086	0.6090817471376638	7.725693941116333
0.6043211999778342	0.6081310678514379	7.7656941413879395
0.6049312246028784	0.6084163674168882	7.79569411277771
0.6049804017889591	0.6068055390258579	7.8256940841674805
0.6054325520007816	0.6061843878820788	7.865694046020508
0.6053334910042689	0.6066855273810268	7.895694017410278
0.6053226595560023	0.6064222836853023	7.925693988800049
0.6052878949634424	0.6071749158985758	7.965693950653076
0.6056925172221467	0.6077476976137428	7.995694160461426
0.6054601852451486	0.6086339478459242	8.025694131851196
0.6056782877896519	0.6056227144318145	8.065694093704224
0.6058558926271899	0.6066157476214736	8.095694065093994
0.6046141434207548	0.608967994016831	8.125694036483765
0.603638289145278	0.6096174890608062	8.165693998336792
0.6414182739063596	0.6109106545654358	8.195693969726562
0.6880998782990655	0.6133140996274803	8.225693941116333
0.6858374468479019	0.612245423066872	8.26569414138794
0.6851646405589179	0.6138066770880474	8.29569411277771
0.6854153723176939	0.6137958037008058	8.32569408416748
0.6848769676465614	0.6154854946844924	8.365694046020508
0.6842328716167013	0.6156593430407179	8.395694017410278
0.6838215719612853	0.6159637391133175	8.425693988800049
0.6838478973515083	0.616140619946029	8.465693950653076
0.6859260991426083	0.6164656185654998	8.495694160461426
0.7379444641812672	0.6207109833779122	8.525694131851196
0.7359825031551445	0.6221610557505014	8.565694093704224
0.7342095539618554	0.622881080138742	8.595694065093994
0.7335448278593831	0.6239082935228856	8.625694036483765
0.7329582049451915	0.6224267025182634	8.665693998336792
0.7626181585751077	0.6262347866305624	8.695693969726562
0.7623499536816833	0.6266887914333716	8.725693941116333
0.7618385016171704	0.6257698720292041	8.76569414138794
0.762081874842051	0.6251070623860728	8.79569411277771
0.7615094245652393	0.6249953634646991	8.82569408416748
0.7621388820722775	0.6247325455324786	8.865694046020508
0.7715007234140009	0.6279150914802237	8.895694017410278
0.788933396860243	0.6289680326538014	8.925693988800049
0.7878601628651314	0.6285791124211647	8.965693950653076
0.4982664376677563	0.5501202630472838	9.025694131851196
0.49587121957048413	0.5552623993413194	9.065694093704224
0.4931909000445098	0.5572985462524096	9.095694065093994
0.49061956816508234	0.5592259856039471	9.125694036483765
0.4893160946211765	0.5617561780980803	9.165693998336792
0.48858660974257145	0.5623838772870774	9.195693969726562
0.4877146888691362	0.5622646246357277	9.225693941116333
0.4911096481276951	0.5836802230197118	9.26569414138794
0.488604741664202	0.5876219764016578	9.29569411277771
0.48743011592211466	0.5895074171515514	9.32569408416748
0.4866823087370225	0.5892434128178724	9.365694046020508
0.48724227335816095	0.5872753933966715	9.395694017410278
0.4414841949332865	0.5801053524323366	9.425693988800049
0.44406595947270744	0.5801185439529343	9.465693950653076
0.44346177309107887	0.5813120323389259	9.495694160461426
0.4431265368354945	0.5829625465134577	9.525694131851196
0.4418552267894335	0.5825498808293312	9.565694093704224
0.44241909173364297	0.5834887701920456	9.595694065093994
0.44194688917159053	0.5825053513036367	9.625694036483765
0.4434708321298498	0.5826581390459276	9.665693998336792
0.51266335551331	0.5870898726319194	9.695693969726562
0.5083123557696306	0.5868722327062293	9.725693941116333
0.5066539560516617	0.5884093680180118	9.76569414138794
0.5054408872429724	0.589606674414251	9.79569411277771
0.5062298253744628	0.5896167007803392	9.835694074630737
0.6341084393629439	0.6429555109429431	9.865694046020508
0.6348733437451219	0.6490716504028923	9.895694017410278
0.633059683478672	0.6498042833896963	9.925693988800049
0.6307621406788724	0.6523770425239366	9.965693950653076
0.6297925218642982	0.6541264236113877	9.995694160461426
0.6291078305699334	0.6548692533955227	10.025694131851196
0.628299375978949	0.652709943420417	10.065694093704224
0.6280733812592914	0.6543634085641361	10.095694065093994
0.6279334587079736	0.6546728127017857	10.125694036483765
0.6270031444708318	0.6558452427149074	10.165693998336792
0.6259238219465544	0.6558154938888145	10.195693969726562
0.6263824080970246	0.6573743047550454	10.225693941116333
0.6261809914157704	0.6578852355478306	10.26569414138794
0.6373726220410049	0.6584620580864489	10.29569411277771
0.6557635168140864	0.6509821997280488	10.32569408416748
0.6543986471243513	0.6521848492420447	10.365694046020508
0.6539888602203113	0.6529763889816117	10.395694017410278
0.6536169505114802	0.6542115317963231	10.425693988800049
0.6536142796243961	0.6551391486444502	10.465693950653076
0.6543073808895473	0.6560347734675496	10.495694160461426
0.5521031354818596	0.6387128135248711	10.565694093704224
0.5506035260973399	0.6392704815532142	10.595694065093994
0.5496739509630706	0.6403001102648398	10.625694036483765
0.5487252961412838	0.6426031730215475	10.665693998336792
0.5485821413070233	0.6433373914508709	10.695693969726562
0.5496100610217501	0.6479784537505295	10.725693941116333
0.5470547962271202	0.6437863452661363	10.76569414138794
0.4932126461106542	0.6257484442963912	10.79569411277771
0.4979891140277707	0.6288873749966563	10.82569408416748
0.5027794276218925	0.632103543783795	10.865694046020508
0.5040847694169591	0.6306027792980822	10.895694017410278
0.4942867540881477	0.6230189508414615	10.925693988800049
0.47480945670898206	0.6080230501152776	10.965693950653076
0.4817708195618309	0.6155301472637192	10.995694160461426
0.4736259623862259	0.6296052323664239	11.025694131851196
0.4730591593343391	0.6336620339358058	11.065694093704224
0.47221046314526893	0.62859666291438	11.095694065093994
0.7935719858555679	0.67621290453641	11.195693969726562
0.7939583929801751	0.6760835488462973	11.225693941116333
0.7890605076308768	0.6814415991988981	11.26569414138794
0.7881014840755358	0.6835950959820931	11.29569411277771
0.7870540850348428	0.6879672663509601	11.32569408416748
0.7832494637860821	0.6939732160359832	11.365694046020508
0.7787626812668361	0.6988476615617943	11.395694017410278
0.7837731912231697	0.702369304154511	11.425693988800049
0.7813867734911163	0.6957591995456834	11.465693950653076
0.7788420627290281	0.6917748118600727	11.495694160461426
0.6850695905666236	0.6781354208645262	11.525694131851196
0.6836668466792484	0.6732778612797469	11.565694093704224
0.6809907131436995	0.6758356766322028	11.595694065093994
0.6787919264726003	0.6738360705531389	11.625694036483765
0.6775394610241608	0.6739696913347263	11.665693998336792
0.6744104845388705	0.6728966506494286	11.695693969726562
0.5599890491930654	0.66041920622924	11.725693941116333
0.554976859743153	0.6629914368813623	11.76569414138794
0.5527603375358604	0.6627112859216054	11.79569411277771
0.5489983399208536	0.6653919106883242	11.82569408416748
0.4918509844788627	0.6578612834275479	11.865694046020508
0.4902967414165053	0.657034789687346	11.895694017410278
0.48861680715399847	0.6600350793493707	11.925693988800049
0.4856347159096983	0.6622937964151334	11.965693950653076
0.48326029194755216	0.6637968231171719	11.995694160461426
0.48218209538407436	0.6648382024193208	12.025694131851196
0.4811592400066752	0.6668518299678332	12.065694093704224
0.4806826904369123	0.6682262852129501	12.095694065093994
0.47848203662612565	0.6695309515432503	12.125694036483765
0.47810755808722244	0.6693902085314549	12.165693998336792
0.5380113980765296	0.6767458452827179	12.195693969726562
0.5324097771099826	0.6719726446709037	12.225693941116333
0.5321344303014417	0.6743267184994899	12.26569414138794
0.5303199317067064	0.6770165402630922	12.29569411277771
0.5292222400569627	0.6765703048848387	12.32569408416748
0.5293400743088369	0.6793099444844094	12.365694046020508
0.531089841837868	0.6807510874830097	12.395694017410278
0.5324754747161166	0.6825262555092677	12.425693988800049
0.5336154585509748	0.6840381680998456	12.465693950653076
0.534605578787458	0.6857535662858766	12.495694160461426
0.5687880083308521	0.6674817828644111	12.525694131851196
0.5930503070021715	0.6780484722120986	12.565694093704224
0.656945653621362	0.6764578018946693	12.625694036483765
0.6563342082642359	0.6748778681231324	12.665693998336792
0.6541539314882058	0.6763386147540843	12.695693969726562
0.6525233620680793	0.6788752552088934	12.725693941116333
0.6509310949570106	0.6814552388454554	12.76569414138794
0.6825573194680551	0.6781191046312005	12.79569411277771
0.7459607768403368	0.6226624760852733	12.82569408416748
0.7434177526106961	0.6249027578308906	12.865694046020508
0.7405622991845662	0.6270997813750999	12.895694017410278
0.739391857319021	0.6286614872792193	12.925693988800049
0.7486875174111097	0.642095125298968	12.965693950653076
0.748103073548127	0.6429667535404978	12.995694160461426
0.7473584335399026	0.643804887310187	13.025694131851196
0.8145122583963883	0.649724577643716	13.065694093704224
0.8062868471642377	0.6529808177238707	13.095694065093994
0.8063257205569124	0.6538943461871167	13.125694036483765
0.8055589497593607	0.6559339296106446	13.165693998336792
0.8048496044115176	0.6579257283609011	13.195693969726562
0.8042432412555852	0.65971510363357	13.225693941116333
0.8281507048664651	0.6750178415528578	13.26569414138794
0.8262031771180145	0.6768572734543457	13.29569411277771
0.8239214345829293	0.6780025598585068	13.32569408416748
0.48868327983024823	0.5967692269201633	13.395694017410278
0.48632338761956573	0.6016057592312529	13.425693988800049
0.48271520623039227	0.605029971942433	13.465693950653076
0.47914691785733293	0.6089101236863276	13.495694160461426
0.475852917118221	0.6133613771805864	13.525694131851196
0.4722479470571275	0.6146493513222067	13.565694093704224
0.4366728411018575	0.606421696047122	13.595694065093994
0.4388788530721231	0.6064422833172862	13.625694036483765
0.4383496403987142	0.6090559955815776	13.665693998336792
0.439688601528886	0.6086282690380198	13.695693969726562
0.4938872920960532	0.6099056380573047	13.725693941116333
0.4891771115398293	0.6124999575393867	13.76569414138794
0.4874684374550081	0.6109104647311765	13.79569411277771
0.48645271715353067	0.612319215470099	13.82569408416748
0.48671702552153107	0.6126452269254953	13.865694046020508
0.4868929482613633	0.6117374690584563	13.895694017410278
0.48643633799007385	0.6125893854945381	13.925693988800049
0.4863599036424101	0.6115058886503547	13.965693950653076
0.49498059469166855	0.6094270972088095	13.995694160461426
0.5369415691075671	0.6105254514944335	14.025694131851196
0.535446265608086	0.6106617058776217	14.065694093704224
0.5342334462218152	0.612136440150462	14.095694065093994
0.5347098356172192	0.6133121375841034	14.125694036483765
0.533020926986567	0.6153978757325002	14.165693998336792
0.5610606216202276	0.6274915134911633	14.195693969726562
0.6152437467516354	0.6212265652293664	14.225693941116333
0.6119200187471235	0.620907023593697	14.26569414138794
0.6092416368078188	0.6255709605446216	14.29569411277771
0.6072630664466302	0.6255512343949083	14.32569408416748
0.6057975889056226	0.6278972634769975	14.365694046020508
0.6065098604843939	0.628951128660138	14.395694017410278
0.609012742921063	0.6289865251830896	14.425693988800049
0.6515663884663685	0.6277387225792078	14.465693950653076
0.6499169787778536	0.6289431770747395	14.495694160461426
0.6494772694332231	0.6299066766941008	14.525694131851196
0.7024531613608701	0.6307768440997961	14.565694093704224
0.6990997740960866	0.6317128823900057	14.595694065093994
0.6980317255127225	0.6326701312938284	14.625694036483765
0.6964593493236101	0.6322518375233939	14.665693998336792
0.6956350386321087	0.6327287490232036	14.695693969726562
0.6947989602419817	0.6326961449231775	14.725693941116333
0.6942489896649	0.6323526223173178	14.76569414138794
0.6944585343426457	0.632493190316253	14.79569411277771
0.755414615796972	0.6407209320809142	14.82569408416748
0.7542549378095472	0.6387449494175412	14.865694046020508
0.752604159794559	0.6386829310676579	14.895694017410278
0.751082610777838	0.6393731216921617	14.925693988800049
0.7502859945558499	0.6396264149740599	14.965693950653076
0.7489660798309895	0.6390115374207922	14.995694160461426
0.7465679996966618	0.6389470541406361	15.025694131851196
0.4876864826508303	0.5496188642758193	15.095694065093994
0.4868167411954571	0.5518471640446708	15.125694036483765
0.4825143233284248	0.5585721709074969	15.165693998336792
0.47866081767507673	0.5605590257965078	15.195693969726562
0.47770420521961543	0.5607166593054236	15.225693941116333
0.43649783275213627	0.5645000310420982	15.26569414138794
0.43684374702284656	0.5682495691366023	15.29569411277771
0.43675688734563156	0.569603633854973	15.32569408416748
0.436231480448673	0.5710125315191412	15.365694046020508
0.4359304474549298	0.5713865848200764	15.395694017410278
0.4621813594171463	0.5758609877294368	15.425693988800049
0.5141100836831076	0.5673108654550131	15.465693950653076
0.5118184792324253	0.5675751368050418	15.495694160461426
0.5102932137805095	0.5689088298627482	15.535694122314453
0.5105033907577501	0.5690769651977435	15.565694093704224
0.510063271068912	0.5693975316231566	15.595694065093994
0.5090113010503594	0.569502795038335	15.625694036483765
0.5087602910195499	0.568614180006254	15.665693998336792
0.5089085650786445	0.5685149588031193	15.695693969726562
0.5104285296012697	0.5687224653553409	15.725693941116333
0.566487114287544	0.5691433654210911	15.76569414138794
0.5642938513439466	0.5673650551498579	15.79569411277771
0.5641217976922259	0.566840938154389	15.82569408416748
0.5640543857718758	0.566558627661628	15.865694046020508
0.5635693852961268	0.5663556239489261	15.895694017410278
0.5636780333556848	0.5663095171582982	15.925693988800049
0.5622616189889907	0.5687886336387492	15.965693950653076
0.5624414133333094	0.5694140180418751	15.995694160461426
0.5607819758447957	0.5711840252623192	16.025694131851196
0.5602195791340626	0.5709940775373515	16.065694093704224
0.5604837609375666	0.571098077557045	16.095694065093994
0.5589533140854694	0.5719431030809188	16.125694036483765
0.5280059792178508	0.5764117248069713	16.165693998336792
0.4894810526868975	0.5555809060587347	16.195693969726562
0.4898700804871362	0.5566902118717436	16.225693941116333
0.48859846994890527	0.559007790047756	16.26569414138794
0.48811465609094545	0.5600619934527276	16.29569411277771
0.48804592872167496	0.5612589618557791	16.32569408416748
0.5791661796533923	0.5666633028237601	16.365694046020508
0.5920865452196611	0.5642843750362327	16.39569401741028
0.5920257130128574	0.5649135548365408	16.42569398880005
0.5903109017683963	0.5677387823298113	16.465693950653076
0.5893800923447524	0.569554415137831	16.495694160461426
0.5884797312480936	0.5714053159521656	16.525694131851196
0.5883201006070011	0.573021335958301	16.565694093704224
0.6361470835390194	0.5840469518509452	16.595694065093994
0.632462166832551	0.5806648683426324	16.625694036483765
0.6313010785519362	0.5789606842634943	16.665693998336792
0.6307207071760262	0.5779726159959365	16.695693969726562
0.6299517081834528	0.5774431419379015	16.725693941116333
0.6298933422173274	0.5763174337988424	16.76569414138794
0.6301783346905301	0.5752672939505464	16.79569411277771
0.6276142105698895	0.5762819391801921	16.82569408416748
0.6039931838696261	0.5752322738261266	16.865694046020508
0.6038915128471112	0.5765657363741625	16.89569401741028
0.6027963641433013	0.5781687759080234	16.92569398880005
0.602024851163557	0.5790181016990547	16.965693950653076
0.6008598437368757	0.5802335801430811	16.995694160461426
0.5997323463613884	0.5811117781704627	17.025694131851196
0.6668591786944218	0.5831885295224652	17.065694093704224
0.6582587788142699	0.5798147359675762	17.095694065093994
0.6578924906672218	0.5814732941700148	17.125694036483765
0.6562839284291327	0.5825475019944659	17.165693998336792
0.6546383428109369	0.5847560178125052	17.195693969726562
0.6548247610611397	0.5842320254071622	17.225693941116333
0.6548604311983746	0.5859712222749264	17.26569414138794
0.654258125613942	0.5852090352940499	17.29569411277771
0.6528978959275488	0.5861933104960507	17.32569408416748
0.701168287488125	0.5891410482340415	17.365694046020508
0.7019652040525217	0.5864951530651145	17.39569401741028
0.7019600537351108	0.5872619275404747	17.42569398880005
0.7030240564981413	0.5865409101370325	17.465693950653076
0.75185506007825	0.5901669444327962	17.495694160461426
0.7503649453316598	0.5905834005328136	17.525694131851196
0.7490013602803662	0.5930931193579196	17.565694093704224
0.7474560026931135	0.5936640301248404	17.595694065093994
0.7468118682828733	0.5946266020967926	17.625694036483765
0.7465650846992046	0.5943598142888058	17.665693998336792
0.7463981071901565	0.5935500470798798	17.695693969726562
0.7634207127480037	0.5956770451359558	17.725693941116333
0.7937650932301356	0.5969132307453251	17.76569414138794
0.7909952534802753	0.5958302597819349	17.79569411277771
0.7905970385389014	0.5985670025052979	17.82569408416748
0.7904379676256452	0.5986443443823773	17.865694046020508
0.7892437859188948	0.5992189464724181	17.89569401741028
0.8304753139286244	0.6015049563590111	17.92569398880005
0.8290012595206228	0.602142732907595	17.965693950653076
0.829693510421739	0.6007552494707005	17.995694160461426
0.8248253393025329	0.6006243404486833	18.025694131851196
0.4602323001336688	0.5162612626858586	18.095694065093994
0.45969482692444397	0.5189942320721489	18.125694036483765
0.45895886219391274	0.5220425523240914	18.165693998336792
0.455985018266896	0.5233535551449449	18.195693969726562
0.4549986229024561	0.5240538259089905	18.225693941116333
0.45377755026754296	0.5242106663787325	18.26569414138794
0.45243245052994446	0.5241349642651626	18.29569411277771
0.45207814030390353	0.5261975758443319	18.32569408416748
0.5039685000453421	0.5218828752276573	18.365694046020508
0.5013629516073158	0.5213390896078206	18.39569401741028
0.4994233222974782	0.5208346699979302	18.42569398880005
0.49976797182539306	0.5215960667194641	18.465693950653076
0.4994007409060743	0.5216201468224423	18.495694160461426
0.5000364953203779	0.5232674840698199	18.525694131851196
0.499354134501651	0.5239867088284619	18.565694093704224
0.49912706299591936	0.52361157024575	18.595694065093994
0.5036161523343542	0.5244049404991359	18.625694036483765
0.5246825715471275	0.524006561378708	18.665693998336792
0.5234528161311863	0.5273469198623385	18.695693969726562
0.52240409352282	0.5276366225049355	18.725693941116333
0.5227205574265712	0.5272206349390042	18.76569414138794
0.5218120820821849	0.5290789589041845	18.79569411277771
0.5201044404425916	0.5303083617625552	18.82569408416748
0.5202697622261874	0.5289803922647738	18.865694046020508
0.5204913065281079	0.5300208606776851	18.89569401741028
0.5835906080405333	0.5367331806557755	18.965693950653076
0.5829025496799541	0.5354683151650481	18.995694160461426
0.5810882887445117	0.5366109862707029	19.025694131851196
0.580898660429699	0.5369257686839578	19.065694093704224
0.5801707934368519	0.5383921167101252	19.095694065093994
0.580303898275454	0.5384091256262171	19.125694036483765
0.5813246011158376	0.5384069061756076	19.165693998336792
0.6135208869577446	0.5377021358158941	19.195693969726562
0.6132371775976239	0.5379795114710202	19.225693941116333
0.6131473012964269	0.5376649947987349	19.26569414138794
0.612749182327412	0.538044897523628	19.29569411277771
0.6130398027038276	0.5383141695072406	19.32569408416748
0.6126368378238085	0.5385220076033871	19.365694046020508
0.6120907168198012	0.5393332710152267	19.39569401741028
0.6553068271912854	0.5450500593547623	19.42569398880005
0.6690003574216501	0.5415878501685437	19.465693950653076
0.6681781559417777	0.5432523785022818	19.495694160461426
0.6669126119274885	0.5434629669766268	19.525694131851196
0.6644768480073626	0.5459906376353202	19.565694093704224
0.6627863942326662	0.5473939695081402	19.595694065093994
0.6623170008556475	0.5459414135751633	19.625694036483765
0.661992332071097	0.5471950630557757	19.665693998336792
0.6612978248904229	0.5472589129804654	19.695693969726562
0.6618546543135583	0.5473474013528368	19.725693941116333
0.6625485372025095	0.5484217256107702	19.76569414138794
0.6600888334348821	0.5470056704211039	19.79569411277771
0.5625261123086602	0.5296110901860969	19.82569408416748
0.5643545655213026	0.5309524765284496	19.865694046020508
0.5633487117965637	0.5328066522813544	19.89569401741028
0.5622922847195937	0.5340839855478422	19.92569398880005
0.560282850299806	0.534576259663004	19.965693950653076
0.5596512072665085	0.5351484275828454	19.995694160461426
0.5598457989685149	0.5344968339532131	20.025694131851196
0.5599246445788799	0.5344570554151851	20.065694093704224
0.5594508120220647	0.5338266016576175	20.095694065093994
0.5606922374410187	0.5339045655912967	20.125694036483765
0.5613922159092695	0.5326522846751977	20.165693998336792
0.5624204898939943	0.5322815465995898	20.195693969726562
0.5621901795907671	0.5320085142373786	20.225693941116333
0.5621406105088886	0.5313212317607944	20.26569414138794
0.559808380025887	0.5308294277227997	20.29569411277771
0.4996279908453599	0.5123150566851303	20.32569408416748
0.5014490205993803	0.5120380566616655	20.365694046020508
0.5012456401814855	0.5126996959130132	20.39569401741028
0.5005089571968023	0.5137296005509647	20.42569398880005
0.498093066762708	0.51469028506026	20.465693950653076
0.49684383428757894	0.5141907939978266	20.495694160461426
0.4970339566600195	0.5168478899684553	20.525694131851196
0.496820700829176	0.5152267034927125	20.565694093704224
0.496868121876461	0.5149095829374908	20.595694065093994
0.49658954234386093	0.5147597355800367	20.625694036483765
0.4970315708940105	0.5146836153249676	20.665693998336792
0.49661203082516264	0.514486667272877	20.695693969726562
0.49578596581863144	0.5163761574499851	20.725693941116333
0.49793507586801994	0.5151106871276198	20.76569414138794
0.6435943251933144	0.5214236620910601	20.79569411277771
0.6493817590267573	0.5193438207952966	20.82569408416748
0.6460807381882172	0.5209141679837135	20.865694046020508
0.6445975173980748	0.5217644516277492	20.89569401741028
0.6427295187717418	0.5223765881834076	20.92569398880005
0.6409872055834754	0.5240192329047182	20.965693950653076
0.6397801923905235	0.524465819630532	20.995694160461426
0.6384357744151247	0.5252317033057221	21.025694131851196
0.6681596445495679	0.5289747975070916	21.065694093704224
0.673277544332089	0.5239050826407988	21.095694065093994
0.6725510882637116	0.5241515683470801	21.125694036483765
0.6729100481360506	0.5234696929317209	21.165693998336792
0.6725308438850999	0.524121697484233	21.195693969726562
0.6717254129114208	0.5269180340968787	21.225693941116333
0.6707723840590631	0.5274773083972087	21.26569414138794
0.6745639982111907	0.5252720893622045	21.29569411277771
0.7141315980527209	0.5373163590404277	21.32569408416748
0.7114056104812423	0.5384564511668682	21.365694046020508
0.7081946954673323	0.5416310364095467	21.39569401741028
0.706988676222123	0.5432475837764194	21.42569398880005
0.7063337744271648	0.5459679324868856	21.465693950653076
0.7057516113146957	0.5479562162384539	21.495694160461426
0.706349650699507	0.5486220570204948	21.525694131851196
0.776730338355244	0.5512371427831816	21.565694093704224
0.77279487412798	0.551904164775053	21.595694065093994
0.7722235341346485	0.5521066530218437	21.625694036483765
0.7715224563737262	0.552059750322578	21.665693998336792
0.7705318897094666	0.5536282692564287	21.695693969726562
0.7713267677138718	0.552497935351758	21.725693941116333
0.7706178028625794	0.5531181641138003	21.76569414138794
0.7623103745601563	0.5540776269538102	21.79569411277771
0.7540375100066309	0.5521986449098175	21.82569408416748
0.754709162586427	0.552573230324841	21.865694046020508
0.755335442559293	0.5521246632407567	21.89569401741028
0.7556902466553864	0.552437529001136	21.92569398880005
0.7560594627283664	0.552143187000568	21.965693950653076
0.7562143026616205	0.5518593074880442	21.995694160461426
0.7562935721624854	0.552292095355559	22.025694131851196
0.7563202765789518	0.5525672260372346	22.065694093704224
0.756080878150056	0.550896209448718	22.095694065093994
0.7581521805820978	0.5508053027362492	22.125694036483765
0.8024858417222908	0.5531615400145607	22.165693998336792
0.8002640626883075	0.5553181726489919	22.195693969726562
0.79901273873198	0.5548464057261265	22.225693941116333
0.7981637770856506	0.5560139962210956	22.26569414138794
0.7961090891943141	0.5578140587582405	22.29569411277771
0.82666128767212	0.5612502343070084	22.32569408416748
0.8248265632816093	0.5612018353869899	22.365694046020508
0.8209119172666979	0.5619733216280004	22.39569401741028
0.4633137203837924	0.4768378619188438	22.465693950653076
0.46266306754530423	0.4818457909151576	22.495694160461426
0.4620222953241031	0.4858403933204639	22.525694131851196
0.46054062671002094	0.4909233506646689	22.565694093704224
0.4590495453388118	0.49163433258909717	22.595694065093994
0.45879456629043736	0.49390537577404	22.625694036483765
0.45808144520739796	0.49416052441660985	22.665693998336792
0.45758152425103576	0.4932966398705995	22.695693969726562
0.4535877900596915	0.493029393906869	22.725693941116333
0.45217498258895067	0.4906135983147443	22.76569414138794
0.45285890372122206	0.48802924170877865	22.79569411277771
0.4524211365540181	0.4883746699595623	22.82569408416748
0.45228667342623635	0.4867595111307611	22.865694046020508
0.45274112188617105	0.48644905223720436	22.89569401741028
0.45259670297444515	0.48528002112230384	22.92569398880005
0.7626109588525101	0.5170934255623103	22.995694160461426
0.7612962400560501	0.5156217268981346	23.025694131851196
0.7591049118012486	0.5183273887808598	23.065694093704224
0.7583328394237985	0.5196547696071812	23.095694065093994
0.8376939370853331	0.5425792189196967	23.125694036483765
0.8300840752946421	0.5455139808497126	23.165693998336792
0.8291819401527751	0.5476693671152815	23.195693969726562
0.826927952058016	0.5515257680767416	23.225693941116333
0.8250803568682673	0.5532501737537474	23.26569414138794
0.8238819679607188	0.5552544590855487	23.29569411277771
0.8228465581195781	0.5557259128805302	23.32569408416748
0.8051307514809561	0.5566107513600287	23.365694046020508
0.5247593625947781	0.47394724975480407	23.42569398880005
0.5217110943986619	0.478350379620333	23.465693950653076
0.5196357796570901	0.47939254525857117	23.495694160461426
0.5527477734027904	0.48707320923848996	23.525694131851196
0.5497211423429349	0.4889547143795136	23.565694093704224
0.5466936504133052	0.48881762805707735	23.595694065093994
0.5448719119150981	0.4877417914060669	23.625694036483765
0.5439185023228332	0.48766946037998327	23.665693998336792
0.5432941326295102	0.489285207369156	23.695693969726562
0.5454978296486164	0.4886078424992288	23.725693941116333
0.5854807503498596	0.48924030576472427	23.76569414138794
0.5829185080512151	0.4888114039896262	23.79569411277771
0.5818435439961984	0.4878791416460281	23.82569408416748
0.5819430760864125	0.4887438248584824	23.865694046020508
0.5817085136050207	0.48924839687543403	23.89569401741028
0.5811620805276982	0.48896645293907287	23.92569398880005
0.5809833731725771	0.4894987366365875	23.965693950653076
0.5809176650163025	0.48797363648759884	23.995694160461426
0.5811282418025784	0.4869085705260117	24.025694131851196
0.5798824444268252	0.4888200513047587	24.065694093704224
0.5830422518957853	0.4881920680939226	24.095694065093994
0.65576599754613	0.4923631224210483	24.125694036483765
0.6495589118433596	0.4939690254243681	24.165693998336792
0.6490178474522578	0.4940575802124978	24.195693969726562
0.6470409813485313	0.49397006992139364	24.225693941116333
0.5846086461284999	0.48850477196466907	24.26569414138794
0.5855535839385151	0.4901743204345184	24.29569411277771
0.585336323503124	0.49169864861490564	24.32569408416748
0.5826010594514694	0.4920208976824868	24.365694046020508
0.5846621403996382	0.4908687833954741	24.39569401741028
0.6558864908116364	0.49558264065797303	24.42569398880005
0.6525605448298206	0.4966104915618958	24.465693950653076
0.6499138945633997	0.4968801705848869	24.495694160461426
0.648562202453037	0.4973060306649775	24.525694131851196
0.6483285056500108	0.4966222193759802	24.565694093704224
0.6477780725316553	0.4976711831506613	24.595694065093994
0.6481077448861012	0.49866580087970175	24.625694036483765
0.6475422740605956	0.4988031618768679	24.665693998336792
0.650273278225103	0.49605691733777485	24.695693969726562
0.7019869038904389	0.5002339262115609	24.725693941116333
0.6989748275417077	0.49964888281814035	24.76569414138794
0.6981651614912942	0.5013569333850596	24.79569411277771
0.697002294781992	0.5029578304632653	24.82569408416748
0.696051441043269	0.5050079987242873	24.865694046020508
0.6961812753099127	0.5056633413043532	24.89569401741028
0.695555297286523	0.5062103355981853	24.92569398880005
0.6950924352973431	0.5069427888780769	24.965693950653076
0.69905142844681	0.5064661439295782	24.995694160461426
0.7740320208698042	0.5107357565870606	25.025694131851196
0.7701319193011337	0.5108916561643488	25.065694093704224
0.7678976688500305	0.5137406018517432	25.095694065093994
0.7665414530190078	0.5129655348196955	25.125694036483765
0.7653996900355448	0.5145864076955176	25.165693998336792
0.7648271776011262	0.5145343477920219	25.195693969726562
0.7646904316606552	0.5156242396939359	25.225693941116333
0.7642065912274857	0.5167691166599968	25.26569414138794
0.7431364865496397	0.5152172192937692	25.29569411277771
0.7439721404681976	0.5149558459761036	25.32569408416748
0.8101758318157612	0.5173976611561816	25.365694046020508
0.8078583954318908	0.5191589453048905	25.39569401741028
0.8071950750222341	0.5192916760242652	25.42569398880005
0.8516139498628121	0.5229441237237665	25.465693950653076
0.8473762681555659	0.5247308212963678	25.495694160461426
0.8445625056348287	0.5275069199078906	25.525694131851196
0.8437667205273657	0.5281009972198516	25.565694093704224
0.834036655536448	0.5326133925432953	25.595694065093994
0.48670058735642824	0.4460670875335071	25.665693998336792
0.4847512278239334	0.44885889221458986	25.695693969726562
0.4808039303580041	0.45067733937921706	25.725693941116333
0.4773434110828229	0.4523122650155914	25.76569414138794
0.4388338088075942	0.436346501892258	25.79569411277771
0.43977311624623244	0.4366480172314205	25.82569408416748
0.4385500281123951	0.435715247919	25.865694046020508
0.4368366717264966	0.43674708389133243	25.89569401741028
0.4348949665143461	0.43653703169187574	25.92569398880005
0.4331421913601442	0.43903030321171604	25.965693950653076
0.4321467299198444	0.43948610766478163	25.995694160461426
0.4324141936520926	0.43817525080570097	26.035694122314453
0.4546764155588961	0.4187064338410268	26.065694093704224
0.45324523155216395	0.4156849200567359	26.095694065093994
0.452208188189803	0.413135562291631	26.125694036483765
0.45205024803584626	0.41478800262749105	26.165693998336792
0.45324241936423104	0.41456223818189597	26.195693969726562
0.4518986848751049	0.4156408517845315	26.23569416999817
0.45258158338039345	0.4160888992712919	26.26569414138794
0.45162612762595644	0.4150536397862017	26.29569411277771
0.4515001178428515	0.415190904297884	26.335694074630737
0.4513551465108975	0.41441614721279735	26.365694046020508
0.45148774497900174	0.41391093975089693	26.39569401741028
0.4515789657869878	0.4157611468450015	26.435693979263306
0.4520662627267	0.4161809261105582	26.465693950653076
0.4552505096374151	0.4140995411302281	26.495694160461426
0.46871618579571844	0.4096962192024679	26.535694122314453
0.46610606348082995	0.408368004443875	26.565694093704224
0.4662837686530102	0.40861010366051476	26.595694065093994
0.4403926724022732	0.4250166477306392	26.625694036483765
0.44126783960775345	0.4308001891868299	26.665693998336792
0.44168479551933715	0.4327349537517299	26.695693969726562
0.44139520256043013	0.43118042575114107	26.73569416999817
0.4418806732242846	0.43203193229975123	26.76569414138794
0.4422739742628275	0.43254153156869185	26.79569411277771
0.4416372315257705	0.432823319504939	26.835694074630737
0.44053983537009295	0.4361849299852001	26.865694046020508
0.43913482406265136	0.4360170891203371	26.89569401741028
0.4393735204419379	0.43560267973088773	26.935693979263306
0.44014805112362376	0.4335381207249378	26.965693950653076
0.4407376252083531	0.4332778852278538	26.995694160461426
0.45647409461232685	0.4188618557786406	27.035694122314453
0.4958313938864671	0.39840452729763337	27.065694093704224
0.5146736196957651	0.38980641762163887	27.095694065093994
0.5117209318102316	0.38843398819866737	27.13569402694702
0.507566663204404	0.3926625515999194	27.165693998336792
0.4991664100059203	0.39292777835568665	27.195693969726562
0.4915959549279645	0.39236417830241777	27.23569416999817
0.4883802678867415	0.3919863816232064	27.26569414138794
0.48843121572625503	0.3911120403609116	27.29569411277771
0.4859650076269429	0.3902122402411599	27.335694074630737
0.49745055165751145	0.3992786380670788	27.365694046020508
0.5003695929598296	0.3983258847412769	27.39569401741028
0.5293570031555604	0.3000490176334804	27.435693979263306
0.5395761257248067	0.42783319020412686	27.535694122314453
0.5334974345411397	0.4248290795146419	27.565694093704224
0.5350186394103399	0.42623276491797907	27.595694065093994
0.5309294955457068	0.4265469363752997	27.63569402694702
0.5257689061137274	0.427133641855285	27.665693998336792
0.5195959557245058	0.4296288720249953	27.695693969726562
0.5355204632585961	0.4265003093461147	27.73569416999817
0.465917245126847	0.5161288142460068	27.76569414138794
0.4714689111203822	0.5143314572084106	27.79569411277771
0.47466312566417035	0.5154129304388935	27.835694074630737
0.584325102431663	0.4323592168605875	27.865694046020508
0.5816118661699772	0.4281382691340301	27.89569401741028
0.5791090769974377	0.4282909518120555	27.935693979263306
0.5792652392624908	0.4236589448003499	27.965693950653076
0.5778117893184955	0.42671261010474965	27.995694160461426
0.5770938938909055	0.42437826726308236	28.035694122314453
0.5661730880051508	0.41839179143201316	28.065694093704224
0.5756070040609575	0.4204411991080772	28.095694065093994
0.5656801208329069	0.41221778904836454	28.13569402694702
0.6078201928764951	0.46583677910977633	28.165693998336792
0.610932670956422	0.4737421724933706	28.195693969726562
0.6426189590314711	0.4182968011725013	28.23569416999817
0.6419821258826861	0.41942967555985555	28.26569414138794
0.6383203186415157	0.4186488304360646	28.29569411277771
0.6377534063718922	0.41790717599635296	28.335694074630737
0.6384338344759447	0.41638652480846466	28.365694046020508
0.5991366715521481	0.4111129150731001	28.39569401741028
0.5661717622415429	0.41824711282847465	28.435693979263306
0.5707869938827135	0.41633920776290245	28.465693950653076
0.5718426262086762	0.4143190185139811	28.495694160461426
0.5622512636442122	0.40989865148638577	28.535694122314453
0.5354988788180763	0.41311807881519325	28.565694093704224
0.5366232249943085	0.41013509981360896	28.595694065093994
0.5312679639380492	0.41353920637154806	28.63569402694702
0.5340886310870504	0.4147871572933349	28.665693998336792
0.5347072411529479	0.4166376803763785	28.695693969726562
0.5370062213630934	0.4133420984044064	28.73569416999817
0.5358668580533165	0.41138634288916576	28.76569414138794
0.5460634736742723	0.41543678231189984	28.79569411277771
0.5695016734468216	0.38549101518547496	28.835694074630737
0.5356452908776623	0.4115723775526601	28.865694046020508
0.5402687325246381	0.4140695196624623	28.89569401741028
0.5940114280017961	0.41251220208019607	28.935693979263306
0.5923801807004486	0.4122676423337359	28.965693950653076
0.5944342148884179	0.40892405083558364	28.995694160461426
0.5939029674040506	0.40601864420235506	29.035694122314453
0.594308954209327	0.40376474600296947	29.065694093704224
0.5151314161519082	0.398670196589311	29.095694065093994
0.517477954801034	0.3992830344562731	29.13569402694702
0.5167942809851568	0.4009753288015274	29.165693998336792
0.5150823922547492	0.4019278172622593	29.195693969726562
0.5154756023005828	0.4047827265360596	29.23569416999817
0.5181698116964726	0.4080684289652457	29.26569414138794
0.5146068119866033	0.40440425141336733	29.29569411277771
0.5171132597920637	0.40392255555722933	29.335694074630737
0.5190622079131807	0.4020754799203406	29.365694046020508
0.5204626203383627	0.3989168265351969	29.39569401741028
0.6478565705301794	0.400820911762071	29.465693950653076
0.6449454110846072	0.40177291466375037	29.495694160461426
0.643974460091174	0.4036578054873051	29.535694122314453
0.641064695043459	0.40431280184087265	29.565694093704224
0.6379437437535452	0.40473963921652434	29.595694065093994
0.6366877406556486	0.40777583914766014	29.63569402694702
0.6373830361497744	0.40599269808356414	29.665693998336792
0.6990325648353427	0.405896078478608	29.695693969726562
0.6961760871376528	0.40853320618940286	29.73569416999817
0.6938075416582408	0.4080243117129898	29.76569414138794
0.6923925993258548	0.4072067827332224	29.79569411277771
0.6911583013842186	0.40597780473460526	29.835694074630737
0.6900788877035545	0.4064333710125212	29.865694046020508
0.6891212320997494	0.4057999358373169	29.89569401741028
0.6895681322231654	0.40510160360166536	29.935693979263306
0.7249016057323305	0.40753616752562233	29.965693950653076
0.7208070309462703	0.410884250725056	29.995694160461426
0.7201600663467631	0.40808882652852013	30.035694122314453
0.71958812164663	0.40740183927483087	30.065694093704224
0.7192040079075808	0.4085691884629322	30.095694065093994
0.7220961457935737	0.40618737692017354	30.13569402694702
0.8116148463426228	0.41964106079678865	30.165693998336792
0.8059304662546601	0.4194224980025304	30.195693969726562
0.8050021911645032	0.41957528884227846	30.23569416999817
0.8035474986850575	0.4233346231075159	30.26569414138794
0.8034993755077963	0.42235799304500654	30.29569411277771
0.8022106705174786	0.42309075095072796	30.335694074630737
0.8012433237482911	0.423808047070404	30.365694046020508
0.7968927912263094	0.42639031744363304	30.39569401741028
0.4611522796291089	0.3472421885192605	30.465693950653076
0.4620929954187997	0.35428692883559837	30.495694160461426
0.4595618797913689	0.3542673116531789	30.535694122314453
0.4558270087888662	0.3555919700644215	30.565694093704224
0.45313444575276685	0.3586869220839427	30.595694065093994
0.4521075602281455	0.35848963090616975	30.63569402694702
0.45177583440983476	0.358123279263953	30.665693998336792
0.489143191291718	0.3582214977403933	30.695693969726562
0.48656331631164046	0.3565261107714107	30.73569416999817
0.4857605618179998	0.35252692946870146	30.76569414138794
0.48650409022344215	0.35373606844365885	30.79569411277771
0.4895742145708216	0.3526814100872547	30.835694074630737
0.5474677631569116	0.3494446031892351	30.865694046020508
0.5441526122718111	0.3499389725542465	30.89569401741028
0.5428245784620588	0.3502168487929761	30.935693979263306
0.5424013794070718	0.3493591461098534	30.965693950653076
0.5416432050858698	0.35054176350885763	30.995694160461426
0.5416645383613932	0.34903399863456636	31.035694122314453
0.5418403743577114	0.34952267665668674	31.065694093704224
0.5468143326162834	0.34861956470877214	31.095694065093994
0.6124533376961728	0.35098675678307417	31.13569402694702
0.6086880199672894	0.3519712127876795	31.165693998336792
0.6071178758862921	0.3517947067876306	31.195693969726562
0.6062413090221949	0.352428435597212	31.23569416999817
0.6057026206013828	0.35284523086635194	31.26569414138794
0.6045138951445227	0.35386461960431714	31.29569411277771
0.6024224878486475	0.35289676086984484	31.335694074630737
0.5898350088488689	0.35487032875651664	31.365694046020508
0.5900803952552199	0.354356106442407	31.39569401741028
0.5901142597605901	0.35385238990367773	31.435693979263306
0.5936215167339025	0.3536599231236444	31.465693950653076
0.6556816093967952	0.3542219137040539	31.495694160461426
0.6524365170616114	0.35289608262688843	31.535694122314453
0.6503618158909192	0.35313876744244155	31.565694093704224
0.6501132373128681	0.35335648242589657	31.595694065093994
0.6494721591831089	0.35368112061662405	31.63569402694702
0.6489861769584299	0.3544401517731396	31.665693998336792
0.6480305956259304	0.3541474685369515	31.695693969726562
0.6475865595972222	0.3538863824934195	31.73569416999817
0.6769213446042341	0.3530733224249719	31.76569414138794
0.7042021134045018	0.3548632266106684	31.79569411277771
0.702091215192707	0.3550141844174303	31.835694074630737
0.701293806484653	0.35665044925896033	31.865694046020508
0.7009097157134275	0.3575464228634486	31.89569401741028
0.7002509251194887	0.3589102543128769	31.935693979263306
0.7615625605592656	0.3630716290107053	31.965693950653076
0.7594841979342691	0.3616908297148622	31.995694160461426
0.7576332896686022	0.36127459981666926	32.03569412231445
0.7569434363489566	0.3607003377580557	32.065694093704224
0.7554449833010234	0.36079308106005054	32.095694065093994
0.7552217671121975	0.36037405919143817	32.13569402694702
0.7541515601377548	0.36077282858046583	32.16569399833679
0.8173676944670596	0.36710385737393736	32.23569416999817
0.8145014609834565	0.36958868929248995	32.26569414138794
0.8119799679082574	0.3704553242882875	32.29569411277771
0.8100238980494459	0.37226844246459323	32.33569407463074
0.8105464957980056	0.3736113864069961	32.36569404602051
0.8088306557820701	0.3760213369058944	32.39569401741028
0.8077317939417645	0.3762017149199232	32.435693979263306
0.8106736110859436	0.37328747644648075	32.465693950653076
0.8557180504018843	0.3736887677752379	32.495694160461426
0.8534355792280487	0.3730075043978994	32.53569412231445
0.8515375952172741	0.3719895461582178	32.565694093704224
0.8511256460269166	0.3730737896758593	32.595694065093994
0.8289551476805876	0.3520437243343374	32.63569402694702
0.5070115963006135	0.29072382082555215	32.69569396972656
0.5042491962456045	0.2971614078959462	32.73569416999817
0.5037295864114099	0.3013549483961316	32.76569414138794
0.5021609454748921	0.303700766324861	32.79569411277771
0.500001642982581	0.3016957839807183	32.83569407463074
0.4986986587310749	0.30324186779409396	32.86569404602051
0.47743436882449275	0.2944132278244651	32.89569401741028
0.4747686588802487	0.2948181806142674	32.935693979263306
0.4703234983200199	0.29613258221883215	32.965693950653076
0.47377955059848476	0.29289822654036884	32.995694160461426
0.5457298630791225	0.2976680847319179	33.03569412231445
0.5434520535556934	0.29702459873229453	33.065694093704224
0.5381033365185504	0.2991864035327718	33.095694065093994
0.5393359526644826	0.3002181500297368	33.13569402694702
0.5400999452993012	0.3099345700556391	33.16569399833679
0.5445716872978718	0.3138058143551865	33.19569396972656
0.5291470261325809	0.30586530124402805	33.23569416999817
0.5591805799772297	0.30773462528887907	33.26569414138794
0.5916284131932784	0.30341013755090557	33.29569411277771
0.5932244690554601	0.3019284040038644	33.33569407463074
0.5887784688253386	0.3054126850812012	33.36569404602051
0.5906669817602204	0.3049109656881597	33.39569401741028
0.5926531999858593	0.3037307143987121	33.435693979263306
0.5939761353044011	0.30187204641967813	33.465693950653076
0.5911633611908358	0.3041003136820535	33.495694160461426
0.5936440709105729	0.3011246451828215	33.53569412231445
0.5952479000669798	0.2996170612155758	33.565694093704224
0.5947457488071026	0.29836154464532977	33.595694065093994
0.5946687487275096	0.298590126979664	33.63569402694702
0.5951879945371931	0.2985372072689066	33.66569399833679
0.5960346766683073	0.3000339470009023	33.69569396972656
0.6228190071850703	0.3049379251748035	33.73569416999817
0.5087609199654517	0.29697769993972184	33.79569411277771
0.5076212119407443	0.2962631606240856	33.83569407463074
0.5084848500539145	0.30264291744378363	33.86569404602051
0.5053530162454188	0.29996645148221956	33.89569401741028
0.47724496656774423	0.29528652564856905	33.935693979263306
0.4788035349882407	0.29188749240561174	33.965693950653076
0.47860056121536987	0.2947652959908358	33.995694160461426
0.4767606495469234	0.2957693074196493	34.03569412231445
0.47334993737231057	0.29810296102762185	34.065694093704224
0.4733474767991496	0.29809800281998555	34.095694065093994
0.5403402109719462	0.3026839740689997	34.13569402694702
0.5368669699463334	0.3005936864298176	34.16569399833679
0.533579252701621	0.30464980094277977	34.19569396972656
0.5343803323749419	0.30333704917521725	34.23569416999817
0.5361967455232161	0.30100229794816913	34.26569414138794
0.5370187699157161	0.3005123965561653	34.29569411277771
0.5367680896872303	0.30091902237549334	34.33569407463074
0.53749534713725	0.30044048884246105	34.36569404602051
0.5381063446980978	0.3020620525726739	34.39569401741028
0.5368825423251675	0.30179894537526114	34.435693979263306
0.5364482022982077	0.3019086409585159	34.465693950653076
0.5368288628058882	0.29938518317631607	34.495694160461426
0.5381680505628545	0.2969477322824817	34.53569412231445
0.5381372664803338	0.29950561026813927	34.565694093704224
0.5382312392497665	0.2988521829465248	34.595694065093994
0.5329473419327776	0.3020606742826926	34.63569402694702
0.504835116542426	0.30527621331965826	34.66569399833679
0.5082141578172346	0.3045378046567968	34.69569396972656
0.5084334569280269	0.30677984490473553	34.73569416999817
0.5078563034651307	0.30468465202353284	34.76569414138794
0.509071460850153	0.3013590956388647	34.79569411277771
0.5916449150256585	0.31046126496949183	34.83569407463074
0.5858380821959799	0.3037506194808457	34.86569404602051
0.588894584269411	0.30704580447039326	34.89569401741028
0.5876518086599317	0.31010058253175893	34.935693979263306
0.5858709933350101	0.3109494821474725	34.965693950653076
0.5855063441942463	0.31490285626683917	34.995694160461426
0.5847123621682053	0.31446480563833956	35.03569412231445
0.5844573708603578	0.3119302735312276	35.065694093704224
0.5836844073624624	0.3118776106686981	35.095694065093994
0.5832749292156368	0.31197182168313353	35.13569402694702
0.5856318102250544	0.3108898016454198	35.16569399833679
0.58103788660784	0.3101640296400451	35.19569396972656
0.5137467981049317	0.3025007552548286	35.23569416999817
0.5143453099046106	0.3034190762220416	35.26569414138794
0.5131660280227084	0.3032991962190461	35.29569411277771
