COORDENADA X	 COORDENADA Y	 TEMPO
0.4966208797274118	0.676430389123366	0.6756792068481445
0.495036347518675	0.6796091871666932	0.7156791687011719
0.49407588241806116	0.6834428339164605	0.7456791400909424
0.49797820218536626	0.679807575322756	0.7756791114807129
0.5222466978855601	0.6739527466798518	0.8156793117523193
0.5228754914761139	0.677363792537368	0.8456792831420898
0.5228457305810658	0.6808815714752368	0.8756792545318604
0.4775558881377469	0.666026246917219	0.9156792163848877
0.43346638648406227	0.628557777627303	0.9456791877746582
0.43423669952241706	0.6282473630530088	0.9756791591644287
0.43332950252238583	0.6295600732574198	1.015679121017456
0.432062745297261	0.633761121154943	1.0456793308258057
0.43198066084802506	0.636137112427372	1.0756793022155762
0.4296931690241587	0.6396514071852544	1.1156792640686035
0.41278974464528256	0.6340847115823175	1.145679235458374
0.41260670130374805	0.6356046465175503	1.1756792068481445
0.41291981242270875	0.636457965164475	1.2156791687011719
0.4127707954892248	0.6397614156279228	1.2456791400909424
0.412788045073919	0.6314464530450515	1.275679111480713
0.41525697143052204	0.6362039042380719	1.3156793117523193
0.47257793022179834	0.6312035274352263	1.3456792831420898
0.47327787841009383	0.6329189360640088	1.3756792545318604
0.4842483156884859	0.6159670278579651	1.4156792163848877
0.4842483156884859	0.6159670278579651	1.4456791877746582
0.4842483156884859	0.6159670278579651	1.4756791591644287
0.4842483156884859	0.6159670278579651	1.515679121017456
0.4842483156884859	0.6159670278579651	1.5456793308258057
0.4842483156884859	0.6159670278579651	1.5756793022155762
0.4842483156884859	0.6159670278579651	1.6156792640686035
0.4842483156884859	0.6159670278579651	1.645679235458374
0.4842483156884859	0.6159670278579651	1.6756792068481445
0.4842483156884859	0.6159670278579651	1.7156791687011719
0.4842483156884859	0.6159670278579651	1.7456791400909424
0.5768809519970567	0.6628819460031018	1.775679111480713
0.5672560649489469	0.6696121652382584	1.8156793117523193
0.5634291495950581	0.6720459517077438	1.8456792831420898
0.5560774370653886	0.6887193997728791	1.8756792545318604
0.5451454505347127	0.7106198518774592	1.9156792163848877
0.5131778411124723	0.7079438209971574	1.9456791877746582
0.5073717247943851	0.7143278611018041	1.9756791591644287
0.5510196071539896	0.7362300504703551	2.015679121017456
0.5539947511076729	0.7705845865848734	2.0456793308258057
0.5472670971602037	0.7744751376139759	2.075679302215576
0.5442841320417453	0.7742721420247457	2.1156792640686035
0.5639474647745156	0.7831902843724589	2.145679235458374
0.5680227255442849	0.713769289368108	2.1756792068481445
0.5595342455504867	0.7035364446056339	2.215679168701172
0.5563356897705327	0.6973762400700749	2.2456791400909424
0.5621506112832917	0.7561012378258097	2.275679111480713
0.5685652945104821	0.7527629384978607	2.3156793117523193
0.5868744576573406	0.7367913785167803	2.34567928314209
0.6070622740175711	0.7322423806392085	2.3756792545318604
0.6118289989628002	0.7270358467225237	2.4156792163848877
0.6151700546692376	0.7280488879489333	2.445679187774658
0.6244969352742236	0.7202537846399129	2.4856791496276855
0.6188807756318253	0.7178669186220054	2.515679121017456
0.6264382682468118	0.7237687660208253	2.5456793308258057
0.6897039472916396	0.7202347121416542	2.585679292678833
0.6795598493768702	0.7170416961179014	2.6156792640686035
0.678984777675751	0.7160525902597562	2.645679235458374
0.6775660119682277	0.711038615963505	2.6856791973114014
0.685758057106464	0.7093764322955687	2.715679168701172
0.7004278280228543	0.835351712998276	2.7456791400909424
0.6878916130408207	0.691352270741572	2.7856791019439697
0.6807657868081542	0.7012852091068787	2.8156793117523193
0.6808600276763758	0.6916072644205322	2.84567928314209
0.6438338945702944	0.5928958688583031	2.885679244995117
0.7860892104261891	0.6802696132311191	2.9156792163848877
0.7842219683223675	0.6787680062721198	2.945679187774658
0.7818829509671528	0.6801242649274015	2.9856791496276855
0.7823890787409292	0.6804451061755598	3.015679121017456
0.7859747052237085	0.6965344883328055	3.0456793308258057
0.7848773000665523	0.6986920183990064	3.085679292678833
0.7851465693219422	0.7006697854621375	3.1156792640686035
0.7897994048974263	0.7017153298410407	3.145679235458374
0.8170131903787253	0.698931793617915	3.1856791973114014
0.8164822754115638	0.6971115066665148	3.215679168701172
0.8167039629911077	0.6961157842677577	3.2456791400909424
0.4553154258711719	0.6459654621016072	3.3156793117523193
0.46240542618219155	0.6273196266843335	3.34567928314209
0.45940012763670357	0.6268758957700107	3.385679244995117
0.4576953704751662	0.6243514976218645	3.4156792163848877
0.43380887763026016	0.6246158215435802	3.445679187774658
0.43665064606184456	0.6287528502237982	3.4856791496276855
0.4351189990241489	0.6286584583041396	3.515679121017456
0.4247147130296246	0.6384662885286547	3.5456793308258057
0.4850841217222815	0.6348188332243668	3.585679292678833
0.47824837141696713	0.6323593276439208	3.6156792640686035
0.47787233279955893	0.6334216952973841	3.645679235458374
0.47773753515650497	0.6316768691768593	3.6856791973114014
0.4772002932497417	0.6312621212406907	3.715679168701172
0.4775011854586631	0.6312570028338716	3.7456791400909424
0.4787398159272803	0.6293731955745834	3.7856791019439697
0.553941418814355	0.6279523572606912	3.8156793117523193
0.5514256708105104	0.6292595862244731	3.84567928314209
0.5497799452131147	0.6292286286219229	3.885679244995117
0.54831489026665	0.6299802779988389	3.9156792163848877
0.5547993830264235	0.6200135482548506	3.945679187774658
0.5559703315510375	0.6205048712919766	3.9856791496276855
0.5545427794907635	0.6216649667978895	4.015679121017456
0.5525083423458127	0.6227199814019198	4.045679330825806
0.551934764994478	0.6219548067810032	4.085679292678833
0.5139023412139895	0.6193281387437738	4.1156792640686035
0.5147121096805135	0.6161071327830863	4.145679235458374
0.5145744243122745	0.6192205401050223	4.185679197311401
0.5140064880301523	0.6190142255191718	4.215679168701172
0.6033359135975891	0.622270621158859	4.245679140090942
0.5981943236212242	0.6254636057102438	4.28567910194397
0.5966377896403243	0.6255418735821587	4.315679311752319
0.5931274506782109	0.6264584374480412	4.34567928314209
0.5916241311977477	0.6269296171525202	4.385679244995117
0.5922686980872909	0.6264504221189355	4.415679216384888
0.5919008779774497	0.6259861265447707	4.445679187774658
0.5913897252448049	0.6253899241965477	4.4856791496276855
0.5913983945103856	0.6264765873556389	4.515679121017456
0.5845145212055434	0.6343198398115208	4.545679330825806
0.584840565248206	0.6333954713560614	4.585679292678833
0.670528570120228	0.6296642826417848	4.645679235458374
0.6677373705601977	0.6291083215949373	4.685679197311401
0.666313329706905	0.6312034213680093	4.715679168701172
0.6663420587771773	0.6303464903327108	4.745679140090942
0.6663745614924997	0.6305467487317019	4.78567910194397
0.6661645153062489	0.6311679135875029	4.815679311752319
0.6661595280177578	0.6311820332973583	4.84567928314209
0.7326993822063756	0.6285431479562239	4.885679244995117
0.7291759494497303	0.626183418539808	4.915679216384888
0.7285436286517021	0.6248339377874643	4.945679187774658
0.7288654906156105	0.6242120402272777	4.9856791496276855
0.7284675431608223	0.624591118206223	5.015679121017456
0.7271465487436024	0.6256484596260992	5.045679330825806
0.7262620618216589	0.6274115192675047	5.085679292678833
0.724978828997059	0.6256832211989408	5.1156792640686035
0.7245160703059744	0.6271558185660101	5.145679235458374
0.7253253741393292	0.6251537617986491	5.185679197311401
0.7268645711219225	0.6249220677498307	5.215679168701172
0.7917250000442022	0.6285650918526603	5.245679140090942
0.7890066546515266	0.6274194613683156	5.28567910194397
0.7889478972450771	0.6289583724336286	5.315679311752319
0.7879265785178831	0.6325129673051032	5.34567928314209
0.7873430136043498	0.6343550955833817	5.385679244995117
0.7868717190486656	0.635542054123598	5.415679216384888
0.7860990900576911	0.6371394064135848	5.445679187774658
0.7857029191979296	0.6378532268617776	5.4856791496276855
0.7857389194680756	0.6392122595062385	5.515679121017456
0.7838114616765574	0.6392641482796616	5.545679330825806
0.4412334667527008	0.5528596315100084	5.6156792640686035
0.43972037676227066	0.5562216497300619	5.645679235458374
0.4396579974959831	0.5578591394871597	5.685679197311401
0.4365372815393304	0.5601333801244938	5.715679168701172
0.4324206846256035	0.5609210800525719	5.745679140090942
0.4297280247259438	0.5621496875796127	5.78567910194397
0.4290955973754182	0.5632073480370677	5.815679311752319
0.4280578082377893	0.562990888357249	5.84567928314209
0.42597210319125717	0.5657870862425948	5.885679244995117
0.4240173947790543	0.5678260130859286	5.915679216384888
0.4227295543365046	0.5681832208423259	5.945679187774658
0.44760474294538155	0.5689863109546285	5.9856791496276855
0.47022374076402207	0.5668048439497793	6.015679121017456
0.4688885379296962	0.5691054492505819	6.045679330825806
0.4680965074447655	0.568755803211409	6.085679292678833
0.4672334908377955	0.5706190057143519	6.1156792640686035
0.46794098529772127	0.5713024422013346	6.145679235458374
0.4665753149344404	0.5744420457883194	6.185679197311401
0.4576877570333548	0.5753623576922937	6.215679168701172
0.4551788479857661	0.5732535206365811	6.245679140090942
0.45604182098516177	0.5725358546869538	6.28567910194397
0.4559060692997124	0.5731094281058589	6.315679311752319
0.45616805470490035	0.5719218715401325	6.34567928314209
0.45633478994682153	0.5724812196356838	6.385679244995117
0.45641100562101294	0.5713189991273807	6.415679216384888
0.45599634548441326	0.571120391292329	6.445679187774658
0.4560405011006974	0.5719905755087857	6.4856791496276855
0.45661233963679404	0.5717205039188044	6.515679121017456
0.48200942719595424	0.5785989731673328	6.545679330825806
0.5098126711862798	0.5748716332905409	6.585679292678833
0.5095175717258398	0.5746467167346844	6.6156792640686035
0.5085352923525227	0.5754054965287115	6.645679235458374
0.5067154609908135	0.5773945791798757	6.685679197311401
0.5064844758526704	0.5779781842491779	6.715679168701172
0.5061121102386276	0.5778530858452129	6.745679140090942
0.5049392057131703	0.5806788183053667	6.78567910194397
0.5030041330415657	0.5808998644605065	6.815679311752319
0.5028465264409258	0.5811929837236227	6.84567928314209
0.501852584599195	0.5825199798248053	6.885679244995117
0.5054152663391951	0.5809179043857648	6.915679216384888
0.5666324055012245	0.5806374030422677	6.945679187774658
0.5642107650285701	0.5814318754250941	6.9856791496276855
0.5627144350481337	0.5828797013600067	7.015679121017456
0.5623575558066409	0.582615539684132	7.045679330825806
0.5605440596559379	0.5844599187777344	7.085679292678833
0.5059712983122553	0.5758808545142307	7.1156792640686035
0.5061722864955451	0.5778256419865977	7.145679235458374
0.5040600910472757	0.5800083044114119	7.185679197311401
0.5033494103886706	0.5810780645204167	7.215679168701172
0.501848810794967	0.5828651402491974	7.245679140090942
0.5018182800388508	0.5836744977200632	7.28567910194397
0.5006805390588831	0.5846262064760207	7.315679311752319
0.5001378983327406	0.5837888205148625	7.34567928314209
0.4994611896555521	0.5839756438474083	7.385679244995117
0.597533126229702	0.5836243494737299	7.445679187774658
0.5956970823685516	0.58407256729997	7.4856791496276855
0.594574134977767	0.585459899674073	7.515679121017456
0.5933602219863614	0.5856570811843	7.545679330825806
0.5931339855849433	0.5854240365873361	7.585679292678833
0.5927420522092298	0.5872195308360227	7.6156792640686035
0.5909690693009768	0.5893196476491903	7.645679235458374
0.5900963858770693	0.5899694103610273	7.685679197311401
0.5900058782161498	0.5918040889596922	7.715679168701172
0.5901178387220062	0.5906457762256632	7.745679140090942
0.6140523324983174	0.5997255933429204	7.78567910194397
0.6560932720616279	0.5898742917638427	7.815679311752319
0.6550317215915197	0.5897209205410127	7.84567928314209
0.6545988321913687	0.5911326546519876	7.885679244995117
0.6529226863930252	0.5923324730477528	7.915679216384888
0.6518460507911285	0.5932724493446123	7.945679187774658
0.651432117749877	0.5941255433937358	7.9856791496276855
0.6515763270308538	0.5946963151680742	8.015679121017456
0.697271147530334	0.5993698726056318	8.045679330825806
0.6958088959064994	0.5988991706528685	8.085679292678833
0.6953276648036185	0.5991360853251013	8.115679264068604
0.6948632939260515	0.6008811611626146	8.145679235458374
0.6944772314945162	0.603435849779128	8.185679197311401
0.695162179372536	0.6032476511810578	8.215679168701172
0.6942689814597154	0.6035111702724529	8.245679140090942
0.7362816843581127	0.6939747497053006	8.28567910194397
0.7597117256258514	0.605255088586723	8.31567931175232
0.7575047245218632	0.606494478726147	8.34567928314209
0.7572566395179955	0.6070316594473804	8.385679244995117
0.7563372997380188	0.6083244408957469	8.415679216384888
0.7557334612886086	0.6086698082362204	8.445679187774658
0.7552722556635739	0.6097209401293201	8.485679149627686
0.7534120365746592	0.6110554573888303	8.515679121017456
0.75147281066941	0.6138672935042077	8.545679330825806
0.7513494605340454	0.6125374729532631	8.585679292678833
0.765353351138552	0.6142655031911503	8.615679264068604
0.7654812124460617	0.6150653227897585	8.645679235458374
0.7663496530388922	0.6153000796274571	8.685679197311401
0.7670026278986873	0.6148432722983088	8.715679168701172
0.7672013897623222	0.6161967029032748	8.745679140090942
0.7666733953543132	0.6161877239805742	8.78567910194397
0.795787435067843	0.6201172199824124	8.81567931175232
0.7959393511440943	0.6209710448548951	8.855679273605347
0.7956300576016456	0.6229256915252965	8.885679244995117
0.7955158844340066	0.6238111612854071	8.915679216384888
0.7955977996373853	0.6244233180258705	8.945679187774658
0.7961144741186675	0.6254960275754963	8.985679149627686
0.7973604834182001	0.6242478467562781	9.015679121017456
0.8224815997514481	0.6290165489716085	9.045679330825806
0.8213146094383835	0.6288025841202806	9.085679292678833
0.8209067581380739	0.6296863592356987	9.115679264068604
0.8205307170326102	0.6302263171930698	9.145679235458374
0.8205483751044422	0.6305278929430574	9.185679197311401
0.8210365093581125	0.6304550926274302	9.215679168701172
0.8210208267397229	0.6302103665729517	9.245679140090942
0.8202875013018175	0.6301841685104785	9.28567910194397
0.4203344358743967	0.5208962803288364	9.385679244995117
0.41762204145426873	0.5242486001630401	9.415679216384888
0.41496189871781863	0.5267884693511861	9.445679187774658
0.41227150566069204	0.5290894825243522	9.485679149627686
0.42214729965659453	0.5338842918311181	9.515679121017456
0.4254737317839884	0.5391281345759311	9.545679330825806
0.4257548516043364	0.5398339435081572	9.585679292678833
0.4249769607054905	0.5397524147067971	9.615679264068604
0.42653262320243296	0.5387098563598917	9.645679235458374
0.47612503279303414	0.5411489176818459	9.685679197311401
0.47322630095954404	0.5427802526952609	9.715679168701172
0.47177161629841907	0.544455398947403	9.745679140090942
0.47064375590686	0.5457929163531638	9.78567910194397
0.47094788776544766	0.546157362356179	9.81567931175232
0.47101215962252985	0.546520226789622	9.84567928314209
0.4711195731140938	0.5476172823970897	9.885679244995117
0.4712529896040766	0.5460175885315695	9.915679216384888
0.5041278841754459	0.546700580315702	9.945679187774658
0.5420207998608498	0.5448120537078639	9.985679149627686
0.540999209962552	0.5465078369233892	10.015679121017456
0.5398933446092671	0.5465162318259336	10.045679330825806
0.5403910820288383	0.547239750786201	10.085679292678833
0.539180069307313	0.5477270141586087	10.115679264068604
0.5395011638508586	0.5490159656942506	10.145679235458374
0.5406642861332395	0.5478938972086889	10.185679197311401
0.6269753564967617	0.5437807493856746	10.215679168701172
0.6236357934282544	0.5457372666927015	10.245679140090942
0.6208667182992894	0.5479384768192287	10.28567910194397
0.6192348646698472	0.549692871729204	10.31567931175232
0.6181934326089167	0.5495619322392843	10.34567928314209
0.6181031454181133	0.5513152930471248	10.385679244995117
0.6171855763288692	0.5506828442448243	10.415679216384888
0.617089400394648	0.5513301296142693	10.445679187774658
0.6172760595769728	0.5512655229388898	10.485679149627686
0.692128386445327	0.5506729849273594	10.515679121017456
0.7001992221793846	0.5492107949276245	10.545679330825806
0.6990312330468547	0.5490281581144106	10.585679292678833
0.6981632003984372	0.5508648127613971	10.615679264068604
0.6975669020504205	0.5508074682495905	10.645679235458374
0.6968918591962174	0.5528159894301737	10.685679197311401
0.6958132520125998	0.5528970289634182	10.715679168701172
0.6958909344235256	0.553840920450298	10.745679140090942
0.6953024232693962	0.5545898317494844	10.78567910194397
0.6951224023825957	0.5539930470749418	10.81567931175232
0.6966131764650941	0.5521627053968868	10.84567928314209
0.8055235822239819	0.5609291143983898	10.885679244995117
0.8034226992436335	0.5618545988644019	10.915679216384888
0.8020354810971201	0.5618535511178725	10.945679187774658
0.8010813337406312	0.5638260506249617	10.985679149627686
0.8005171321685316	0.5631670221872794	11.015679121017456
0.8004823138909843	0.5633192821290322	11.045679330825806
0.799203363157219	0.5640727452112728	11.085679292678833
0.7976249075071941	0.564475652562375	11.115679264068604
0.7968835313699797	0.565622914804111	11.145679235458374
0.796126263607865	0.5648523695200587	11.185679197311401
0.4266867699247047	0.4742098382191363	11.28567910194397
0.4260341856773351	0.4788679167818999	11.31567931175232
0.42409085713944217	0.4796458964054872	11.34567928314209
0.4215565446061747	0.48296522700886557	11.385679244995117
0.4187709586850605	0.48446470882326315	11.415679216384888
0.41804979543577486	0.48463009617626535	11.445679187774658
0.417240714204556	0.4864579670266806	11.485679149627686
0.4164159719586511	0.48575668021539137	11.515679121017456
0.4155986075783807	0.48568943092325506	11.545679330825806
0.4163629046054896	0.48454498248010125	11.585679292678833
0.4301975075554046	0.4583238755650664	11.615679264068604
0.4294160883907326	0.45751084022440747	11.645679235458374
0.4287236764530383	0.4571827962081929	11.685679197311401
0.42826717021554334	0.45645959590625196	11.715679168701172
0.42929348141389134	0.4573706191871143	11.745679140090942
0.4321350406991976	0.45448419798162515	11.78567910194397
0.4761782798448777	0.45630018558878804	11.81567931175232
0.4744060460004234	0.4548336943955722	11.84567928314209
0.4738469726418517	0.45595989813367216	11.885679244995117
0.4748974899004846	0.45679429270182703	11.915679216384888
0.47461624502937727	0.4568113871199769	11.945679187774658
0.4724015315122417	0.4588303258138113	11.985679149627686
0.47157917977600455	0.4591919712972547	12.015679121017456
0.4708649479022945	0.46055268251515946	12.045679330825806
0.4705482551362334	0.4599304670574401	12.085679292678833
0.470276556301516	0.45932906459086126	12.115679264068604
0.502160062173185	0.4600116709072731	12.145679235458374
0.5020190589686208	0.4600378486312683	12.185679197311401
0.5016871429599261	0.4606870786077427	12.215679168701172
0.5033132944369746	0.45965777827431065	12.245679140090942
0.5367022458604921	0.46331386414171183	12.28567910194397
0.5350900385314751	0.4640139692679874	12.31567931175232
0.5341749680309793	0.4640948077520248	12.34567928314209
0.5335844376696971	0.46538833473225455	12.385679244995117
0.5333566779312751	0.4651364168285759	12.415679216384888
0.533681535707848	0.4657809274639913	12.445679187774658
0.5330657360432723	0.4657355289463373	12.485679149627686
0.46864289309210294	0.4566469538148543	12.515679121017456
0.46785717760232753	0.4576458453357064	12.545679330825806
0.46727548467335245	0.45995241316077184	12.585679292678833
0.4662121837733083	0.4613426568323919	12.615679264068604
0.46511704213917404	0.46127200540764574	12.645679235458374
0.4641008675889006	0.4611415300930577	12.685679197311401
0.4654990295339857	0.4614091495339612	12.715679168701172
0.4806370839082715	0.46022956365798323	12.745679140090942
0.4786747336273701	0.4594269660555086	12.78567910194397
0.4777462418981268	0.4609856439678714	12.81567931175232
0.4768724991252706	0.4611166240605132	12.84567928314209
0.47699587497511464	0.4623299328374369	12.885679244995117
0.4757099929666015	0.46413871097524406	12.915679216384888
0.47641188899777104	0.4620229739666384	12.945679187774658
0.4776519284852356	0.46111486621297004	12.985679149627686
0.5361829939760028	0.46501950328948277	13.015679121017456
0.5377091723556886	0.46318281498544256	13.045679330825806
0.5373139513408588	0.4634664901530747	13.085679292678833
0.5365712094538628	0.4653285711266415	13.115679264068604
0.5368788792888511	0.46582155683642196	13.145679235458374
0.5365244161175354	0.4663578380280055	13.185679197311401
0.5366079900262847	0.46613043697599965	13.215679168701172
0.5355092324223608	0.4691625270215004	13.245679140090942
0.5381924552154979	0.4670576116824291	13.28567910194397
0.6147003517801903	0.4648422883296522	13.31567931175232
0.6125180817382498	0.46688424234057097	13.34567928314209
0.6101040599047003	0.46644446430173514	13.385679244995117
0.6095117740554563	0.4663282798484044	13.415679216384888
0.6079501153959305	0.4676423750740687	13.445679187774658
0.6075234180411029	0.466470557138888	13.485679149627686
0.6062749745925049	0.46761433345880243	13.515679121017456
0.5832535962352469	0.6166087842870542	13.585679292678833
0.5822423944245592	0.6168705956415865	13.615679264068604
0.5810711347740026	0.6162591187771318	13.645679235458374
0.5788840374749621	0.6192495189066082	13.685679197311401
0.576495144071713	0.6203184512164583	13.715679168701172
0.5310869030299232	0.62843182118359	13.745679140090942
0.5275395766974442	0.6297626222242553	13.78567910194397
0.5265161042952416	0.6301777752857798	13.81567931175232
0.5256251291901499	0.6307177536073189	13.84567928314209
0.52504005744807	0.6313169445435306	13.885679244995117
0.5253293000755447	0.6316996704028942	13.915679216384888
0.5238276483090674	0.6321931542640816	13.945679187774658
0.49396094689323317	0.6436240097121777	13.985679149627686
0.4937995610350782	0.6418804594647021	14.015679121017456
0.4939831961057776	0.6445143085530566	14.045679330825806
0.4942742457412367	0.6438463234072446	14.085679292678833
0.49451176558616916	0.6433723491156252	14.115679264068604
0.49558455181992805	0.6436729193692653	14.145679235458374
0.6082683879325429	0.6444526793211081	14.185679197311401
0.611400790945489	0.6416698714878699	14.215679168701172
0.6097776867653066	0.6427901552053104	14.245679140090942
0.6075441731885741	0.6460797128737212	14.28567910194397
0.6059274250736417	0.6479300112706712	14.31567931175232
0.6051305401590444	0.6484458714705145	14.34567928314209
0.6048082022746726	0.649040472013736	14.385679244995117
0.6034247955405138	0.6493028215891598	14.415679216384888
0.7200488719632374	0.6526426146954148	14.485679149627686
0.7174587524923902	0.6542499120635992	14.515679121017456
0.7155150717444962	0.6587072262598671	14.545679330825806
0.7140095353934192	0.6603238406579017	14.585679292678833
0.7114053445593231	0.6650006942122174	14.615679264068604
0.7493968732360246	0.664030553648339	14.645679235458374
0.7841226409459628	0.6696705261591471	14.685679197311401
0.7823950620990635	0.6702493971612489	14.715679168701172
0.7811040129827925	0.6725689620010514	14.745679140090942
0.7800871186926936	0.6736271763581164	14.78567910194397
0.7795163269373936	0.6761674791291655	14.81567931175232
0.7781026918516583	0.6777505210652924	14.84567928314209
0.7780404002263357	0.6782778704184066	14.885679244995117
0.7775897012860289	0.6787482850652773	14.915679216384888
0.7784091428640254	0.6791657702543427	14.945679187774658
0.7781742063763505	0.677386892989936	14.985679149627686
0.7784513568160153	0.6775907723421002	15.015679121017456
0.7783342079597123	0.6773024300740083	15.045679330825806
0.7790985843438426	0.676657685831066	15.085679292678833
0.7934533125190213	0.6780393140578405	15.115679264068604
0.8114094534918436	0.6810956339099651	15.145679235458374
0.8099448178440457	0.681885541058824	15.185679197311401
0.8092927457846271	0.6817494435328251	15.215679168701172
0.5080508633521668	0.6248169563511898	15.28567910194397
0.5035021533288667	0.630524860829304	15.31567931175232
0.5004757502348902	0.634950905178371	15.34567928314209
0.49738479010546244	0.6379723661702582	15.385679244995117
0.45055246454464876	0.6261880097506232	15.415679216384888
0.4500961127329034	0.6289578989115083	15.445679187774658
0.4472088905322045	0.6345986598425677	15.485679149627686
0.4446399632907044	0.6351793706011076	15.515679121017456
0.4433573633632822	0.6371470149430457	15.545679330825806
0.44160591700712937	0.6390574347028403	15.585679292678833
0.4409458469589492	0.6382910190769944	15.615679264068604
0.4378973623521747	0.6330124968681087	15.645679235458374
0.43063223360842434	0.5994697974582335	15.685679197311401
0.4302282514884302	0.5997652063384036	15.715679168701172
0.43014799606817505	0.6015236213636156	15.745679140090942
0.4294283857829695	0.6018824815453677	15.78567910194397
0.43073174767385625	0.6015623116681307	15.81567931175232
0.5012162295095522	0.6010551850881646	15.84567928314209
0.4938912736940757	0.5981461103920626	15.885679244995117
0.49386882398469256	0.6000214392993124	15.915679216384888
0.4933163229835788	0.6002632504987889	15.945679187774658
0.4928526972771525	0.601352765797034	15.985679149627686
0.49186441860271773	0.6025657102943229	16.015679121017456
0.49456819673035496	0.5996497759440683	16.045679330825806
0.5773928856899091	0.6000911619776782	16.085679292678833
0.5730094065257997	0.601742981493849	16.115679264068604
0.5708005020299617	0.6047221162978972	16.145679235458374
0.5693674886605771	0.6057265709611808	16.1856791973114
0.5685728932408118	0.6065669231535455	16.215679168701172
0.5678311840928438	0.6069397157311579	16.245679140090942
0.5694216069218827	0.6066483151955938	16.28567910194397
0.6519222164177974	0.607458246342354	16.31567931175232
0.6482780034486094	0.608671684100574	16.34567928314209
0.6460526617977151	0.6113372921464835	16.385679244995117
0.6450867734348141	0.6122545908465337	16.415679216384888
0.643899134769731	0.6140274080088013	16.445679187774658
0.6430911863957345	0.6154497420697244	16.485679149627686
0.6423336376701692	0.616205973709511	16.515679121017456
0.6636521741528847	0.617489018597682	16.545679330825806
0.6788162339659429	0.6219926368720307	16.585679292678833
0.6780839647130081	0.6224581172213003	16.615679264068604
0.6773512685083889	0.6242442522018582	16.645679235458374
0.67747680833768	0.6243323437443687	16.6856791973114
0.6797829649169324	0.6239788085017016	16.715679168701172
0.7283019039311928	0.6263473657116667	16.745679140090942
0.7263960368093593	0.6276326799638936	16.775679111480713
0.7257682927088369	0.6294465487964425	16.81567931175232
0.7253840434154225	0.6303799355740055	16.84567928314209
0.7243089537437611	0.632552098097141	16.885679244995117
0.7240371732268894	0.6330469111542198	16.915679216384888
0.7238419120856647	0.6327621940471733	16.945679187774658
0.7235239110449978	0.634280904449326	16.985679149627686
0.7448048158218282	0.6379856665201709	17.015679121017456
0.7874327916895992	0.6366342154920251	17.045679330825806
0.7855498835144037	0.6365136780048625	17.085679292678833
0.7843135473732027	0.637527317351758	17.115679264068604
0.7838047528249462	0.6379924167723364	17.145679235458374
0.7826895477909129	0.6388580949021284	17.1856791973114
0.6401004611832638	0.6212305139969246	17.245679140090942
0.636431502866849	0.6222595690518055	17.28567910194397
0.6325922043798052	0.625123116566886	17.31567931175232
0.5781964747538301	0.6071883388689698	17.34567928314209
0.5776535177429017	0.6092427349257448	17.385679244995117
0.5761946108440004	0.6110665616775969	17.415679216384888
0.5750748806617694	0.6132207119477844	17.445679187774658
0.5760928318000369	0.6111241880757674	17.485679149627686
0.5804874143290718	0.5594934927000486	17.515679121017456
0.5674586194527071	0.46679061325180754	17.545679330825806
0.5546438262038802	0.4225329280090102	17.585679292678833
0.5413599478558371	0.4163204290874559	17.615679264068604
0.5264334521510765	0.3589692990539113	17.645679235458374
0.52230618398776	0.33470759775262193	17.6856791973114
0.5186612987334513	0.3321822622807113	17.715679168701172
0.5159609003961306	0.33046488309550687	17.745679140090942
0.5136308177759724	0.3293019361584004	17.78567910194397
0.510872697056059	0.33002534782571247	17.81567931175232
0.509788754808644	0.33003761686293476	17.84567928314209
0.5173176059140301	0.3592597681057332	17.885679244995117
0.5152838635299833	0.36073671217332937	17.915679216384888
0.5134575512638567	0.36086355724466396	17.945679187774658
0.5160829621045439	0.36438984602034796	17.985679149627686
0.5292977950450571	0.40570026725307445	18.015679121017456
0.5284117313675211	0.40380707069897914	18.045679330825806
0.5264196904630871	0.40494789446935303	18.075679302215576
0.5247722904661705	0.4071898379569105	18.115679264068604
0.5239526624995234	0.4090393857226342	18.145679235458374
0.5229000678261932	0.409595158667117	18.1856791973114
0.5313071147858283	0.41569350387137244	18.215679168701172
0.5323278360932946	0.4193587573258462	18.245679140090942
0.5325379983328853	0.4196533441222937	18.28567910194397
0.5319226165098883	0.41888368694521516	18.31567931175232
0.5316841465833146	0.4205169975099407	18.34567928314209
0.5825448350237122	0.42364620817782506	18.415679216384888
0.5825092127056596	0.42415934407517925	18.445679187774658
0.5808311016425964	0.42502175024448396	18.47567915916443
0.5808157175224554	0.42426402528729484	18.515679121017456
0.5799011102833475	0.42651827197045367	18.545679330825806
0.5820552078711199	0.45517037665287857	18.585679292678833
0.5810738750148949	0.4574936190675816	18.615679264068604
0.5794601150218993	0.46170251985317884	18.645679235458374
0.5800115419443106	0.46207181127644337	18.675679206848145
0.5792388671350743	0.46204872008095604	18.715679168701172
0.5787321550789257	0.4623987847937774	18.745679140090942
0.5784785092872518	0.4623095323816751	18.78567910194397
0.5777890172383455	0.4612613593822201	18.81567931175232
0.5772000320940184	0.46221994844971465	18.84567928314209
0.577496557276954	0.4616949815519141	18.885679244995117
0.632263925883947	0.4429174554899293	18.915679216384888
0.6298057696108414	0.44182468827724586	18.945679187774658
0.626485400996358	0.4417515852085258	18.97567915916443
0.6247250944255782	0.44290861791750846	19.015679121017456
0.6249926686913584	0.4433443919537739	19.045679330825806
0.6245671716695949	0.44224348899357663	19.075679302215576
0.6237322118537489	0.442701505319855	19.115679264068604
0.6255243521786296	0.4433764583881934	19.145679235458374
0.6564250141157356	0.4390942356199796	19.1856791973114
0.6551563321862538	0.4397678619825631	19.215679168701172
0.6551152404120196	0.4390165426772623	19.245679140090942
0.655614708490541	0.43867928848846127	19.28567910194397
0.6590755670793077	0.438138137365051	19.31567931175232
0.7358435676806863	0.4362268069307772	19.34567928314209
0.7339462319887872	0.4361694219004058	19.385679244995117
0.7330393528612161	0.4384368784960567	19.415679216384888
0.7324767332628757	0.4389473564622203	19.445679187774658
0.7316019683163215	0.43913490129121313	19.485679149627686
0.7316741947179575	0.4398678571967768	19.515679121017456
0.732844038865909	0.4392244139718471	19.545679330825806
0.811312806593004	0.4784529274589448	19.585679292678833
0.8086735996833109	0.4778235495379911	19.615679264068604
0.8067614903114422	0.4790315066090948	19.645679235458374
0.8055374829827188	0.4800168717813293	19.6856791973114
0.8052748635548772	0.479086376149069	19.715679168701172
0.804725494088024	0.48075754971411205	19.745679140090942
0.8045369439562485	0.48092308962460495	19.775679111480713
0.8033499985309461	0.4818020724679781	19.81567931175232
0.8029523322570342	0.4819167041218733	19.84567928314209
0.7993938655799488	0.4843428358286875	19.885679244995117
0.48916011653758334	0.4093942340781227	19.945679187774658
0.48629467945716565	0.412373380147769	19.985679149627686
0.4830935513717759	0.41438170073365593	20.015679121017456
0.48168485043699344	0.415401402768338	20.045679330825806
0.4798070771338547	0.41700150015437065	20.085679292678833
0.42411445553393234	0.40260395051038084	20.145679235458374
0.4240464306835357	0.40507424374838374	20.1856791973114
0.42185774977827606	0.40483190070496355	20.215679168701172
0.42077420306357555	0.40466756000716236	20.245679140090942
0.4185526662971622	0.40351631733028503	20.28567910194397
0.42043532788183435	0.40562801035164014	20.31567931175232
0.4170090647629451	0.4057078382100396	20.34567928314209
0.4154743263946067	0.4060492586597569	20.37567925453186
0.4174726424393316	0.40595605146939634	20.415679216384888
0.5164038512643158	0.4044628998225429	20.445679187774658
0.5124580521999321	0.407127353452946	20.47567915916443
0.5103710637847902	0.4094224151730945	20.515679121017456
0.5098188923899116	0.40851030909087105	20.545679330825806
0.5092419330596178	0.4074635417658572	20.585679292678833
0.5080201492968496	0.4071072148438158	20.615679264068604
0.5080731697085938	0.4087063025914533	20.645679235458374
0.5402411227655898	0.4108092372164131	20.6856791973114
0.5367488606277451	0.4139842341425598	20.715679168701172
0.533848920801524	0.41595368272614175	20.745679140090942
0.5309600517892961	0.4157338376402462	20.775679111480713
0.5283905768944659	0.41531890905977986	20.81567931175232
0.5923621505337583	0.42323592999438253	20.885679244995117
0.588128394848144	0.4194090532106286	20.915679216384888
0.5866296806720079	0.4172833660092452	20.945679187774658
0.5880180113731733	0.4133653266435622	20.985679149627686
0.5901244309283299	0.4139902700596682	21.015679121017456
0.7668329605149647	0.42506927090223123	21.085679292678833
0.766802764077194	0.42619512754127403	21.115679264068604
0.7386375293711788	0.4212507838646593	21.145679235458374
0.7386737454796185	0.42098791507326017	21.1856791973114
0.7346198684514971	0.4235086327809303	21.215679168701172
0.7628167772027621	0.4310629367923738	21.245679140090942
0.7647088217246942	0.4294696117084177	21.28567910194397
0.7683835022628249	0.427503764732039	21.31567931175232
0.8034559779952793	0.42208702685225147	21.34567928314209
0.8017935859750712	0.42271697113951007	21.385679244995117
0.7998708346310602	0.4229446994597608	21.415679216384888
0.7977737503615442	0.42273559138240496	21.445679187774658
0.7968712560092085	0.4211177836859454	21.47567915916443
0.7965783317504691	0.422774304677636	21.515679121017456
0.7956900857550904	0.4236395992216467	21.545679330825806
0.7946766235213039	0.42315140061499273	21.585679292678833
0.7933387451570232	0.42027377503246705	21.615679264068604
0.7927962851887581	0.4177666040110615	21.645679235458374
0.7931149870522497	0.42309863985117785	21.6856791973114
0.7931723421375367	0.4187724486242588	21.715679168701172
0.7927952049193907	0.41641395581062246	21.745679140090942
0.7925673655185488	0.4159992541679189	21.78567910194397
0.7936319884202766	0.415734445589793	21.81567931175232
0.794382922530724	0.4170174452688659	21.84567928314209
0.7959920145832404	0.41588243473513137	21.87567925453186
0.8329595044430044	0.42457480907462525	21.915679216384888
0.8307015236382713	0.42615214044180855	21.945679187774658
0.8300201683101722	0.42672853771360475	21.985679149627686
0.8319998918882533	0.4279210610960736	22.015679121017456
0.4635644637711449	0.3506224618032999	22.115679264068604
0.45951247450254634	0.35469238951024634	22.145679235458374
0.4575038118544477	0.3567852615047604	22.1856791973114
0.4563899597236927	0.3607007515312366	22.215679168701172
0.4545993435790754	0.3605680036086278	22.245679140090942
0.45273754174361697	0.3608564180324822	22.28567910194397
0.45196409986238006	0.3612713913722833	22.31567931175232
0.4325063621497711	0.3528812193620153	22.34567928314209
0.4314128602364211	0.35062480461045725	22.385679244995117
0.430382953874677	0.35193286775194293	22.415679216384888
0.4289426744840466	0.35336354670752523	22.445679187774658
0.4263599978373283	0.3543132536244861	22.47567915916443
0.4258639600590481	0.35802953582372615	22.515679121017456
0.4240533729183072	0.3574948693687876	22.545679330825806
0.4240637316759108	0.35664176245424656	22.585679292678833
0.42411264994273595	0.35730406047277	22.615679264068604
0.42796548115673666	0.35571320066288575	22.645679235458374
0.4848973515091098	0.3541101619037971	22.6856791973114
0.4816678915412707	0.35431107377580434	22.715679168701172
0.47984865960267953	0.35673360200267673	22.745679140090942
0.4793973185787186	0.3576797841674748	22.775679111480713
0.4785311554150997	0.3581026194248446	22.81567931175232
0.47869769546505087	0.3595051105089395	22.84567928314209
0.4783299438576653	0.3596575564266973	22.87567925453186
0.47904493521412483	0.3598592176032294	22.915679216384888
0.47889519319795887	0.36094910639440514	22.945679187774658
0.4794093216741851	0.3596849419411667	22.985679149627686
0.4890019528200003	0.35657782467864796	23.015679121017456
0.5067659322045196	0.35820773671631856	23.045679330825806
0.50604224146195	0.3586740751635545	23.085679292678833
0.5059669232598609	0.35938702114437465	23.115679264068604
0.5059463071885105	0.3607212520927854	23.145679235458374
0.5058326122670105	0.3616468055365117	23.175679206848145
0.5060771445832091	0.3623884267523019	23.215679168701172
0.5034585601025561	0.3612079784840634	23.245679140090942
0.462102711463462	0.35375124381135303	23.28567910194397
0.4622054259517404	0.35257318621677997	23.31567931175232
0.4600123311968846	0.355667973572289	23.34567928314209
0.4587263044361171	0.357428942308232	23.385679244995117
0.4588607513975773	0.3567884852084093	23.415679216384888
0.4580488854378203	0.3568392330723296	23.445679187774658
0.45832988062792807	0.3570857427975408	23.485679149627686
0.43364762859690803	0.3537653880022368	23.515679121017456
0.4324026836081174	0.3541869460816513	23.545679330825806
0.43349488486861754	0.35298912542330846	23.585679292678833
0.43311702073521635	0.3539233534717294	23.615679264068604
0.432923949841321	0.35358901036900137	23.645679235458374
0.4326148459019163	0.35364265398496414	23.6856791973114
0.4330759991719826	0.351643188908344	23.715679168701172
0.4324435058773122	0.3521451378346736	23.745679140090942
0.43247967367603857	0.35130087092988094	23.78567910194397
0.4324610112878531	0.35103709798299504	23.81567931175232
0.4331157772327236	0.35157397053948963	23.84567928314209
0.4342769000842985	0.35024566426618037	23.87567925453186
0.5098189557442552	0.3506576405883804	23.915679216384888
0.5050469311942088	0.34758188167508414	23.945679187774658
0.5030879094173345	0.3475927668837342	23.97567915916443
0.5026272170567286	0.34970002917229226	24.015679121017456
0.5019834230056283	0.34969185905628175	24.045679330825806
0.5017334242829297	0.34949722746260825	24.085679292678833
0.503965691354888	0.34979177079470614	24.115679264068604
0.5545587765999023	0.3490773584996232	24.145679235458374
0.5517850666657882	0.3524305144505423	24.1856791973114
0.5489341751844329	0.355072912213794	24.215679168701172
0.5475230526959629	0.35580805335417304	24.245679140090942
0.5467745198861451	0.35427494022830847	24.275679111480713
0.5462818520929549	0.3545714110468263	24.31567931175232
0.3402017178073861	0.4855422283070426	24.34567928314209
0.3519134374292045	0.5361933417111809	24.37567925453186
0.3527324878530339	0.5345053705762134	24.415679216384888
0.3538052991105174	0.5332584532049495	24.445679187774658
0.6231343494387435	0.3616914611941111	24.485679149627686
0.6227503627979768	0.3631113838125761	24.515679121017456
0.6214340210522035	0.36292174884034817	24.545679330825806
0.6180021870775707	0.3651207276989464	24.575679302215576
0.6119521502545301	0.36702363866888454	24.615679264068604
0.6096779937552622	0.3679172629141193	24.645679235458374
0.6081939738774177	0.36933605288817195	24.6856791973114
0.6714166440821014	0.37175893321699754	24.715679168701172
0.6680383688935059	0.3703368074558487	24.745679140090942
0.6674315362505804	0.36922092057866795	24.78567910194397
0.6674135453981844	0.3715124546566001	24.81567931175232
0.7210561735967064	0.3737252003339576	24.84567928314209
0.7181220693205276	0.37514425138181196	24.87567925453186
0.7165327140905414	0.37752364831096524	24.915679216384888
0.7156333477056641	0.37805868543223703	24.945679187774658
0.7148694784933011	0.3785909457585016	24.97567915916443
0.7136876779180523	0.38114037678147494	25.015679121017456
0.7117237661576431	0.3823702604179903	25.045679330825806
0.7108246698424918	0.38511516948915403	25.075679302215576
0.7131666997085069	0.384782529447446	25.115679264068604
0.7424635220710466	0.38595874113388856	25.145679235458374
0.7408040883952907	0.3856782402361201	25.1856791973114
0.7400598726301494	0.3866930431913738	25.215679168701172
0.740054630354152	0.38841774205347285	25.245679140090942
0.7398425719906552	0.38848025821541	25.275679111480713
0.7395214050742391	0.3881636937376054	25.31567931175232
0.7427484797563716	0.38799749784553056	25.34567928314209
0.7773274585004742	0.3936206376344448	25.37567925453186
0.7759465305003843	0.3931565099636661	25.415679216384888
0.7757334702120442	0.3930060373105633	25.445679187774658
0.7758908267915974	0.39245779414554666	25.485679149627686
0.7753091478863655	0.3936960547669874	25.515679121017456
0.7746088775099119	0.3936526172394779	25.545679330825806
0.7748166865092435	0.39374402919049756	25.575679302215576
0.7745893198757265	0.39362118970719945	25.615679264068604
0.7739991095953438	0.3929968312001057	25.645679235458374
0.4501668757458865	0.30867423545075334	25.715679168701172
0.44587386357182446	0.31148910118506545	25.745679140090942
0.44376325624546775	0.3137732106002699	25.775679111480713
0.44092167416428146	0.3152916657852693	25.81567931175232
0.43908613632804927	0.3164792161134445	25.84567928314209
0.43777129010697885	0.3186950720665221	25.87567925453186
0.43506858594492515	0.32010111312811035	25.915679216384888
0.4337196144111545	0.32286711797312534	25.945679187774658
0.43258442064172703	0.3225361857463033	25.97567915916443
0.433340622145989	0.32248127666014226	26.015679121017456
0.43324963478270184	0.32125922426508463	26.045679330825806
0.4323507859407853	0.32020956270518414	26.075679302215576
0.4321431423737604	0.3192653108957754	26.115679264068604
0.43301100307799145	0.31991201600856894	26.145679235458374
0.4330887368646086	0.31971394861013974	26.1856791973114
0.53517567031663	0.315868051246812	26.245679140090942
0.5329123572939842	0.3148361998456287	26.28567910194397
0.5316108154466651	0.31804032737607185	26.31567931175232
0.5298875155016476	0.3189343359443311	26.34567928314209
0.5292424426434045	0.32041076933376544	26.37567925453186
0.5284896342620728	0.3201465442356295	26.415679216384888
0.5283774268513705	0.32035099740631207	26.445679187774658
0.530958656024237	0.3203956852810085	26.485679149627686
0.5919512431044353	0.3228661554765298	26.515679121017456
0.5885971541141914	0.3233084692632098	26.545679330825806
0.5874062239565291	0.32391305246860214	26.575679302215576
0.5869810188946285	0.3246583532500038	26.615679264068604
0.5862082241260741	0.32524226399056244	26.645679235458374
0.5862707313354147	0.3263557017596736	26.675679206848145
0.5882244915777437	0.3269883227527204	26.715679168701172
0.6386905280878132	0.329648888739372	26.745679140090942
0.6358661449747349	0.330561927634455	26.78567910194397
0.6339834233487849	0.33135853125353126	26.81567931175232
0.6339267727047271	0.33139907050297657	26.84567928314209
0.6331992185693368	0.3319835267102867	26.885679244995117
0.6326907607016006	0.3335974674980097	26.915679216384888
0.6323435359226607	0.33293622296486064	26.945679187774658
0.6329176874100916	0.3329743633844654	26.97567915916443
0.6330413635725358	0.33291133731981126	27.015679121017456
0.701020787504004	0.33296033252031054	27.045679330825806
0.6996719522342997	0.332258152518152	27.075679302215576
0.6992827806073733	0.33098736681691077	27.115679264068604
0.6989741982610498	0.33033645319684535	27.145679235458374
0.6986678730982089	0.3311725066562699	27.1856791973114
0.6982955731408936	0.3329956208513131	27.215679168701172
0.6993851541358754	0.3329128102741076	27.245679140090942
0.7413310178300774	0.3359400324246613	27.275679111480713
0.7400613876262624	0.3369512036708282	27.31567931175232
0.7394377772013234	0.33673571852104756	27.34567928314209
0.7391865022689763	0.3370883318090358	27.37567925453186
0.7388137813959292	0.3360555501022348	27.415679216384888
0.7380561592194061	0.33713027736001316	27.445679187774658
0.7409927255734692	0.33851712381875015	27.485679149627686
0.8017339897968461	0.34181583626523837	27.515679121017456
0.799440202069509	0.34239639958621493	27.545679330825806
0.7988972458281672	0.34114788682601	27.575679302215576
0.7977824986615089	0.3428919702218676	27.615679264068604
0.7967830845307613	0.34481188444401656	27.645679235458374
0.7952886350788823	0.3447575255646456	27.6856791973114
0.7949994362432953	0.34279855345130117	27.715679168701172
0.7947282603193394	0.34255263809263103	27.745679140090942
0.7950137127192526	0.34130097650116037	27.775679111480713
0.8215894438439943	0.34588281242632996	27.81567931175232
0.8227917805134831	0.3451738139918492	27.84567928314209
0.8234207918334744	0.343986360683237	27.87567925453186
0.8234370673279757	0.34421101950871325	27.915679216384888
0.823046324305897	0.3441358870014425	27.945679187774658
0.8234894070172357	0.34454379081329184	27.97567915916443
0.8241398858665024	0.34349643470298336	28.015679121017456
0.8274113568408197	0.3426465966665225	28.045679330825806
0.8558862251880004	0.3486429150087994	28.075679302215576
0.8550747738487556	0.34685817540497466	28.115679264068604
0.8512999486423835	0.3481237560239408	28.145679235458374
0.4693830303532287	0.26133086631007324	28.215679168701172
0.46522140567947146	0.2638057559320787	28.245679140090942
0.4627457074222987	0.2668472278406918	28.275679111480713
0.4592290625157715	0.26921272072360725	28.31567931175232
0.43094362358872657	0.2639171387589938	28.34567928314209
0.4342408193946182	0.26564711967458293	28.37567925453186
0.43248039677972017	0.2678084399411385	28.415679216384888
0.4307901111563586	0.26773246416021296	28.445679187774658
0.42797470047064096	0.27038739080488966	28.485679149627686
0.42601237430782257	0.2732383169711882	28.515679121017456
0.424010605793918	0.2742937916857007	28.545679330825806
0.42761016090863163	0.27086821546153467	28.575679302215576
0.4758748514892758	0.27240968649582803	28.615679264068604
0.47386122231096145	0.2724423841955551	28.645679235458374
0.4727698652838666	0.27475804324245523	28.675679206848145
0.4719749873707922	0.273998947435278	28.715679168701172
0.4719815595914568	0.27573971924778795	28.745679140090942
0.47134435943672565	0.2756299028542389	28.78567910194397
0.5048285487403029	0.2981679916531946	28.81567931175232
0.5468636705519179	0.27460952835874713	28.84567928314209
0.5446670834913128	0.2758232753850258	28.87567925453186
0.5438946237547169	0.27783178002768627	28.915679216384888
0.5429777243291701	0.2790806851558235	28.945679187774658
0.5424811655380316	0.27872334464039633	28.97567915916443
0.5422663059411346	0.28017692975883085	29.015679121017456
0.5423194457046703	0.27998609979859523	29.045679330825806
0.5420598347811647	0.2801434030395651	29.085679292678833
0.5421200931076415	0.2796419866102017	29.115679264068604
0.5419401127892821	0.2795211800971845	29.145679235458374
0.5421854715305341	0.2797731897435974	29.1856791973114
0.5223984790696578	0.2789656132421591	29.215679168701172
0.5119272948183611	0.27859529581389614	29.245679140090942
0.511939172668373	0.2787423346018346	29.275679111480713
0.5117097367103812	0.27809728477547746	29.31567931175232
0.5117640191043238	0.2787206202319958	29.34567928314209
0.5103818243513732	0.2808304244825478	29.37567925453186
0.509636868066412	0.2814845234512269	29.415679216384888
0.4789707867425743	0.2764155851267452	29.445679187774658
0.47843042156518945	0.276282004492074	29.485679149627686
0.47846009589341326	0.27599671545884696	29.515679121017456
0.4877794922623904	0.2738215359379276	29.545679330825806
0.5795719156437227	0.27398661134697094	29.585679292678833
0.5761059086442736	0.2737189439746608	29.615679264068604
0.576540398079461	0.27429595635786136	29.645679235458374
0.6324090306750744	0.27825492365084675	29.675679206848145
0.629103504520565	0.27836038298710974	29.715679168701172
0.6271137614312731	0.2809789539916084	29.745679140090942
0.6260234133891313	0.2816629397458449	29.78567910194397
0.6250869463756575	0.28220421125420414	29.81567931175232
0.6244121340956372	0.282995252264638	29.84567928314209
0.6230778942689442	0.2836300686583988	29.885679244995117
0.622944406827394	0.28421305956021115	29.915679216384888
0.6253351496475779	0.2854051318989318	29.945679187774658
0.6511945700386996	0.28566925813512356	29.97567915916443
0.6497712495423287	0.286634290925053	30.015679121017456
0.6485491660994572	0.2855514074042562	30.045679330825806
0.648548682437103	0.2854839810394587	30.075679302215576
0.6476377552504152	0.2854917991969522	30.115679264068604
0.6485236358451203	0.28555883949289323	30.145679235458374
0.6481882214990562	0.285352960980515	30.1856791973114
0.6470949103933613	0.2863291044114724	30.215679168701172
0.6091637804994111	0.2876403211142469	30.245679140090942
0.6084084565114178	0.2862063233269468	30.28567910194397
0.6102648884553651	0.28727677872335206	30.31567931175232
0.7010855962169756	0.2845832061792274	30.34567928314209
0.6991424799867411	0.28734754367431736	30.37567925453186
0.6982158608722809	0.28789748574879764	30.415679216384888
0.6968496375224533	0.2877648369885404	30.445679187774658
0.696386872456306	0.2881576544205827	30.485679149627686
0.6954753049748565	0.2884344586088	30.515679121017456
0.7087568827456847	0.28932130055548855	30.545679330825806
0.7251818681656227	0.29205789373573765	30.575679302215576
0.7245574878025793	0.2913885709209237	30.615679264068604
0.7244007359033475	0.2919593310017765	30.645679235458374
0.7234211956478566	0.29245263006588484	30.675679206848145
0.7810571833911714	0.30173397418373815	30.715679168701172
0.7788648518979957	0.2995969607806727	30.745679140090942
0.7779379227469901	0.29986285884151975	30.775679111480713
0.7778423411425371	0.3004636690280043	30.81567931175232
0.7764756758901445	0.3018990859971845	30.84567928314209
0.7761971353411884	0.30361062312948867	30.885679244995117
0.7761582834719747	0.3041691815693127	30.915679216384888
0.44938161539417676	0.22441479891879113	31.015679121017456
0.4489725455095753	0.2261568374294851	31.045679330825806
0.4471492549982804	0.22898530813929754	31.075679302215576
0.44385528265674995	0.23067457087042725	31.115679264068604
0.4415623915585544	0.23354235431221748	31.145679235458374
0.4405448673524298	0.23418734638369043	31.1856791973114
0.4399511060778682	0.23415568006242773	31.215679168701172
0.438843714880581	0.23566504281138495	31.245679140090942
0.4382018675369875	0.2369648900685121	31.28567910194397
0.4379012738877693	0.23589048205796725	31.31567931175232
0.43727599357889413	0.23744517692948433	31.34567928314209
0.49271765928520783	0.23500596566395573	31.415679216384888
0.49043708628606675	0.2355560648379167	31.445679187774658
0.4888078558211785	0.236635675669586	31.47567915916443
0.48759657097766784	0.2375315501024096	31.515679121017456
0.48645866963187784	0.23883324350004548	31.545679330825806
0.48690718328809085	0.23951045710471194	31.575679302215576
0.4862784728060996	0.2396559895200339	31.615679264068604
0.4879394390258318	0.2384079447604981	31.645679235458374
0.5680556123764244	0.24099431574557836	31.675679206848145
0.5662584483740001	0.2391317663179401	31.715679168701172
0.5643582415447042	0.2394123325923389	31.745679140090942
0.5638561669684623	0.2399757456828546	31.775679111480713
0.5631373829421428	0.23981228682929492	31.81567931175232
0.5625565803703597	0.24110671368780423	31.84567928314209
0.5733698253212917	0.2437691601647382	31.885679244995117
0.5883378298521538	0.24185659774707308	31.915679216384888
0.5879880214384541	0.24173756393466203	31.945679187774658
0.5875640507445439	0.2422711049984899	31.97567915916443
0.5859527206737084	0.24497909756263248	32.015679121017456
0.5858074107853289	0.2447986389807719	32.045679330825806
0.5860163725816063	0.24492299307860493	32.075679302215576
0.5855915148085388	0.2444881745049136	32.1156792640686
0.5850362426092434	0.2445665256325828	32.145679235458374
0.5857558788635657	0.24407319328269467	32.175679206848145
0.6302318168051813	0.24342512127061844	32.21567916870117
0.6546778431513491	0.23921297686047327	32.24567914009094
0.6537821223692694	0.24020457164664044	32.28567910194397
0.6532511030387836	0.2403714108570584	32.31567931175232
0.6538084090163205	0.2412687902389517	32.34567928314209
0.6529619422330201	0.2417537583985297	32.37567925453186
0.7060765870060566	0.24435018149798887	32.41567921638489
0.7060580510115644	0.24442297096654642	32.44567918777466
0.7058776925803903	0.24436808545091923	32.47567915916443
0.7052364800956711	0.24489335038857285	32.515679121017456
0.7051424759664361	0.24524700406651903	32.545679330825806
0.7038154438864522	0.24649575354392017	32.58567929267883
0.703551569098849	0.24539074336022992	32.6156792640686
0.7031694458970777	0.24631507018513885	32.645679235458374
0.7527171430618856	0.24576368876021362	32.675679206848145
0.7545718820965446	0.2469000904464174	32.71567916870117
0.7528961278664413	0.2468506923152692	32.74567914009094
0.7527022680860418	0.24773835110263276	32.78567910194397
0.7522710005158978	0.24744392702869888	32.81567931175232
0.7928277373687482	0.2495298725153022	32.84567928314209
0.7895467478532759	0.2527255263604371	32.88567924499512
0.7883044024027009	0.25350723478473997	32.91567921638489
0.7872997763199131	0.25272353724089713	32.94567918777466
0.7872403912892477	0.25306347878772517	32.97567915916443
0.7867536501148152	0.25291258403222083	33.015679121017456
0.7856789659392495	0.2540339400311093	33.045679330825806
0.470442991177753	0.1817526749838094	33.1156792640686
0.46755850178905195	0.1850760700545476	33.145679235458374
0.4639541792603636	0.1878873121865282	33.175679206848145
0.46163418034715675	0.18962660368982492	33.21567916870117
0.42292291615788535	0.1807262095206588	33.24567914009094
0.4255473440426374	0.18277678792130467	33.27567911148071
0.4230943283985202	0.1868409384727175	33.31567931175232
0.4214533842971687	0.1872087966805756	33.34567928314209
0.421137981187977	0.18696371742368542	33.38567924499512
0.4195152746903871	0.18781275623655797	33.41567921638489
0.4190035880946826	0.1879849177873435	33.44567918777466
0.4840485887393527	0.18796719962842712	33.515679121017456
0.48221113257726866	0.18780595547575363	33.545679330825806
0.481247763090944	0.19010608675127338	33.58567929267883
0.481041138169605	0.19109624167093187	33.6156792640686
0.4811150333224206	0.1929814438302577	33.645679235458374
0.48117352870489455	0.19167989018278603	33.675679206848145
0.48612163509176837	0.19188256699378647	33.71567916870117
0.5428978184955079	0.19725601082699368	33.74567914009094
0.5419202376265727	0.19878842532561009	33.78567910194397
0.5414961604569267	0.19949929409596756	33.81567931175232
0.5408047734011818	0.19863918274984974	33.84567928314209
0.5394616487292483	0.20016486906300976	33.87567925453186
0.5385379715018344	0.20070758217329263	33.91567921638489
0.5368461785374947	0.20191977606327027	33.94567918777466
0.4798893363220671	0.19930089667885403	33.97567915916443
0.4809454159567967	0.20205452317727174	34.015679121017456
0.47848848533319627	0.20198468927392696	34.045679330825806
0.4777596607525746	0.20231692547568353	34.08567929267883
0.4767235041012805	0.2031336574271979	34.1156792640686
0.47352311953312964	0.20319678478856834	34.145679235458374
0.45283009637520644	0.2043144992101489	34.175679206848145
0.454433705603419	0.20457814587176873	34.21567916870117
0.45310690691208627	0.20634543015499746	34.24567914009094
0.45234662588033403	0.2066813619919202	34.28567910194397
0.5242407769706531	0.21226246856246936	34.31567931175232
0.5372342059833175	0.20399633115006005	34.34567928314209
0.5356348253541587	0.20719652695669663	34.38567924499512
0.5343296442795179	0.20785206764980463	34.41567921638489
0.5333300942751644	0.2081750248188843	34.44567918777466
0.5323001468842381	0.20891339896233155	34.485679149627686
0.5317905696677221	0.20712564930139213	34.515679121017456
0.5308371374129682	0.20847607753884595	34.545679330825806
0.529992050589378	0.2078456297418635	34.58567929267883
0.5295311579432839	0.2107380896377486	34.6156792640686
0.5278864953046349	0.21093426813008748	34.645679235458374
0.5277815491327874	0.21109512052225354	34.6856791973114
0.5265722979331897	0.211552516225174	34.71567916870117
0.5242662886607808	0.21840116654655986	34.74567914009094
0.48168722612050907	0.4708043899862688	34.78567910194397
0.4654741805832333	0.5355619401379774	34.81567931175232
0.4667275176964896	0.5323227276741407	34.84567928314209
0.45903122637760513	0.5473035034838523	34.88567924499512
0.4138560628105662	0.5637415567444737	34.91567921638489
0.4914994619350466	0.564430941656664	34.94567918777466
0.4912798038933059	0.5738312528471822	34.985679149627686
0.49199323600874817	0.5690164449527019	35.015679121017456
0.49149792245591156	0.5764643020520777	35.045679330825806
0.4262410912243367	0.6262396681605008	35.08567929267883
0.41859842215147813	0.6228572402009316	35.1156792640686
0.4213076786961991	0.627160038153705	35.145679235458374
0.43215358167370505	0.6413575263441684	35.1856791973114
0.4276187528808367	0.6420152502034681	35.21567916870117
0.4301715328449687	0.6385930373289791	35.24567914009094
0.5066518580481963	0.6275615549593541	35.31567931175232
0.5084424039790466	0.62976675590828	35.34567928314209
0.5033439450659009	0.6307504307579637	35.38567924499512
0.518534076771582	0.6180876272695026	35.41567921638489
0.5098345530870344	0.6321203339892772	35.44567918777466
0.5112262383591307	0.6362192052565628	35.485679149627686
0.5088084927247915	0.6295770041454705	35.515679121017456
0.5094784508578823	0.6327699139349743	35.545679330825806
0.600409118286563	0.6271748192087208	35.58567929267883
0.6000032626858781	0.6268508573615896	35.6156792640686
0.6002327476949331	0.6294028358034238	35.645679235458374
0.5941002607089712	0.6298255255861176	35.6856791973114
0.594611469312615	0.629898274516933	35.71567916870117
0.5933295181506545	0.6284807947209592	35.74567914009094
0.5934383447163283	0.6294176994028776	35.78567910194397
0.6285348273975122	0.6353852699610942	35.81567931175232
0.6272063839399321	0.6381192899783856	35.84567928314209
0.6255479783996034	0.6371206508889575	35.88567924499512
0.6246289889304345	0.6354799403500464	35.91567921638489
0.6227256736496878	0.634635016328922	35.94567918777466
0.5808560740303258	0.6330646154933838	35.985679149627686
0.5837746394847091	0.6353195546421583	36.015679121017456
0.5853432014297254	0.6357064810872446	36.045679330825806
0.5855185250674269	0.6339395428017355	36.08567929267883
0.5848558037926452	0.6325522891554971	36.1156792640686
0.5843374791671857	0.6319338858782888	36.145679235458374
0.5852175658129647	0.6358406165737002	36.1856791973114
0.7115211854533763	0.6373552252872674	36.24567914009094
0.7086619041089359	0.6359788186234596	36.28567910194397
0.7069861880650224	0.637851244822609	36.31567931175232
0.7055055960961418	0.6392573500077179	36.34567928314209
0.7037888466908558	0.6428507827392905	36.38567924499512
0.7019384707866302	0.644152297707589	36.41567921638489
0.7006949855699418	0.6432110932294562	36.44567918777466
0.7000218112746436	0.6423062309705347	36.485679149627686
0.8051562188906918	0.6533074057348168	36.545679330825806
0.8026095310038495	0.6547289518267562	36.58567929267883
0.8008724718658602	0.6572439525944263	36.6156792640686
0.7996304983733741	0.659193349730232	36.645679235458374
0.7979397466086804	0.6598408640845599	36.6856791973114
0.7973090878492861	0.6628265931039542	36.71567916870117
0.797181916734059	0.6613129938534245	36.74567914009094
0.7968383090633308	0.6614052742969428	36.78567910194397
0.796835919537962	0.6612905833079084	36.81567931175232
0.7940137592366244	0.662237132976772	36.84567928314209
0.4461074069904905	0.5527061442443334	36.91567921638489
0.44607192160045417	0.5593961443933845	36.94567918777466
0.4439955483524544	0.5654876790683466	36.985679149627686
0.44135303735744735	0.5689691821347512	37.015679121017456
0.43810023425479194	0.5732999422587202	37.045679330825806
0.43632857425981164	0.576975068938231	37.08567929267883
0.4352867608888136	0.5773040608797494	37.1156792640686
0.43540848523178766	0.5772940845445022	37.145679235458374
0.4332111169075996	0.578706405707506	37.1856791973114
0.4325830970438425	0.5821922219108204	37.21567916870117
0.48519177070286884	0.5841919406473113	37.24567914009094
0.48270054825272357	0.5798787076148915	37.28567910194397
0.4824109709028894	0.5785083746541441	37.31567931175232
0.48219086662593347	0.5820210590916289	37.34567928314209
0.4813623226245977	0.5811426791039999	37.38567924499512
0.48127452307268165	0.5835293978804232	37.41567921638489
0.48229539573744934	0.5848635254579121	37.44567918777466
0.5288764756664099	0.5887829230930314	37.485679149627686
0.5268749073644303	0.5888679251931411	37.515679121017456
0.5259127294076357	0.5925627898506216	37.545679330825806
0.5257616795595319	0.5928996706464792	37.58567929267883
0.5254211665647589	0.5931721901775618	37.6156792640686
0.5253625169551721	0.5938484913381304	37.645679235458374
0.5253626343531232	0.594491707849287	37.6856791973114
0.5245525366151578	0.5947038593187215	37.71567916870117
0.5242955673946555	0.5959896746996761	37.74567914009094
0.5244694408752165	0.5964225682867016	37.78567910194397
0.5265518955985693	0.5961230258851162	37.81567931175232
0.5515662534793866	0.5956417345039704	37.84567928314209
0.5509009287236976	0.5969437921899852	37.88567924499512
0.54983995658015	0.5975848502721705	37.91567921638489
0.551032574815695	0.5979688869528659	37.94567918777466
0.5983765912525171	0.5998270833480294	37.985679149627686
0.5969100454131124	0.5996087702791875	38.015679121017456
0.5948880160504431	0.6031136420074944	38.045679330825806
0.5938027732713503	0.6050290999803786	38.08567929267883
0.5910842433185967	0.6085778070247838	38.1156792640686
0.5894136271206544	0.6083595007988453	38.145679235458374
0.5896104531944826	0.6096491644012794	38.1856791973114
0.5884362385726079	0.6083742449844961	38.21567916870117
0.5879685465071748	0.6094838224514261	38.24567914009094
0.6554101265568298	0.611763276622271	38.31567931175232
0.6543679948689345	0.6137319038687177	38.34567928314209
0.6535114956525485	0.6138062318422908	38.38567924499512
0.6519283966320686	0.6160356263895376	38.41567921638489
0.6517729876123302	0.6174757382456909	38.44567918777466
0.6504474040069649	0.618655455285352	38.485679149627686
0.650265911283728	0.6192417650876915	38.515679121017456
0.6515111772568416	0.6187358350293016	38.545679330825806
0.7197996283731205	0.6196455639354834	38.58567929267883
0.7183598469108208	0.6214092911898397	38.6156792640686
0.7173135675880574	0.623659304387753	38.645679235458374
0.7164504651261169	0.6239083238200174	38.6856791973114
0.7163789847967496	0.6242302000381935	38.71567916870117
0.7142847609834311	0.6259146385886257	38.74567914009094
0.7139391865057734	0.6269875747513283	38.78567910194397
0.7139669734974282	0.6251655729354891	38.81567931175232
0.7485344248600078	0.6365170971274677	38.84567928314209
0.7902052908762753	0.632614047109515	38.88567924499512
0.7887102067954928	0.63420957597185	38.91567921638489
0.7869283384220446	0.638073338783393	38.94567918777466
0.784761595794154	0.6401499474426323	38.985679149627686
0.7840027546903466	0.6409245785478138	39.015679121017456
0.7831844402635664	0.6421651759823318	39.045679330825806
0.7831004019610258	0.6426889025150659	39.08567929267883
0.718535216312577	0.668158467126566	39.1156792640686
0.4587755340524045	0.5559395553722093	39.1856791973114
0.4569741656055305	0.5568243933033165	39.21567916870117
0.45515021355607554	0.5615126898941148	39.24567914009094
0.4458983757445684	0.5600676101902022	39.28567910194397
0.42336287196716854	0.5419377027145745	39.31567931175232
0.42198670614170614	0.5430718853813411	39.34567928314209
0.420102565766721	0.5453405318531495	39.38567924499512
0.4183254483229995	0.545574530209394	39.41567921638489
0.41712105759267487	0.5458679834894113	39.44567918777466
0.41745118866531866	0.5456579677384163	39.485679149627686
0.41680833736614786	0.543954968233095	39.515679121017456
0.41958688891471146	0.5425593006439284	39.545679330825806
0.47865573579595866	0.546678459906505	39.58567929267883
0.4747761749366811	0.5491364124397367	39.6156792640686
0.4740931225869122	0.5496838595350619	39.645679235458374
0.47347764086767774	0.5515760959665444	39.6856791973114
0.4729398205965699	0.5531152357877934	39.71567916870117
0.4730656091905747	0.5527655154688121	39.74567914009094
0.47272947949778993	0.5537236225641947	39.78567910194397
0.47211083188661557	0.5562555573053398	39.81567931175232
0.5088035887633442	0.5631710103287503	39.84567928314209
0.511526011504274	0.5609841930250283	39.88567924499512
0.5108457704106159	0.5602463490528548	39.91567921638489
0.5101614305987592	0.5600732860612815	39.94567918777466
0.509934205249365	0.5608608502998856	39.985679149627686
0.5106178273051193	0.5620051603715742	40.015679121017456
0.5103693469324597	0.5621646408353501	40.045679330825806
0.5107051216891124	0.5620621520570834	40.08567929267883
0.5105339421074256	0.5626440229913693	40.1156792640686
0.5104303682273154	0.5627831095225632	40.145679235458374
0.5112226356437108	0.5628100469782692	40.1856791973114
0.5111852235185325	0.5635595941279268	40.21567916870117
0.5112824374108469	0.5619061930310211	40.24567914009094
0.5119969929589235	0.5636848228455903	40.28567910194397
0.5515869227187103	0.5634265974292318	40.31567931175232
0.5503346785386405	0.5630270290007211	40.34567928314209
0.5495944519749929	0.56376637709899	40.38567924499512
0.5499934406308299	0.5642592780149797	40.41567921638489
0.5490151623634243	0.565057067672012	40.44567918777466
0.5484899184189032	0.5659649192426721	40.485679149627686
0.525250666885907	0.571086486198633	40.515679121017456
0.5030271552745761	0.5618614524774982	40.545679330825806
0.5033233267996582	0.5610132608817296	40.58567929267883
0.5029610205698	0.5590435102789513	40.6156792640686
0.5022774972719162	0.5606436294187013	40.645679235458374
0.5010128506808691	0.5625034355554481	40.6856791973114
0.4996679877397605	0.5631845832165527	40.71567916870117
0.49873481860615526	0.5650910291109856	40.74567914009094
0.49881241681599925	0.5641492695606625	40.78567910194397
0.4993971847607375	0.5632639979759024	40.81567931175232
0.49898448348664454	0.5654927377146081	40.84567928314209
0.49903437728456973	0.5653713910800868	40.88567924499512
0.5000441232393364	0.5649212766505962	40.91567921638489
0.4994535950453404	0.5657481579757216	40.94567918777466
0.5061442421166803	0.5653132240885921	40.985679149627686
0.511683751979931	0.5651891471630179	41.015679121017456
