COORDENADA X	 COORDENADA Y	 TEMPO
0.5798059542097195	1.088154646148948	-33.83960747718811
0.5689659750188394	1.1181673902300615	-33.76960754394531
0.5670881577961573	1.0852011652205715	-33.699607610702515
0.566723303921706	1.0915871894815965	-33.669607639312744
0.5130154980554535	1.020111367466308	-33.599607706069946
0.5103841119870258	1.0239719615136047	-33.5696074962616
0.5117797724528087	1.0258033020267445	-33.539607524871826
0.5086454097961216	1.029277787746303	-33.4996075630188
0.5081039172970451	1.033819848398379	-33.46960759162903
0.5070442866204034	1.035558572195925	-33.43960762023926
0.5061333852913202	1.0381752258068384	-33.39960765838623
0.5060784838961417	1.041157751874327	-33.36960768699646
0.5049057662460691	1.0439173699089574	-33.33960747718811
0.5023465789908108	1.0399477031209974	-33.29960751533508
0.49311391046064634	1.016498430678338	-33.23960757255554
0.4917284867494168	1.0258239173326074	-33.169607639312744
0.4933492740235165	1.0381666267781007	-33.139607667922974
0.4951470654872227	1.0339828035943133	-33.099607706069946
0.4872015151591343	0.9996265305351374	-32.9996075630188
0.4748063780757426	1.0584566430709617	-32.93960762023926
0.48785939218045243	0.9969611500236116	-32.89960765838623
0.4896211688957316	1.0064958855817745	-32.8596076965332
0.49188259802988427	1.014411046026351	-32.82960748672485
0.4995936490418016	1.0276910095715153	-32.79960751533508
0.48870510841550524	0.9944702699441001	-32.76960754394531
0.4896454316091765	0.9905794152776101	-32.73960757255554
0.4908051338469188	0.990777899868515	-32.699607610702515
0.4922175260337283	0.9913924807204497	-32.669607639312744
0.4939355347041388	0.9919693098241149	-32.639607667922974
0.49377878492682264	0.9920610262252569	-32.599607706069946
0.4948831806824166	0.9907314472587513	-32.5696074962616
0.4960769879868336	0.9923378361740137	-32.539607524871826
0.49704593348492204	0.9910987144383531	-32.4996075630188
0.5047048954810309	0.9762266896893318	-32.139607667922974
0.484403755040823	0.7735349630386099	-32.039607524871826
0.48512279603182634	0.7715363248453637	-31.9996075630188
0.4932166167350513	0.817077432074331	-31.739607572555542
0.4949580067341499	0.8753834983251715	-31.699607610702515
0.4801132468977209	0.9202467259460837	-31.669607639312744
0.45531308255987735	0.9586364973639954	-31.61960768699646
0.4751787411596334	0.8455074602575139	-31.599607706069946
0.4663752185889676	0.8771420807108973	-31.569607496261597
0.4614839877478022	0.8737092716491461	-31.4996075630188
0.4728163201330551	0.8623256087797667	-31.46960759162903
0.4891704993353009	0.8770363282946949	-31.299607515335083
0.466634155026255	0.872916449122285	-31.239607572555542
0.4765113952019718	0.8353807185103056	-31.199607610702515
0.46429600071800625	0.8801498875359033	-31.139607667922974
0.46584109078697267	0.8746006364733625	-31.099607706069946
0.4768690138233158	0.8255347667024487	-31.069607496261597
0.4775899337796003	0.828806569363787	-31.039607524871826
0.4769449417269281	0.8345030026736712	-30.9996075630188
0.47802661995222767	0.8361745316673471	-30.96960759162903
0.47910097904052973	0.8307106400713131	-30.939607620239258
0.48120145255348556	0.8251173279664934	-30.89960765838623
0.4805674453023135	0.8385389761676605	-30.739607572555542
0.5419147478351016	0.8857766182760959	-30.569607496261597
0.4733023555854334	0.7702352813360339	-30.539607524871826
0.47364078072835686	0.7810954051974806	-30.4996075630188
0.46854171992869237	0.8990602539055847	-29.86960768699646
0.4740507951724059	0.8241160696819786	-29.83960747718811
0.4541898642786648	0.9423786679599582	-29.699607610702515
0.5498755488911059	0.9073367167968988	-29.4996075630188
0.4969844784586355	0.7546441089538605	-29.36960768699646
0.59096179418712	0.9302535688051143	-29.269607543945312
0.673513256483153	0.9025801140582449	-29.039607524871826
0.6667881629711908	0.8957319181267719	-28.9996075630188
0.6668776688175617	0.8982784286983433	-28.96960759162903
0.6670800504143448	0.9023513279291837	-28.939607620239258
0.6679945639422499	0.901159891286069	-28.89960765838623
0.6668267550748835	0.8999109010433063	-28.86960768699646
0.6677300526216151	0.899162872134486	-28.83960747718811
0.6672260602130915	0.8994674538336356	-28.799607515335083
0.7901372382604814	0.9138549138417364	-28.699607610702515
0.788745662352008	0.9128324363390624	-28.669607639312744
0.7860630371870426	0.9124393187584753	-28.639607667922974
0.7837990818789262	0.9083169687064505	-28.599607706069946
0.7828779554483085	0.9102201356706591	-28.569607496261597
0.7817844717257137	0.9109218859046698	-28.539607524871826
0.7811767349339983	0.9128559866819143	-28.4996075630188
0.778760629627461	0.912523331573592	-28.46960759162903
0.7763389196616768	0.911866555991194	-28.439607620239258
0.7764060125680075	0.9118264363723242	-28.39960765838623
0.7753334375942124	0.9102901150258255	-28.36960768699646
0.7743934380439941	0.909863629484035	-28.33960747718811
0.7735238635059205	0.911127591408022	-28.299607515335083
0.6040976042840952	0.9017138854845924	-28.139607667922974
0.6072992229731552	0.9000735796710092	-28.099607706069946
0.6049511038663928	0.8997517776974276	-28.069607496261597
0.6029994149682024	0.8984527046828444	-28.039607524871826
0.4554437995107794	0.949242532843396	-27.759607553482056
0.4845864963754311	0.8269031861941553	-27.669607639312744
0.5597286757912686	0.6864711534486065	-27.099607706069946
0.5766052062414945	0.6550805762360591	-25.89960765838623
0.5818175764398886	0.6764590362338312	-25.299607515335083
0.7771722142047052	0.7235473409580231	-25.099607706069946
0.7934262722771575	0.7045786612223619	-24.96960759162903
0.7934262722771575	0.7045786612223619	-24.799607515335083
0.4852965788647551	1.290929050962121	-24.699607610702515
0.5451831146824544	1.1327450078890096	-24.669607639312744
0.5350534444696643	1.1516586606584982	-24.569607496261597
0.5001360252965668	1.0628243815784666	-24.4996075630188
0.4713994537329989	1.048871186101778	-24.239607572555542
0.48402250036952327	0.7525930985324756	-24.099607706069946
0.46306981900212624	0.7788497334681708	-24.069607496261597
0.45549065614332507	0.8524370926770101	-23.169607639312744
0.451836144242872	0.7342479185003824	-23.069607496261597
0.4675984859263047	0.9055268320998255	-22.89960765838623
0.46807245883852844	0.838645441009809	-22.599607706069946
0.48039383485842024	0.8410886293918409	-22.229607582092285
0.45129186870558735	0.8243467330641872	-21.96960759162903
0.4595136739396814	0.7997645940585228	-21.699607610702515
0.42377933086422154	0.7601497156594514	-21.46960759162903
0.430836296583445	0.7167416765690581	-21.429607629776
0.4211607762308172	0.681125299618002	-21.389607667922974
0.39149779862935496	0.741662013449276	-21.36960768699646
0.3930215911461593	0.704931119603906	-21.329607486724854
0.36982903117845684	0.7210436675095605	-21.269607543945312
0.3850253076191298	0.5791537921190696	-21.229607582092285
0.37757187168385964	0.5387399188972284	-20.96960759162903
0.3724317147924978	0.5556379821923977	-20.4996075630188
0.3726721470307598	0.6023502722029451	-20.429607629776
0.37897578726096887	0.5756023540520687	-20.39960765838623
0.26957561300292826	0.6019879067378956	-20.329607486724854
0.28760719534656226	0.5900074126293438	-20.269607543945312
0.3744718810269888	0.5125288641960806	-20.229607582092285
0.3873045617967591	0.514168574754417	-20.169607639312744
0.37333635001001414	0.5376637094124012	-19.9996075630188
0.4065326316692534	0.746373036713585	-19.89960765838623
0.431098637736148	0.44439668049328074	-19.4996075630188
0.4215065733272762	0.4265200160833194	-19.46960759162903
0.4496900084534845	0.48011716832832657	-19.329607486724854
0.45158480356425285	0.48979616734662035	-19.299607515335083
0.45927854212699676	0.5161128337551769	-19.269607543945312
0.4398620480099671	0.510558915072019	-18.929607629776
0.4444498609212774	0.504676482651865	-18.86960768699646
0.4592996508049382	0.5755417185913455	-18.669607639312744
0.45201327337258396	0.5919211932548739	-18.569607496261597
0.44590317449461037	0.609576078075473	-18.4996075630188
2.3352158830547323	0.7582914448194754	-17.4996075630188
0.6314953271317486	1.0809619591382607	-17.329607486724854
0.6233973744631831	1.0402488776368939	-17.199607610702515
0.48447289507074187	0.4527512561291667	-17.129607677459717
0.4618571177352758	0.6247039174778435	-17.099607706069946
0.43289365494150056	0.4121760836571602	-16.699607610702515
0.4628751305939854	0.4616671442174488	-16.599607706069946
0.45795721393090927	0.5325069911839092	-15.799607515335083
0.47181990363405835	0.8220960416316361	-15.329607486724854
0.46224291222649705	0.7854711460754176	-15.269607543945312
0.49873190395932987	0.9669544765309173	-14.829607486724854
0.49037313928115334	0.9449994952532302	-14.769607543945312
0.4623474557537693	0.7096669063903455	-13.769607543945312
0.47748635933620937	0.8096130439595459	-13.64960765838623
0.456063395552923	0.8053879449088598	-13.499607563018799
0.46459293184916906	0.7902471183896439	-13.469607591629028
0.4602279154017127	0.7664150338290302	-13.429607629776001
0.4696551401277626	0.7994145487900012	-13.39960765838623
0.44628624761863517	0.8634512324635311	-13.329607486724854
0.47854514991820984	0.7453575560431364	-13.299607515335083
0.45262352508970266	0.8429519467924657	-13.229607582092285
0.4656551719779398	0.7559535041312034	-13.199607610702515
0.4733739284168777	0.6836485521668159	-13.129607677459717
0.4844270412097148	0.7477251316366859	-13.069607496261597
0.5783623110458928	0.9309974967930226	-12.969607591629028
0.43584545341746034	0.5818860936865959	-12.669607639312744
0.34409091686476656	0.46051413614644104	-11.669607639312744
0.4592487782598093	0.7341203603257346	-11.429607629776001
0.4695632890706193	0.605558754518339	-11.329607486724854
0.46593072157732446	0.8238032502143836	-11.269607543945312
0.43515661916512105	0.869394211593303	-11.02960753440857
0.5686077793098233	0.9266466041165268	-10.969607591629028
0.5197348022368404	0.6513441703919431	-10.769607543945312
0.3841046660347049	0.5385528872794235	-10.729607582092285
0.44428967776522826	0.7442420239562395	-10.699607610702515
0.44300965625551414	0.8672896538985027	-10.429607629776001
0.4153210056016408	0.6639660904202176	-10.229607582092285
0.44063882301736507	0.8681439255332434	-10.199607610702515
0.4531062749793078	0.8352369983022548	-10.099607706069946
0.4705574072270858	0.9161477086904276	-10.02960753440857
0.4865580437830175	0.8566633310664373	-9.999607563018799
0.4795826504546724	0.7553508095588488	-9.929607629776001
0.5422799217245582	0.8562533980781771	-9.859607696533203
0.5365253860558852	0.7691295435779371	-9.829607486724854
0.523950482822367	0.8283302631391877	-9.769607543945312
0.5334076648488052	0.8428417600131882	-9.629607677459717
0.5887017455223215	0.8302788161948796	-9.55960750579834
0.5740115276108708	0.8836864679603826	-9.499607563018799
0.5724356869127247	0.7942071185995452	-9.329607486724854
0.5684033505996776	0.8744536719640336	-9.199607610702515
0.5804666580414295	0.8101693223430403	-9.099607706069946
0.6723456256265933	0.8309511862921474	-8.999607563018799
0.6708919712543399	0.8365660192328114	-8.969607591629028
0.6692310428992586	0.8420327069030454	-8.929607629776001
0.6660663055633878	0.8379284636822333	-8.89960765838623
0.671724474482543	0.8438147064921511	-8.859607696533203
0.6601904843386772	0.8224890701527288	-8.829607486724854
0.6686503827848929	0.8456806003876877	-8.759607553482056
0.7103810161631005	0.8298603731969447	-8.659607648849487
0.7081343196615517	0.8339709491145013	-8.629607677459717
0.7079622421744131	0.8358358612276732	-8.599607706069946
0.7084817489647173	0.8361196531972839	-8.55960750579834
0.7079574761956003	0.8345196927979075	-8.52960753440857
0.7075570102191131	0.8350303612445429	-8.499607563018799
0.7064152353423981	0.8375909239424348	-8.469607591629028
0.7053716861910261	0.8357594114865888	-8.429607629776001
0.7054453975327161	0.8368730382927587	-8.39960765838623
0.746279194098649	0.8333766518264595	-8.299607515335083
0.7433254770862835	0.8414291622569188	-8.229607582092285
0.7428584518071896	0.8376725355949641	-8.179607629776001
0.7425514282511936	0.8375069829663987	-8.139607667922974
0.741516889887084	0.837957846264573	-8.11960768699646
0.7398618653859299	0.8373649027171168	-8.099607706069946
0.7394735451515148	0.8364519713780362	-8.05960750579834
0.7387125207323005	0.83584195849636	-8.02960753440857
0.7379570038230251	0.8377131770807325	-7.999607563018799
0.736615139139939	0.8365599509212741	-7.969607591629028
0.7366914968834908	0.8341409478786111	-7.929607629776001
0.6873737822658025	0.8244923344157773	-7.8296074867248535
0.6887692034251863	0.8296881555233165	-7.799607515335083
0.6893072799963149	0.8291674474951103	-7.759607553482056
0.6902805442834077	0.8316271915292409	-7.729607582092285
0.6906310830878494	0.833588177343552	-7.699607610702515
0.6913278989939922	0.8361880423237374	-7.659607648849487
0.69183656836674	0.8358332849687349	-7.629607677459717
0.6908399886312172	0.8350924906528228	-7.599607706069946
0.6921092952810863	0.8350050084187021	-7.569607496261597
0.6921506694797196	0.8359896372162049	-7.529607534408569
0.6930705579651695	0.8346859078896965	-7.499607563018799
0.6933460615506172	0.8330839510705226	-7.4596076011657715
0.6931607090993007	0.8338230925386568	-7.429607629776001
0.6937889660362802	0.834825382958929	-7.3996076583862305
0.7393753928237823	0.8474416957570046	-7.36960768699646
0.744702107853989	0.8336888708643034	-7.3296074867248535
0.7444311498597964	0.8258173348145219	-7.299607515335083
0.7427974974531706	0.827557717481204	-7.2696075439453125
0.7419887891589682	0.8303245224040956	-7.229607582092285
0.7429086136854037	0.8318523709779575	-7.199607610702515
0.7428111282136259	0.8336330056212269	-7.159607648849487
0.7427807994547011	0.8348571802467087	-7.129607677459717
0.7421563401658915	0.8352430618678784	-7.099607706069946
0.7694796403595255	0.8342440836105738	-7.029607534408569
0.7690758940573439	0.8372079410190926	-6.969607591629028
0.7700514704780852	0.8432105291931253	-6.919607639312744
0.766240355435369	0.8261687715385548	-6.879607677459717
0.7654964380607668	0.8313759691364491	-6.859607696533203
0.7666712058390653	0.8316782054576323	-6.8296074867248535
0.7678657149125421	0.8322171793295868	-6.799607515335083
0.7674847096086984	0.8336997210643667	-6.7696075439453125
0.766890990794954	0.8342563239751496	-6.729607582092285
0.46867667647449845	0.7912535268971759	-6.669607639312744
0.48279531214317245	0.7078186208990811	-6.629607677459717
0.385305929883721	0.5804059743032606	-6.3296074867248535
0.45213394617123087	0.7205718296764145	-6.169607639312744
0.45441860991063	0.7476734007296953	-6.069607496261597
1.8455671127395568	0.7335242017104726	-5.799607515335083
1.847250263107129	0.734068737509333	-5.699607610702515
2.000217821105987	0.6014650336192666	-5.659607648849487
0.4603158712319328	0.769688122505554	-5.569607496261597
0.4647078312726826	0.7797870411733053	-5.529607534408569
0.46435704318805016	0.7575280330109408	-5.499607563018799
0.46651107912494527	0.8308856725502337	-5.3296074867248535
0.481531075793218	0.7260987073773074	-5.129607677459717
0.4660216562139808	0.7238107352729902	-4.669607639312744
0.424337857031341	0.7951931819763042	-4.05960750579834
0.40029279582505284	0.5004522307567683	-3.7696075439453125
0.45270804234511347	0.7411549722949355	-3.5996077060699463
0.5633995246136623	0.8598128222547362	-3.299607515335083
0.4434635408829928	0.6758009139251132	-3.2696075439453125
0.424703295207275	0.7501924482684801	-3.0896074771881104
0.33386132564092214	0.6242441891019307	-3.0296075344085693
0.44625987682283086	0.7597773399359409	-2.8296074867248535
0.4401518681570022	0.7533377681788828	-2.729607582092285
0.45127212204349443	0.7585268830700475	-2.669607639312744
0.41277776533959676	0.6859315732881236	-2.5996077060699463
0.5456989917292995	0.5821355616773942	-2.3996076583862305
0.4904571410868402	0.5291944932606892	-2.0996077060699463
0.4466262524578736	0.8267633441098452	-2.0696074962615967
0.45103742137194563	0.79969213875095	-1.9996075630187988
0.4457977171672377	0.7576443875786859	-1.799607515335083
0.4335335337027919	0.45376995396884184	-1.4996075630187988
0.42792650172444124	0.4713646914028395	-1.299607515335083
0.41157471092211784	0.48703441032642353	-1.1596076488494873
0.38798398780456134	0.5522714585354654	-0.9996075630187988
0.4453361905373279	0.4606345128200907	-0.9596076011657715
0.3929205371312298	0.525141880981727	-0.8296074867248535
2.259495393631637	0.9334288404448758	0.4303925037384033
2.541144683857775	0.6831642176130527	0.570392370223999
0.5483992899340231	1.1044094886202163	1.9303925037384033
0.5477768916785938	1.1185185647923916	2.0303924083709717
0.5462554525282125	1.09808283426038	2.070392370223999
0.5643120123541647	1.0522977216950298	2.1003923416137695
0.5603843540555781	1.084320187632165	2.200392484664917
0.5576210657343581	1.1060416105054376	2.2303924560546875
0.5623082326006866	1.06500585489402	2.270392417907715
0.6239277108617596	1.0556180146866823	2.4303925037384033
0.620647979964476	1.0518622044525996	2.500392436981201
0.6197093192170399	1.052460526472664	2.5303924083709717
0.6183458575794295	1.0536543980760997	2.570392370223999
0.6179840031217474	1.054352106034509	2.6003923416137695
0.6180465723452123	1.0567678746611204	2.63039231300354
0.6173415722139344	1.0565891423120644	2.6703925132751465
0.6175469980470024	1.0577689873579241	2.700392484664917
0.6512074872088717	1.0625203942677308	2.7303924560546875
0.652040711428676	1.0539378433412154	2.770392417907715
0.653016059031224	1.0571419618620468	2.8003923892974854
0.6507765317967433	1.0567548566655576	2.830392360687256
0.6496024275571586	1.055878427455798	2.870392322540283
0.6519270949422764	1.0556325193531644	2.9003922939300537
0.6943567144092174	1.0599828864644054	2.9303925037384033
0.6953497712797212	1.0616995099585291	2.9703924655914307
0.6918883452570969	1.0619535909391564	3.000392436981201
0.6906640961571954	1.0640118486662584	3.0303924083709717
0.6897239190686869	1.0626146628234603	3.070392370223999
0.7199317366690341	1.0675042501454284	3.1003923416137695
0.7357724107428579	1.0894498020802579	3.13039231300354
0.7266110375234727	1.066238471601019	3.1703925132751465
0.7282362823822524	1.0714468588988244	3.200392484664917
0.726301155555917	1.0691440428877748	3.2303924560546875
0.7237973239475398	1.0722886437222416	3.270392417907715
0.7276291203240248	1.073612094024727	3.3003923892974854
0.749347083572336	1.06784380007286	3.330392360687256
0.7493588951796438	1.0693157803188142	3.370392322540283
0.7485603676242343	1.0701697300125586	3.4003922939300537
0.7473130370882126	1.0700400312977136	3.4303925037384033
0.745555959456787	1.0707503881722265	3.4703924655914307
0.7456638374722248	1.0715744070387043	3.500392436981201
0.7470492152469986	1.0724494828077735	3.5303924083709717
0.7483250749394029	1.0747224726368305	3.570392370223999
2.3878013284068818	0.6833145086589987	4.1003923416137695
0.5894420982196107	1.0103375174639884	4.7303924560546875
0.5760138717656195	0.9850980829671574	4.800392389297485
0.5791493409458154	1.0316890897098578	4.830392360687256
0.5798413149800599	1.0032522175030747	4.870392322540283
0.5794878774360791	1.0114073196545446	4.900392293930054
0.5772610724838279	1.0132893705433692	4.930392503738403
0.5767753418759396	1.0136989227203588	4.970392465591431
0.6172989037445656	1.013746462351797	5.000392436981201
0.6171159262478766	1.009883893935018	5.030392408370972
0.6118654824075603	1.0021240042083006	5.070392370223999
0.6109396253723576	1.0045416238802365	5.1003923416137695
0.6100623834847917	1.0092362384076334	5.13039231300354
0.6848415807352409	1.0284038864193665	5.200392484664917
0.6802136360636029	1.0275906032053777	5.2303924560546875
0.6780670211849782	1.0294110290484868	5.270392417907715
0.6757657368089196	1.0309048919052364	5.300392389297485
0.6752136555660195	1.0277681809780168	5.330392360687256
0.6751541068003558	1.025704029679487	5.370392322540283
0.6755941185381744	1.0254295120434784	5.400392293930054
0.675769055992877	1.024948045053678	5.430392503738403
0.6764581512366343	1.0233214666689872	5.470392465591431
0.6766784808042628	1.0222754689422633	5.500392436981201
0.6740636714624227	1.0222432736430074	5.530392408370972
0.6713519861358292	1.021726784403349	5.570392370223999
0.6707667159587312	1.0174421836046401	5.6003923416137695
0.6717064569418145	1.0179399369590438	5.63039231300354
0.67198979812425	1.0147651497264873	5.6703925132751465
0.6756168524081512	1.0151062006882474	5.700392484664917
0.7246403565849698	1.0180813798394368	5.7303924560546875
0.7266381745761529	1.017111749315934	5.770392417907715
0.7245059063028536	1.0125893478021148	5.810392379760742
0.7241066534333256	1.016009355841092	5.830392360687256
0.7231155598993844	1.0180448502225126	5.870392322540283
0.7221408409874664	1.0206572872759023	5.900392293930054
0.7217893614520356	1.021740573696696	5.930392503738403
0.7212803610025762	1.0221942144053	5.970392465591431
0.720005688313094	1.021875350605381	6.000392436981201
0.7208180471529405	1.0204374638120555	6.030392408370972
0.7211113093661382	1.0214608059982644	6.070392370223999
0.7212375613384101	1.0206018471763931	6.1003923416137695
0.7215015251609702	1.020591665839549	6.13039231300354
0.7636120199494332	0.9978136063400811	6.1703925132751465
0.763090961295216	1.0353920880417484	6.2303924560546875
0.767772514376933	1.0557250176964301	6.270392417907715
0.7639783300483513	1.0393770732722059	6.330392360687256
0.7637029159136716	1.0428012646982585	6.370392322540283
0.7626873342106907	1.0403089353606796	6.400392293930054
0.7622351637961912	1.036624251049099	6.430392503738403
0.7615989775080658	1.0341192834215112	6.470392465591431
0.7615982322422622	1.030122004593782	6.500392436981201
0.7618384396998485	1.0265940696211873	6.530392408370972
0.7607566979972821	1.0282181996140574	6.570392370223999
0.7619428312457873	1.0244939234918609	6.6003923416137695
0.5404584657298444	0.9659509332859282	7.870392322540283
0.5387553715350258	1.0287714782904285	8.63039231300354
0.5380340596548006	1.0058366189271624	8.670392513275146
0.6193564478317897	0.973635252029972	8.800392389297485
0.6174961686113163	0.97660403287167	8.830392360687256
0.61777047880118	0.9771284437900228	8.870392322540283
0.6171598552840738	0.9764610439468876	8.900392293930054
0.6167233244288725	0.9769793284667977	8.930392503738403
0.6160292804320183	0.9773477851317336	8.97039246559143
0.6144588118563667	0.9774870152143776	9.000392436981201
0.6033840076181215	0.9700120320015456	9.070392370223999
0.599638752778591	0.975356897065025	9.10039234161377
0.5976098478919156	0.9742526650976415	9.140392303466797
0.5988105234233216	0.9762615909219894	9.170392513275146
0.599205634500985	0.9756562143392054	9.200392484664917
0.598245689675632	0.9757158594887642	9.230392456054688
0.5981405978296802	0.978628044268106	9.270392417907715
0.5977837381511252	0.9784552300948288	9.300392389297485
0.6773595363980089	0.9714827308379179	9.370392322540283
0.6745216746992012	0.9810276544901074	9.400392293930054
0.6740410144110499	0.9795315163211324	9.430392503738403
0.6723308469329815	0.9788725709346591	9.47039246559143
0.6710791507177996	0.9789789600811599	9.500392436981201
0.6698574570900044	0.9794969551740338	9.530392408370972
0.6687013424785643	0.9798107224567779	9.570392370223999
0.6662312462547518	0.9825391483299661	9.60039234161377
0.6509996841021775	0.971345148228047	9.63039231300354
0.6506709938732412	0.9799149231984468	9.670392513275146
0.6511349392406621	0.9772174796842819	9.700392484664917
0.6506747406319173	0.9809813792650585	9.730392456054688
0.6506189263842886	0.9641042754036494	9.770392417907715
0.6516389567467263	0.973228529440524	9.800392389297485
0.650027987090909	0.9736083792717725	9.830392360687256
0.6502841465536144	0.9746594516444743	9.870392322540283
0.6847640471400589	0.9706953847503438	9.900392293930054
0.6833256637719094	0.9736679525606567	9.930392503738403
0.686740276747228	0.97303517094237	9.97039246559143
0.7139269444209899	0.9875798039320558	10.030392408370972
0.7119857812267433	0.993927551679466	10.070392370223999
0.7104803961374087	0.9966100140352896	10.10039234161377
0.7104057424223743	0.9974788060419412	10.13039231300354
0.7103484364786666	0.9985798655164374	10.170392513275146
0.7098147798719318	0.997710239073864	10.200392484664917
0.7102979663259295	0.9977964392358176	10.230392456054688
0.7107569904030546	1.0003226589214589	10.270392417907715
0.7100705805465646	0.9994068574832329	10.300392389297485
0.7105576220562071	0.9979592450778559	10.330392360687256
0.7106657088652395	0.9977462252721752	10.370392322540283
0.7117617617761148	0.9986385235095186	10.400392293930054
0.7472478351431081	0.9889568489276108	10.530392408370972
0.7414666196847276	0.9867732945550065	10.570392370223999
0.7411214154365334	0.9818446738139576	10.60039234161377
0.7409871246462129	0.9826230774760718	10.63039231300354
0.7405733485021353	0.9831433511807641	10.670392513275146
0.5684146552972457	0.9279028635523844	11.900392293930054
0.5650291238640024	0.928551528244688	11.930392503738403
0.5609118988314207	0.9203999170120635	11.97039246559143
0.5611036405263684	0.9263909452969726	12.000392436981201
0.5594650924345592	0.928360302178323	12.030392408370972
0.5583277546378603	0.9292634312135865	12.070392370223999
0.5573434256108769	0.9311710179260895	12.10039234161377
0.5560545038371204	0.9321728777046533	12.13039231300354
0.5557789353351272	0.934643798721262	12.170392513275146
0.5569029055009774	0.9352452151307443	12.200392484664917
0.5575192811387171	0.9375212258906523	12.230392456054688
0.5570101624131526	0.9386109228722851	12.270392417907715
0.5575522794434975	0.940281267784134	12.300392389297485
0.556960943610164	0.9397870695194452	12.330392360687256
0.5569053162304352	0.9419902641388669	12.370392322540283
0.5554845071667153	0.9433880953148164	12.400392293930054
0.5544456117497844	0.9429501706238196	12.430392503738403
0.5558285781840528	0.9404639957565447	12.47039246559143
0.6029808506818395	0.9367972736490733	12.570392370223999
0.5953565335582273	0.9347026522567545	12.60039234161377
0.5944974069191398	0.933830933344858	12.63039231300354
0.5949843835926347	0.9316670651508746	12.670392513275146
0.594296144670405	0.9301201037088838	12.700392484664917
0.5939693288639268	0.9308407799677775	12.730392456054688
0.5951311813593192	0.9330621407665622	12.770392417907715
0.6373776233033394	0.9349937556209253	12.800392389297485
0.6397683531871446	0.9267512306898947	12.900392293930054
0.6399819114461475	0.9267742822555145	12.930392503738403
0.6394689030334164	0.9271068420134195	12.97039246559143
0.6385718773016064	0.9273481274240511	13.000392436981201
0.6176589942969193	0.936108669769257	13.070392370223999
0.614883274337836	0.9367816514353289	13.10039234161377
0.6158424936665893	0.938917183973572	13.13039231300354
0.6159275869028844	0.9376270880180032	13.170392513275146
0.6169525337267471	0.9366995235909332	13.200392484664917
0.6170179676004608	0.9351378393950127	13.230392456054688
0.6160451671246023	0.9357302448272442	13.270392417907715
0.6158029419229871	0.9350435353815205	13.300392389297485
0.6146685841328958	0.9347026744460807	13.330392360687256
0.6166923725900166	0.9347609312594597	13.370392322540283
0.6972565584073728	0.9400167777846777	13.400392293930054
0.6991237282291654	0.9417813824789465	13.430392503738403
0.6967667731922028	0.9428144578991358	13.47039246559143
0.6946948719135514	0.9450084617883966	13.500392436981201
0.6948815085615352	0.9457980906453781	13.530392408370972
0.6921358430331892	0.9466031418936718	13.570392370223999
0.6920109178098678	0.9459354368406782	13.60039234161377
0.718673645491798	0.9383690956118567	13.63039231300354
0.7214763301358978	0.9391579989772351	13.670392513275146
0.7206277668014984	0.9388037136322429	13.730392456054688
0.7198252466068339	0.941314104264791	13.770392417907715
0.7197293961175495	0.9394599165881482	13.800392389297485
0.7195342513927244	0.941586177347939	13.830392360687256
0.7148844443780215	0.9421902659376102	13.870392322540283
0.7099733719577282	0.9429778242540403	13.900392293930054
0.7074912095352656	0.9455457585791883	13.930392503738403
0.7064724280049827	0.9469541180787964	13.97039246559143
0.7058777124232363	0.948945994310751	14.000392436981201
0.7045658382780773	0.9516570968873754	14.030392408370972
0.7449375958847185	0.918495861755656	14.10039234161377
0.7533279586928958	0.9615192480820568	14.170392513275146
0.7453468347874167	0.9351559580330494	14.200392484664917
0.7437072839613573	0.9384339416603696	14.250392436981201
0.7442975756071136	0.9388280707621791	14.270392417907715
0.7444583579535159	0.9395067583714841	14.300392389297485
0.7443494938784558	0.9391938909109863	14.330392360687256
0.7444156117124058	0.9399341814805955	14.370392322540283
0.5165053853934303	0.9093058079131106	15.270392417907715
0.50422333076549	0.9229312339759301	15.370392322540283
0.5910044573533941	0.8677726127553987	15.700392484664917
0.5896484469947407	0.8660201568143968	15.730392456054688
0.590114065779354	0.8754052153410526	15.770392417907715
0.58758521084958	0.8756455413567805	15.800392389297485
0.5845299342369046	0.8760880308198524	15.830392360687256
0.5819479630815081	0.8824166553811476	15.870392322540283
0.5870539669937909	0.8705520257654326	15.900392293930054
0.5805653535963229	0.8886876289755344	15.930392503738403
0.5743104015665639	0.8888313210808151	15.97039246559143
0.5743104015665639	0.8888313210808151	16.070392370224
0.5743104015665639	0.8888313210808151	16.10039234161377
0.5125943943782552	0.9409647979121618	16.170392513275146
0.5187134890323237	0.8873726682648496	16.200392484664917
0.5171917706951318	0.9178109006786874	16.230392456054688
0.523908009326137	0.8977730105882752	16.270392417907715
0.523908009326137	0.8977730105882752	16.400392293930054
0.523908009326137	0.8977730105882752	16.430392503738403
0.6047168460426344	0.8984871470649537	16.47039246559143
0.6036036255098388	0.9026341099880669	16.5003924369812
0.6038487273903104	0.9006000986154551	16.53039240837097
0.6003882090117706	0.9051946818344706	16.570392370224
0.5993395969337015	0.904647642232352	16.60039234161377
0.6011644168135986	0.9023130204552705	16.63039231300354
0.6305705852704901	0.9052726739886685	16.670392513275146
0.6167881244491973	0.9233162455480138	16.700392484664917
0.6276708774185208	0.8963896006412497	16.730392456054688
0.624163996952393	0.8988288936539414	16.770392417907715
0.6252427369542315	0.8978730650511048	16.800392389297485
0.6283961188712044	0.8958043335745024	16.830392360687256
0.6309081075414065	0.8933476413569834	16.870392322540283
0.6308715395289383	0.8885625802923959	16.900392293930054
0.6294472029298377	0.8859985502714017	16.930392503738403
0.6237537168510493	0.8992325968557829	16.97039246559143
0.6631443695712581	0.8983480383408776	17.03039240837097
0.6620128198792643	0.8925865392284068	17.070392370224
0.6594093964103002	0.9021305732130502	17.10039234161377
0.6573885968843753	0.9084329423643062	17.13039231300354
0.6560901049492975	0.9089115217552948	17.170392513275146
0.6567393941861531	0.9108022569694544	17.200392484664917
0.6575116121738335	0.9049803827088464	17.230392456054688
0.6572590179800056	0.9081449207015427	17.270392417907715
0.6601549131599743	0.9114491369434555	17.300392389297485
0.43254820592827947	0.8306800856610188	17.370392322540283
0.43108615444255177	0.8327985440597517	17.400392293930054
0.4314292106483998	0.8345841638731994	17.430392503738403
0.4323177406588917	0.834086451155702	17.47039246559143
0.4259803766718676	0.8413854115030678	17.5003924369812
0.40180196500285925	0.8331639711516416	17.60039234161377
0.400373986929649	0.83282615450558	17.63039231300354
0.4095571639679406	0.814476128090958	17.670392513275146
0.4057828593445362	0.8301541492113902	17.700392484664917
0.39504851556749615	0.810282238443744	17.730392456054688
0.3953127031237842	0.8140847465565416	17.770392417907715
0.3907213124869288	0.8515388439009457	17.800392389297485
0.4233445313509036	0.8220544076629535	17.830392360687256
0.41419440687526315	0.8236964244048063	17.870392322540283
0.4112879783847239	0.8254989566242557	17.900392293930054
0.41021509918679067	0.8182986645487061	17.930392503738403
0.4075813683225927	0.8287654750967002	17.97039246559143
0.40765474553605285	0.8285719121466668	18.0003924369812
0.44433555248758916	0.8366691846677697	18.070392370224
0.44306078808564336	0.838347940146785	18.10039234161377
0.4413379789020616	0.8407811820464858	18.13039231300354
0.44004522071990193	0.8408710224176716	18.170392513275146
0.4393842540193038	0.8400915616188461	18.200392484664917
0.43893522816068786	0.8386077013580141	18.230392456054688
0.43926362790096335	0.8402965754803925	18.270392417907715
0.4383771491452845	0.8380776380591668	18.300392389297485
0.4380544844838366	0.8366981069133671	18.330392360687256
0.5268716051066714	0.8756388257316127	18.400392293930054
0.5231530038357981	0.8775022182630453	18.430392503738403
0.5275015569335266	0.867134919153737	18.47039246559143
0.5263144510678929	0.8694544275262569	18.5003924369812
0.5096663991555794	0.890365666583683	18.53039240837097
0.5255212157244903	0.86078784283888	18.570392370224
0.5142542337231742	0.8814197020963517	18.60039234161377
0.49952609880112425	0.8490550301008976	18.63039231300354
0.4988970702173505	0.8478744088260797	18.670392513275146
0.49854126986791636	0.8474902591677853	18.700392484664917
0.497809382388133	0.8491702225346589	18.730392456054688
0.49845178044659616	0.8461798644967896	18.770392417907715
0.4993799574577973	0.8440228549774053	18.800392389297485
0.5006032524396918	0.8427308125639899	18.830392360687256
0.5022374972989208	0.8406885427808222	18.870392322540283
0.575062118026293	0.8743096121454428	18.97039246559143
0.5950780088484715	0.8614504037612478	19.0003924369812
0.5974427417223298	0.855952213527029	19.03039240837097
0.5945532139512459	0.8560010408874651	19.070392370224
0.5924837941377834	0.8562475814402928	19.10039234161377
0.5899649881987078	0.8562656177537952	19.13039231300354
0.592499960862832	0.8653382108664506	19.170392513275146
0.6400773425320906	0.869306106924285	19.270392417907715
0.6380029999133986	0.8713774981721542	19.300392389297485
0.6393593784032517	0.8704398405980507	19.330392360687256
0.6362366986329262	0.8663087054581218	19.370392322540283
0.663740946161482	0.8912356366172601	19.400392293930054
0.6761188352462837	0.8625254412628441	19.430392503738403
0.6753502113352113	0.8650891731744659	19.47039246559143
0.6746367044186367	0.8612253754464175	19.5003924369812
0.6746216869301813	0.8634584815386692	19.53039240837097
0.6749939264463107	0.8623663615200916	19.570392370224
0.6779619935755725	0.8630334352720846	19.60039234161377
0.6970090355555414	0.8624122311547923	19.63039231300354
0.6996352962907298	0.8696163003557461	19.670392513275146
0.696885357379256	0.8612157677666927	19.700392484664917
0.6854283961636812	0.8905288366846594	19.730392456054688
0.6950878854271162	0.8635569013356515	19.770392417907715
0.6939242992326975	0.864631818206138	19.800392389297485
0.6963863189006311	0.8655896402018981	19.830392360687256
0.6971505166044015	0.8606488274887809	19.870392322540283
0.6955848054110412	0.8631234665341254	19.900392293930054
0.7318398938631958	0.8617669173319386	19.97039246559143
0.7307426298327889	0.8584015610127121	20.0003924369812
0.7321883528209927	0.860290273406152	20.03039240837097
0.7327828898592089	0.8623472943977574	20.070392370224
0.7326692810390194	0.8653692885654392	20.10039234161377
0.41455296724668417	0.7825277972313941	20.200392484664917
0.4130019538936958	0.7798869457981895	20.230392456054688
0.41365622470491137	0.779797383023759	20.270392417907715
0.41195264225078226	0.7808496526075438	20.300392389297485
0.40646897039135926	0.7998675322186607	20.330392360687256
0.4101861201507461	0.779277879578513	20.400392293930054
0.4085028916785398	0.7839049355826255	20.430392503738403
0.38849637118256436	0.7902835537141374	20.47039246559143
0.391024119920265	0.8022179122007934	20.5003924369812
0.3922598302413807	0.8069136554244544	20.53039240837097
0.39097138973941586	0.806250979388554	20.570392370224
0.3949906863731014	0.8080452368125489	20.60039234161377
0.4526326161638742	0.7958371730312833	20.670392513275146
0.4371765779147642	0.8297980599125492	20.700392484664917
0.44871704812524293	0.7914230684551476	20.730392456054688
0.44473853857231005	0.7960189278484096	20.770392417907715
0.44302983731599027	0.8002036832839002	20.800392389297485
0.441288150478881	0.8041293052272618	20.840392351150513
0.4420081881808194	0.803993253968753	20.870392322540283
0.44307365995297604	0.8025416643033869	20.900392293930054
0.445273952328082	0.8026809992250744	20.94039249420166
0.4453267478782631	0.803382193722722	20.97039246559143
0.42020849619515216	0.8480771925104817	21.0003924369812
0.43171788269313144	0.8292349212768277	21.10039234161377
0.43088389702174495	0.8275712133060744	21.140392303466797
0.4398409008702784	0.7900820539208903	21.170392513275146
0.43754566602051087	0.7942405208920273	21.200392484664917
0.43595010574337195	0.7938493873889152	21.240392446517944
0.4351735510470099	0.7959418960196479	21.270392417907715
0.4352235413412	0.7932511062730332	21.300392389297485
0.43591843624956284	0.7940134402820168	21.340392351150513
0.43811856409618927	0.7956902279276731	21.370392322540283
0.43970659802062273	0.7964249528386519	21.400392293930054
0.5349983071624133	0.801672892264936	21.47039246559143
0.529552069802409	0.7928880347569502	21.5003924369812
0.5283895416530836	0.7972622834599028	21.54039239883423
0.5276930184164084	0.8009395764299827	21.570392370224
0.526920572090679	0.8029086212228962	21.60039234161377
0.5057140435849125	0.7894766554754297	21.640392303466797
0.4992337012678873	0.7925444085846235	21.670392513275146
0.5007545211797554	0.7931684247304114	21.700392484664917
0.50415808965706	0.7973514442208581	21.740392446517944
0.5046926918798235	0.79666708942626	21.770392417907715
0.5057804194989141	0.7951692897711001	21.800392389297485
0.5051209520950952	0.7946520823858296	21.840392351150513
0.504337230486008	0.7961803388644638	21.870392322540283
0.5049494572528559	0.7994334529646862	21.900392293930054
0.5202414539368748	0.7985620602119446	21.94039249420166
0.5238262497222975	0.803661052773344	21.97039246559143
0.5233908650350512	0.803063351193604	22.0003924369812
0.5243224034334992	0.8003297487757397	22.04039239883423
0.5226881815711842	0.797129012679915	22.070392370224
0.5221363620445355	0.7970449571567794	22.10039234161377
0.5218900968850325	0.7967869835474176	22.140392303466797
0.5221443673934967	0.7961797248523781	22.170392513275146
0.5220634207054845	0.7956830375886141	22.200392484664917
0.5234201490666073	0.7971897788621123	22.240392446517944
0.5224610039101408	0.7984479165227256	22.270392417907715
0.5230775924386131	0.7985970812320851	22.300392389297485
0.5229498530832205	0.7982921587468016	22.340392351150513
0.5227772970651651	0.7981878067908301	22.370392322540283
0.5228200660887935	0.799087442089967	22.400392293930054
0.5227120842655092	0.7975742184342874	22.44039249420166
0.5220723309124492	0.7972661896967632	22.47039246559143
0.5208385838105952	0.7958329749117244	22.5003924369812
0.5198215544354472	0.795400202530326	22.54039239883423
0.5564191421803322	0.7848390991242179	22.60039234161377
0.5554837057976999	0.7966230887571882	22.640392303466797
0.5553217717171899	0.8010966193623567	22.670392513275146
0.555643184924434	0.8016317938437121	22.700392484664917
0.5558807241147848	0.7987460859005966	22.740392446517944
0.5571300861180233	0.8002384193780493	22.770392417907715
0.5567932423971259	0.8027430031627664	22.800392389297485
0.5564968769182731	0.8010902779409232	22.840392351150513
0.557527504507964	0.799543187392961	22.870392322540283
0.5574631929281163	0.800752925827701	22.900392293930054
0.5879716180661289	0.7997487931947861	22.94039249420166
0.5955728236746619	0.8079016060838659	22.97039246559143
0.596907465511773	0.8073724556911179	23.0003924369812
0.5952674323943292	0.8094101010511563	23.04039239883423
0.5938872465856206	0.8077635159313986	23.070392370224
0.5936573570341985	0.8058992960088665	23.10039234161377
0.5932328590892644	0.8037257768267776	23.140392303466797
0.5929435835009724	0.8032600435182154	23.170392513275146
0.593509516945344	0.8030666098913738	23.200392484664917
0.592891596444659	0.8034984882686773	23.240392446517944
0.5924675961969872	0.8049176799063845	23.270392417907715
0.670295488868368	0.8188029260980456	23.340392351150513
0.6683105673791082	0.8181932265374972	23.370392322540283
0.665907024568901	0.8202546836674237	23.400392293930054
0.6632681044314211	0.8177118648142182	23.44039249420166
0.6635168322755134	0.8168594203351659	23.47039246559143
0.662523693473567	0.8178104917779574	23.5003924369812
0.6636569451982177	0.8152488918474977	23.54039239883423
0.6627575863109437	0.815331078974989	23.570392370224
0.6628824495509601	0.8168003921552707	23.60039234161377
0.6617776546892636	0.8156750350984393	23.640392303466797
0.6904926995237883	0.8395198604471041	23.700392484664917
0.7046020762322284	0.8224228340596584	23.740392446517944
0.6952626149071748	0.8214211675371313	23.770392417907715
0.6818109206835568	0.8513699937291461	23.800392389297485
0.6900548338155874	0.8239942579823326	23.870392322540283
0.6876517411922468	0.8256763216903642	23.900392293930054
0.6928814133236537	0.815127187627285	23.94039249420166
0.6923256511468446	0.814658811693131	23.97039246559143
0.41951696806179223	0.7357462502568358	24.10039234161377
0.423100112571795	0.7839306190843707	24.140392303466797
0.42671651343240813	0.7533332182649279	24.200392484664917
0.4234709318593043	0.757452071633379	24.270392417907715
0.4191069274175783	0.766370041509993	24.300392389297485
0.4153290570539476	0.7430147552100921	24.340392351150513
0.3739718393714642	0.8327022858749561	24.370392322540283
0.40743989237817013	0.7406425333326864	24.47039246559143
0.4784254988567372	0.7785457198278204	24.54039239883423
0.4780286573366262	0.7552521504494775	24.570392370224
0.47279445513276946	0.7294175916805954	24.60039234161377
0.46673733796870515	0.7488844298736295	24.700392484664917
0.4673092302497091	0.7536558906742681	24.740392446517944
0.4680815061078632	0.7570719595859998	24.770392417907715
0.4676306591621412	0.7563776337830135	24.800392389297485
0.4681663944110518	0.757334530578057	24.840392351150513
0.4993142110952107	0.7588591560368267	24.870392322540283
0.5061758385655633	0.7582496129699156	24.94039249420166
0.502934819339394	0.7574239983693621	24.97039246559143
0.5024446317122139	0.7601368245842965	25.0003924369812
0.5030450315117022	0.7592953035489294	25.04039239883423
0.5017546062161845	0.7596129863085564	25.070392370224
0.4933371739547886	0.7541903434595685	25.10039234161377
0.4940832423815715	0.7566169655302797	25.140392303466797
0.5549080336782686	0.7789665874233035	25.200392484664917
0.5528855232128901	0.7774908474447823	25.240392446517944
0.5496819172459199	0.7790753976863608	25.270392417907715
0.548343809449986	0.779002227205685	25.300392389297485
0.5476360138598926	0.7800675615669543	25.340392351150513
0.5352630005716646	0.7818659858335851	25.400392293930054
0.5279743141968612	0.7686942661119368	25.44039249420166
0.5237261079431127	0.7542632257667433	25.47039246559143
0.5253813225121841	0.7652693953535898	25.5003924369812
0.5268262323818678	0.7683276415606616	25.54039239883423
0.5276299688378802	0.7679856251593362	25.570392370224
0.5274151174082075	0.7667752007376598	25.60039234161377
0.5277596068581932	0.7642126051551996	25.640392303466797
0.5289425660435926	0.7649370157255566	25.670392513275146
0.531108563284296	0.7631625823909807	25.700392484664917
0.6287954392239335	0.7712022452126628	25.770392417907715
0.6253042907684419	0.7721476325085938	25.800392389297485
0.6254073700361769	0.7702853247700188	25.840392351150513
0.6253925550470225	0.7678902811026884	25.870392322540283
0.624823104331467	0.7656795749927235	25.900392293930054
0.6239916063897835	0.7662546404059712	25.94039249420166
0.6243341148578782	0.7662895121543694	25.97039246559143
0.6250883722091054	0.765616772246273	26.0003924369812
0.6729493412002602	0.7845557861453978	26.070392370224
0.6720331153501247	0.7679672816558836	26.10039234161377
0.6718126558662504	0.767119229081547	26.140392303466797
0.6713482012612584	0.7669334914714825	26.170392513275146
0.6713951544091867	0.7696960728317308	26.200392484664917
0.6953215914270584	0.7775026817320305	26.240392446517944
0.6999403924424387	0.7809329947975345	26.270392417907715
0.6996360501472293	0.7804081246526392	26.300392389297485
0.6990431472345658	0.7831850546099232	26.340392351150513
0.6989109075310719	0.783252261863892	26.370392322540283
0.6972620052718848	0.7840220930823415	26.400392293930054
0.6962271558894788	0.785457922706852	26.44039249420166
0.6959118222958999	0.7876646297284747	26.47039246559143
0.40462791522527214	0.7288548246509704	26.640392303466797
0.3986368070647414	0.681600343041755	26.670392513275146
0.38373064865890594	0.8228373304132356	26.700392484664917
0.420332784977378	0.6920442449313554	26.770392417907715
0.39522061482089904	0.7272432823418321	26.840392351150513
0.39973453172991025	0.7040258652579214	26.94039249420166
0.39463950198030595	0.7008794679116943	26.97039246559143
0.3976417355100431	0.703990545929413	27.0003924369812
0.39730873772163333	0.7067511919745098	27.04039239883423
0.3975433609164041	0.7060936013363845	27.070392370224
0.5470412981531634	0.7292458079526668	27.170392513275146
0.5411253740474283	0.7301762792107879	27.200392484664917
0.5390388209098944	0.7317156119713365	27.240392446517944
0.5377278570111585	0.7311927145675146	27.270392417907715
0.5358273447773211	0.7305824119733761	27.300392389297485
0.5351642599725422	0.7296149167022906	27.340392351150513
0.53380796604745	0.7297705503773777	27.370392322540283
0.5331095007732147	0.7285345606227078	27.400392293930054
0.5115555103238664	0.7233267428063741	27.47039246559143
0.5085806177119329	0.7221583002697121	27.5003924369812
0.5105691870001068	0.7276324682799082	27.54039239883423
0.5104167782736712	0.724625795351741	27.570392370224
0.5099390309927845	0.7224273425598957	27.60039234161377
0.5101901937525916	0.7217673542899309	27.640392303466797
0.5097540148156656	0.7222707798135751	27.670392513275146
0.5092558473942979	0.7233861906390215	27.700392484664917
0.6221945784462483	0.7322648737591274	27.770392417907715
0.617451438025199	0.7365560014049835	27.800392389297485
0.6133863220012875	0.7419316072375095	27.840392351150513
0.6133457124881282	0.7341653286334001	27.870392322540283
0.6022724514147951	0.7568643151069655	27.900392293930054
0.6126881599595871	0.7240917058092304	27.94039249420166
0.6120161373468435	0.7262197180046497	27.97039246559143
0.6107842224444487	0.7270800189020044	28.0003924369812
0.5236001013399781	0.716785895163421	28.070392370224
0.5223485501084795	0.7164930658019399	28.10039234161377
0.522833645788853	0.717635646502838	28.140392303466797
0.5229551967586558	0.7183225358871653	28.170392513275146
0.5235371981836385	0.7188781049565721	28.200392484664917
0.5242557360059704	0.7186336023850838	28.240392446517944
0.5255936591949196	0.7172964634920277	28.270392417907715
0.5266347870614626	0.7159782538403869	28.300392389297485
0.527625309206066	0.7165951182808376	28.340392351150513
0.5293067005532677	0.7175621775912154	28.370392322540283
0.549088728493072	0.7203177844024168	28.400392293930054
0.5550610031306413	0.7146083119970552	28.44039249420166
0.5550807780052917	0.7165389910588282	28.47039246559143
0.5533571411150678	0.7134760822635248	28.5003924369812
0.5517280424721059	0.7143981071102806	28.54039239883423
0.5519133477931824	0.7182721453575365	28.570392370224
0.5329638803810819	0.71031511604546	28.640392303466797
0.5461310089288516	0.7313352686195916	28.740392446517944
0.5215117194576707	0.7868747135252538	28.800392389297485
0.6172878406366239	0.7273946177137588	28.870392322540283
0.6089051859747814	0.7216351748556585	28.900392293930054
0.6029161043418031	0.7114791827584229	28.94039249420166
0.6016084272734149	0.730251839655556	28.97039246559143
0.5999433633269208	0.73047701131781	29.0003924369812
0.5993378925155544	0.7294729588448161	29.04039239883423
0.599451464068034	0.7274767952567947	29.070392370224
0.599232017411537	0.7280274554028049	29.10039234161377
0.5988279662053961	0.7278218069711595	29.140392303466797
0.5982408765842064	0.7277022016057447	29.170392513275146
0.59530671561027	0.7285499803336359	29.200392484664917
0.5768300283724631	0.7293296413463484	29.240392446517944
0.5765399530182602	0.7301765069086367	29.270392417907715
0.5757342389123509	0.7307073973221755	29.300392389297485
0.5739777820763851	0.7268429159132106	29.340392351150513
0.5732602436185661	0.7257864289287291	29.370392322540283
0.57137544058609	0.7242895030047382	29.400392293930054
0.5698018367506413	0.7254953508222163	29.44039249420166
0.5694478901607372	0.7244085487020089	29.47039246559143
0.6348299109406836	0.7940825428836008	29.54039239883423
0.653219056350879	0.7279152782152872	29.570392370224
0.6525595595859859	0.728974782716606	29.60039234161377
0.6518626954727849	0.7315784113657404	29.640392303466797
0.6509910719398224	0.7320779056161021	29.670392513275146
0.6510737239315776	0.7313259098718781	29.700392484664917
0.6506391853491814	0.7313707388915799	29.740392446517944
0.650603879750272	0.7307309942292464	29.770392417907715
0.4554853417477182	0.7405820698356145	30.10039234161377
0.46806959489061234	0.7157535197663936	30.170392513275146
0.45658832833357205	0.7439775853794474	30.240392446517944
0.4611196941158767	0.7171193873019157	30.270392417907715
0.460161305014862	0.7038529638415407	30.340392351150513
0.45137611383640297	0.6743031698058238	30.370392322540283
0.46639885428051825	0.6691143134594212	30.570392370224
0.4678497863543201	0.7127640449855183	30.670392513275146
0.4930092988576242	0.7110656498227428	30.770392417907715
0.4864413639142187	0.6962129238394591	30.900392293930054
0.6788275012500518	0.7224514851563673	31.04039239883423
0.6997513774271432	0.7536372190439687	31.370392322540283
0.6639183614889916	0.38959967646039056	31.670392513275146
0.7293853786172806	0.7514056694756501	31.770392417907715
0.7186620745444893	0.7417756837548072	31.94039249420166
0.45504298918955166	0.65248032596708	32.01039242744446
0.42437792239728817	0.6586112407560925	32.04039239883423
0.4226361594244815	0.6480151332101544	32.570392370224
0.4388864414555713	0.6731462845885691	32.610392332077026
0.428275890707461	0.6944066365544252	32.6403923034668
0.431783429099738	0.6893535069259905	32.740392446517944
0.4839963225087198	0.67426015169386	32.94039249420166
0.48543037761778307	0.6758140931491932	32.97039246559143
0.4830264080459085	0.6761061857162112	33.01039242744446
0.4819421606452522	0.6766376861385042	33.04039239883423
0.4851003137794659	0.6751999259406688	33.070392370224
0.521409037051856	0.6657931018108237	33.1403923034668
0.5205466588371411	0.6678844376505447	33.17039251327515
0.5202731274152358	0.6696843367900722	33.210392475128174
0.5192157916198654	0.6693482872859946	33.240392446517944
0.5194660720653326	0.6702457435246968	33.270392417907715
0.5193705967601631	0.6717416643448686	33.31039237976074
0.5193307846457692	0.6702921725129638	33.34039235115051
0.5185705883939989	0.6704169581573314	33.37039232254028
0.5179392744147692	0.6709160809955997	33.41039252281189
0.5176052338924299	0.6682497423522502	33.44039249420166
0.5460630090199228	0.6735067112147921	33.54039239883423
0.5428793494321803	0.6737766679393242	33.570392370224
0.542726966179354	0.6742290762918534	33.610392332077026
0.5423365190132217	0.6746744482158719	33.6403923034668
0.5418425123749461	0.6760713224395715	33.67039251327515
0.5418393637581319	0.674599404279525	33.710392475128174
0.5416984386179557	0.6759337806214337	33.740392446517944
0.5724741643373679	0.6786128298317773	33.81039237976074
0.57191743359243	0.6782182725221738	33.84039235115051
0.5702604525795241	0.6783347622538043	33.87039232254028
0.5706101138689325	0.6768390568512902	33.91039252281189
0.6151776869652781	0.6761672611742752	33.97039246559143
0.6138335635613981	0.6809573147622643	34.01039242744446
0.614388656752722	0.6832203212716144	34.04039239883423
0.6118800571053671	0.6829608225932763	34.070392370224
0.6110487306483717	0.6819559664091276	34.110392332077026
0.6104642379288543	0.6825780126495441	34.1403923034668
0.6106176345588634	0.682375296037871	34.17039251327515
0.6107965592537863	0.6800039787137974	34.210392475128174
0.6106934628678415	0.680074258175141	34.240392446517944
0.6114745692533438	0.6782140327199611	34.270392417907715
0.6112438613977469	0.675945166159771	34.31039237976074
0.6113959705133506	0.6773614399558405	34.34039235115051
0.6998820582382286	0.6631868220372851	34.41039252281189
0.7037143732594752	0.6915964715180628	34.44039249420166
0.6960654081155702	0.6865961034652869	34.51039242744446
0.690993418837442	0.6748151472849635	34.570392370224
0.6943431077996719	0.6910898149077112	34.67039251327515
0.6708617033937172	0.7349741864264201	34.740392446517944
0.6543143745117851	0.6876247668009151	34.97039246559143
0.656667900277689	0.6887573422080396	35.17039251327515
0.6495607642544895	0.682899457823553	35.270392417907715
0.6761229059096646	0.6316048373437693	35.31039237976074
0.6314971417592224	0.6869317252815745	35.51039242744446
0.6260985121275	0.6861526853294032	35.54039239883423
0.6251064324278343	0.6853355095796294	35.570392370224
0.6255258097527997	0.685882248248097	35.610392332077026
0.6251270035657779	0.6858412648201662	35.6403923034668
0.6243182233794429	0.6864100504712082	35.67039251327515
0.6025942391120689	0.6639909988935198	35.740392446517944
0.6012888418434121	0.6611831106919941	35.770392417907715
0.6019997889370877	0.6641580341254798	35.81039237976074
0.6025785605950801	0.6646237402769068	35.84039235115051
0.6027973031710392	0.6638360943206904	35.87039232254028
0.6639161329000173	0.6737906116081821	35.94039249420166
0.6661351379108396	0.6692621834737691	35.97039246559143
0.7207059861736596	0.7439123992292103	36.070392370224
0.7440108931459545	0.7062990737170253	36.270392417907715
0.7508733222862234	0.6930416892172726	36.31039237976074
0.6799152289561922	0.842018224891514	36.37039232254028
0.42189051138485756	0.6570454659198167	36.51039242744446
0.4074127218184253	0.7421353349449895	36.570392370224
0.42214406558296425	0.6496588867641491	36.610392332077026
0.40555929985907396	0.6836962942928634	36.67039251327515
0.4077872128432749	0.5910233194471192	36.710392475128174
0.41298779874125735	0.6077149524288381	37.270392417907715
0.42420396102653124	0.6282511298599682	37.31039237976074
0.4118829573550137	0.6501692652584377	37.37039232254028
0.4216738536084149	0.6413091950680964	37.41039252281189
0.41947692852253654	0.654557062570663	37.44039249420166
0.4210957406312528	0.6496781834836025	37.51039242744446
0.4651306355386338	0.6170508676700264	37.570392370224
0.4586107782597599	0.64988614019042	37.6403923034668
0.4640015562738459	0.6208597635751395	37.67039251327515
0.4568415463898309	0.6187823195880272	37.740392446517944
0.5003874577651604	0.6123332595010352	37.81039237976074
0.4974626456336085	0.6027448364049071	37.84039235115051
0.49725554321425314	0.6058633310357993	37.87039232254028
0.49657771573374904	0.6085034448672357	37.91039252281189
0.49519563943901684	0.6128004767538445	37.94039249420166
0.4950690511984739	0.6140504183058	37.97039246559143
0.49469988849795543	0.6161670838579146	38.01039242744446
0.49394647082426674	0.6181137718122817	38.04039239883423
0.5247852112998497	0.6268723241071102	38.1403923034668
0.5539937011951969	0.6745763189745405	38.240392446517944
0.21087895894418057	0.7689241994422333	38.34039235115051
0.5798321614450237	0.6336979423011097	38.710392475128174
0.5790742176148939	0.6317694599338503	38.740392446517944
0.5779497694004301	0.6322882490165964	38.770392417907715
0.5538388749996361	0.6369808021034201	39.04039239883423
0.5973705348424644	0.6248905179228363	39.17039251327515
0.5961104289773961	0.628648496557646	39.210392475128174
0.5939441474937192	0.6307902840095524	39.240392446517944
0.5923025766271507	0.6324252284112051	39.270392417907715
0.5946797485216997	0.6309156774416109	39.31039237976074
0.7164378929421175	0.6089486618647325	39.770392417907715
0.7218588708840152	0.6292742800662975	39.94039249420166
0.7215561187389994	0.6302579973032804	39.97039246559143
0.7310347420759084	0.6830094861073114	40.110392332077026
0.7417354155207934	0.5949697453854406	40.17039251327515
0.39131374562615934	0.7714922875576783	40.44039249420166
0.41400949907293483	0.6189289756827212	40.51039242744446
0.4007180744865502	0.5890705087473775	40.610392332077026
0.38654083850687937	0.6453094876151595	40.6403923034668
0.47065011702983656	0.5743809911546556	40.97039246559143
0.47444343483158535	0.5604596133533795	41.04039239883423
0.4757299408663281	0.5787282111172855	41.070392370224
0.4723081037165782	0.5820228477708459	41.110392332077026
0.5342804889427899	0.5873570830633976	41.270392417907715
0.5267128105109785	0.5884611595305946	41.31039237976074
0.5254997319497878	0.5866440120648786	41.34039235115051
0.5134460340449135	0.5836241481355987	41.54039239883423
0.5098743465623354	0.5840267195590552	41.570392370224
0.5098373968824229	0.5837356068960755	41.610392332077026
0.5608246448374372	0.5317006031929078	41.770392417907715
0.5566269839825899	0.5907051756164149	41.97039246559143
0.5555933723625467	0.5797223977320769	42.01039242744446
0.5544323408633484	0.5799388821259964	42.04039239883423
0.620096571175641	0.5722585597368175	42.210392475128174
0.6181110565465927	0.5779811429505457	42.240392446517944
0.6178370095235982	0.5763845710069538	42.270392417907715
0.6183179430896362	0.5773650698425717	42.31039237976074
0.6191225692688287	0.5792126657349462	42.34039235115051
0.6195621852724603	0.5782572728162945	42.37039232254028
0.6198630673982101	0.5788670235000803	42.41039252281189
0.6214499617742759	0.5779422612314841	42.44039249420166
0.6238778909208544	0.5813470363403459	42.47039246559143
0.7201955476738298	0.5744384745420369	42.54039239883423
0.7191482042605759	0.5734607800659176	42.570392370224
0.7044713624075702	0.5922165347677792	42.710392475128174
0.7023338886565994	0.5603477995845433	42.84039235115051
0.7419575409487059	0.5856214521665308	42.91039252281189
0.7401895220454529	0.5844306973150333	42.94039249420166
0.7398643616094034	0.5866581697465895	42.97039246559143
0.7407085845379517	0.5876729302289341	43.01039242744446
0.7398763532074095	0.5883018399342886	43.04039239883423
0.7405556268997529	0.5874056007262265	43.070392370224
0.740520775905512	0.5875142769465586	43.110392332077026
0.7400744625806035	0.588468477514302	43.1403923034668
0.7415676818079482	0.5897236697116891	43.17039251327515
0.3981764146777613	0.5465500943109136	43.34039235115051
0.4009044402136086	0.5515418764339229	43.41039252281189
0.4406088349253844	0.5762310217446185	43.6403923034668
0.433960620678819	0.5904527989795131	43.710392475128174
0.5046269968654323	0.5412164836571121	43.97039246559143
0.4965983935999743	0.5349611843491772	44.17039251327515
0.49291378175752076	0.5145685971045257	44.210392475128174
0.5030951498984645	0.5362698611463519	44.240392446517944
0.5000612868396391	0.5545462973373244	44.44039249420166
0.5634953798550012	0.5083728660720638	44.67039251327515
0.5537865321615553	0.5560781560255653	44.770392417907715
0.5552753238193888	0.533497492270047	44.81039237976074
0.5520824594311238	0.501374690430638	44.84039235115051
0.5716723688368672	0.5522334352595216	44.94039249420166
0.7092251018564913	0.5285364583764613	45.570392370224
0.751496125517566	0.4179881833114954	45.84039235115051
0.7457187507102231	0.49682646493178917	45.91039252281189
0.7306744434650772	0.5186399771575912	45.97039246559143
0.7497140867375627	0.5013082155171545	46.110392332077026
0.7467578975964794	0.5019359565739453	46.17039251327515
0.4544864924411713	0.4964668745667827	46.91039252281189
0.37245207969768723	0.5644646664634598	46.97039246559143
0.548693552844793	0.4898691540904825	47.570392370224
0.6892012287066988	0.5197386287946175	48.210392475128174
0.6928693314538451	0.4589484162313127	48.240392446517944
0.6937629838002027	0.5312042787694308	48.270392417907715
0.6960451993598051	0.5297310559890336	48.34039235115051
0.7040982066938862	0.4782106977759032	48.54039239883423
0.693814179788524	0.5716429245522149	48.570392370224
0.6564020422798709	0.506601855678048	48.91039252281189
