COORDENADA X	 COORDENADA Y	 TEMPO
0.6298916646370556	0.9694467111529825	-12.087258338928223
0.6137174559752616	0.948681573397559	-11.957258462905884
0.5459639822566265	1.1362384764146405	-11.917258501052856
0.6105635851941156	0.9578101200508594	-11.887258291244507
0.6143772122281667	0.943208955693617	-11.857258319854736
0.612755333104308	0.9437242072239886	-11.817258358001709
0.5520769962236662	1.0407627353162463	-11.757258415222168
0.5421282763473243	1.0502276632525038	-11.71725845336914
0.5401461301683672	1.0414947499106713	-11.68725848197937
0.5303864146502764	1.0784990906606178	-11.617258310317993
0.463873724442893	1.051620769259926	-11.487258434295654
0.48218399581277516	1.0253701237304182	-11.457258462905884
0.48218399581277516	1.0253701237304182	-11.017258405685425
0.48218399581277516	1.0253701237304182	-10.987258434295654
0.48218399581277516	1.0253701237304182	-10.68725848197937
0.794096514152527	0.49558405303374203	-10.087258338928223
0.5244485128638193	1.0957802223234796	-10.057258367538452
0.5285590350720968	1.0463680582279513	-10.017258405685425
0.5319225859978431	1.0386139154514429	-9.987258434295654
0.5260436374415691	1.0542879458526577	-9.957258462905884
0.5241222206955715	1.0484502754001837	-9.917258501052856
0.5080100314355698	1.0824827373691766	-9.887258291244507
0.5160926930264486	1.048395183845303	-9.857258319854736
0.5022823913803143	1.0788204358756606	-9.817258358001709
0.5089221653243924	1.0532256863352165	-9.787258386611938
0.4956737965763591	1.0695444490624904	-9.757258415222168
0.49404419187891396	1.0355102170573893	-9.71725845336914
0.4855190317325103	1.0439754621706958	-9.68725848197937
0.4843918096227287	1.0478745553961522	-9.617258310317993
0.4863860390778462	1.0269255986644714	-9.587258338928223
0.48389328711544494	1.0338085394068983	-9.557258367538452
0.4863203086889128	1.0391778017989841	-9.517258405685425
0.4923671879028365	1.027077211834199	-9.487258434295654
0.486586192006225	1.040707830172672	-9.457258462905884
0.48465348727477253	1.0377927858380274	-9.417258501052856
0.4860842685877368	1.0302466672662305	-9.387258291244507
0.48729799372606764	1.0318138505041405	-9.357258319854736
0.4866908646998374	1.0305253948792397	-9.317258358001709
0.4854390399624124	1.0302459295712176	-9.287258386611938
0.4856802842926054	1.02648452065432	-9.257258415222168
0.48367715361082453	1.0253832919535053	-9.21725845336914
0.4828373374974791	1.0222411741038584	-9.18725848197937
0.48129053142021305	1.0219936408456818	-9.1572585105896
0.48103316320332357	1.021271695489224	-9.117258310317993
0.48246482283707026	1.020873226162311	-9.087258338928223
0.4839182292272714	1.022987563178254	-9.057258367538452
0.4837040169842926	1.0244395855020263	-9.017258405685425
0.4831850210218831	1.0226316642303956	-8.987258434295654
0.4828052473847244	1.0264997657705428	-8.957258462905884
0.48279310917889995	1.0276138830690063	-8.917258501052856
0.482671972054794	1.0301244015816533	-8.887258291244507
0.4813220713566953	1.0316405752782332	-8.857258319854736
0.480922380260605	1.0338636336326112	-8.817258358001709
0.4804786748628106	1.0379828771800723	-8.787258386611938
0.4802504669763051	1.0401944731877284	-8.757258415222168
0.4799007208809371	1.0433493248772607	-8.71725845336914
0.480995261882761	1.0440418390295931	-8.68725848197937
0.4817837046901073	1.042180803643708	-8.6572585105896
0.4822811124473283	1.044271139479949	-8.617258310317993
0.48223498857216907	1.0450934506626606	-8.587258338928223
0.4827473069224047	1.0409613275499576	-8.557258367538452
0.4827620479378537	1.0435006042094612	-8.517258405685425
0.4842939035489146	1.0431446822495853	-8.487258434295654
0.4844357342219609	1.043321133215235	-8.457258462905884
0.484827077338253	1.0403322568031927	-8.417258501052856
0.48568742108313623	1.0432513624847173	-8.387258291244507
0.4867635234692865	1.0430986391150152	-8.357258319854736
0.488320593839029	1.0418578610685436	-8.317258358001709
0.4926326128756227	1.0389064474034047	-8.287258386611938
0.4952946016131529	1.0352415955671377	-8.257258415222168
0.49316135815293327	1.0515125787165323	-8.21725845336914
0.4967072952716888	1.0511669826168495	-8.18725848197937
0.5003755632906279	1.0520593711767825	-8.1572585105896
0.509363772380012	1.0418908116981391	-8.117258310317993
0.5024962197904884	1.0631733374689747	-8.057258367538452
0.49979087776099645	1.0547420906551483	-8.017258405685425
0.5039145174981793	1.0503096967305054	-7.987258434295654
0.5068022066023201	1.0476554789911203	-7.957258462905884
0.5068022066023201	1.0476554789911203	-7.757258415222168
0.5068022066023201	1.0476554789911203	-7.717258453369141
0.5068022066023201	1.0476554789911203	-7.6672585010528564
0.5068022066023201	1.0476554789911203	-7.607258319854736
0.5068022066023201	1.0476554789911203	-7.5372583866119385
0.5068022066023201	1.0476554789911203	-7.487258434295654
0.5068022066023201	1.0476554789911203	-7.387258291244507
0.5571218328233343	1.0218643990604535	-7.087258338928223
0.5582696669330816	1.0015739963485832	-7.057258367538452
0.5536089731405823	0.9990582664056006	-7.017258405685425
0.5370889225941232	1.0329851955612803	-6.957258462905884
0.5329827248220207	1.027461965997034	-6.9172585010528564
0.5341451823593347	1.016480405789636	-6.887258291244507
0.5206451210259677	1.05340806235105	-6.857258319854736
0.5417528352521983	1.0084851926324216	-6.817258358001709
0.5214968998430829	1.0447815641137823	-6.7872583866119385
0.5103150395552171	1.0666009914516335	-6.757258415222168
0.6112101734772873	1.0298248594359825	-6.68725848197937
0.607275360852904	1.0279128854460429	-6.6572585105896
0.6009195658147963	1.008220111148396	-6.617258310317993
0.5957244623486934	1.0271478206887716	-6.587258338928223
0.5986474415898231	1.00909099567182	-6.557258367538452
0.5975552418605483	1.01466833508355	-6.517258405685425
0.5970870260826263	1.0168739379246594	-6.487258434295654
0.5968559668920066	1.0163774598213287	-6.457258462905884
0.5964887859025682	1.0189131465103354	-6.4172585010528564
0.5946650451240988	1.0236193946271588	-6.387258291244507
0.5946487586874207	1.02481702787287	-6.357258319854736
0.5889934539349704	1.0136720916467155	-6.317258358001709
0.5093732412838436	1.0739956773380985	-6.2872583866119385
0.5127698500845687	1.0394891282786445	-6.257258415222168
0.5155987981590743	1.0242155472451389	-6.217258453369141
0.5159403620991181	1.0241155082704216	-6.18725848197937
0.5147318434444151	1.0249024553287218	-6.1572585105896
0.5144334408547059	1.0250660585893394	-6.117258310317993
0.5145652011007771	1.0270702926789488	-6.087258338928223
0.5145645620223552	1.0273560057490874	-6.057258367538452
0.5132601598362521	1.0313949337623205	-6.017258405685425
0.5131924431585265	1.0271232196847138	-5.987258434295654
0.5145183970738189	1.023402419433131	-5.957258462905884
0.5135187861746917	1.0234702824115038	-5.9172585010528564
0.512740126177797	1.024151648281019	-5.887258291244507
0.5141076639676567	1.0186304565112765	-5.8472583293914795
0.5136028716540674	1.0169901737199016	-5.817258358001709
0.5137111925052522	1.0208311735645477	-5.7872583866119385
0.5142915273853669	1.0210640967288231	-5.757258415222168
0.5163089094630742	1.0196684722545273	-5.717258453369141
0.5171906880577014	1.0176153798364336	-5.68725848197937
0.5167537490517091	1.017467332134133	-5.6572585105896
0.5177870062475687	1.0116300905246782	-5.617258310317993
0.5185503003001142	1.0106205256868332	-5.587258338928223
0.5199073644660097	1.0085261468798687	-5.557258367538452
0.5209388875480007	1.006506906891434	-5.517258405685425
0.5219977767507925	1.0045019547646599	-5.487258434295654
0.5226939513766377	1.0052649631376025	-5.457258462905884
0.5232454105823102	1.0052345452544682	-5.4172585010528564
0.5240151335012861	1.0053120262208295	-5.387258291244507
0.5237496622405484	1.0056259110295236	-5.357258319854736
0.5237620926266852	1.0076859520739896	-5.317258358001709
0.5243444364997972	1.0083183778829126	-5.2872583866119385
0.5244556411792018	1.009758495317195	-5.247258424758911
0.5247073233618069	1.0095587521337184	-5.217258453369141
0.5239768311066842	1.0113663160375554	-5.18725848197937
0.5235258668008648	1.0126865361494712	-5.1572585105896
0.5231015580280545	1.0162903251347313	-5.117258310317993
0.5228646026102093	1.0160970987367228	-5.087258338928223
0.5228495073834843	1.0180127337030214	-5.057258367538452
0.5223069454883081	1.0201167609713802	-5.017258405685425
0.5222228120969088	1.018896671015189	-4.987258434295654
0.5213654533133398	1.0209391833496564	-4.957258462905884
0.5195458114079503	1.0233218167260136	-4.9172585010528564
0.5186559619654614	1.0207188364272346	-4.887258291244507
0.5184549255341138	1.0235011632539401	-4.857258319854736
0.5187647390930664	1.022921828250735	-4.817258358001709
0.5186811973919626	1.0242803325951688	-4.7872583866119385
0.5180686561989415	1.0274979863245237	-4.757258415222168
0.5178145564466331	1.0281188679833697	-4.717258453369141
0.5182192362973225	1.0261025971888993	-4.68725848197937
0.5194660241140712	1.0242579548848811	-4.6572585105896
0.5207881328537848	1.0223180971481158	-4.617258310317993
0.521100950622586	1.0208651325315239	-4.587258338928223
0.5204323697523943	1.021594484134496	-4.557258367538452
0.5210776001164913	1.020729096207031	-4.517258405685425
0.5209546569225163	1.021144665890166	-4.487258434295654
0.5212259177818253	1.0210476638012684	-4.457258462905884
0.5208608535658356	1.0215916571488393	-4.4172585010528564
0.5212756327438571	1.0222851949522849	-4.387258291244507
0.5220372019079894	1.0229470249612016	-4.357258319854736
0.5233174232274383	1.024133697941873	-4.317258358001709
0.5242100738703865	1.0243770152930396	-4.2872583866119385
0.5241019941930971	1.0271685591853321	-4.257258415222168
0.5245887171510855	1.0289530085820162	-4.217258453369141
0.525336148298426	1.0313191688674777	-4.18725848197937
0.5259121926203898	1.0310973047434215	-4.1572585105896
0.5254643562719058	1.035154584810567	-4.117258310317993
0.525364086160721	1.033610460458636	-4.087258338928223
0.5252125591479897	1.033137485908488	-4.057258367538452
0.5243339318813294	1.0343368072687273	-4.017258405685425
0.5242724491468403	1.0326187559078537	-3.9872584342956543
0.5228134517702976	1.0293362397925672	-3.957258462905884
0.5220654038540473	1.0290657230628204	-3.9172585010528564
0.5211715426083545	1.0294790239983014	-3.887258291244507
0.5201897494937365	1.0287337618633792	-3.8572583198547363
0.5196457640444099	1.0287405543426715	-3.817258358001709
0.5200055887500881	1.026807610915841	-3.7872583866119385
0.5194776786488147	1.0263882136987306	-3.757258415222168
0.5200058459120491	1.0278438740772513	-3.7172584533691406
0.5203595678711115	1.0256161053669361	-3.68725848197937
0.5208352832081886	1.0261497643559836	-3.6572585105895996
0.5212953675462422	1.0258623901459198	-3.617258310317993
0.5220454910453979	1.0265428434052455	-3.5872583389282227
0.5220454910453979	1.0265428434052455	-3.3572583198547363
0.5220454910453979	1.0265428434052455	-3.247258424758911
0.5220454910453979	1.0265428434052455	-2.887258291244507
0.5220454910453979	1.0265428434052455	-2.817258358001709
0.5220454910453979	1.0265428434052455	-2.7172584533691406
0.5220454910453979	1.0265428434052455	-2.4872584342956543
0.5880746058419662	1.017299915457752	-2.387258291244507
0.5830543017947071	0.9599258143425681	-2.3572583198547363
0.5835988174443789	0.9430708959697056	-2.317258358001709
0.5770874771455147	0.9531973088015382	-2.2872583866119385
0.5789581415743889	0.948099199672812	-2.257258415222168
0.5565777334406325	0.9947292086580026	-2.18725848197937
0.5536641187792886	1.005017049662793	-2.1572585105895996
0.5453979705838143	0.9790216558508065	-2.0872583389282227
0.5378095100399491	1.024242129562248	-2.057258367538452
0.543208454202019	0.9888547019527798	-2.017258405685425
0.5351084673280688	0.9899834407431186	-1.9872584342956543
0.5347410952239365	0.9853510833983342	-1.9572584629058838
0.5336253490969611	1.0164667913800236	-1.9172585010528564
0.5427593029429933	1.0339445217820518	-1.8572583198547363
0.5427593029429933	1.0339445217820518	-1.4172585010528564
0.5121181867445935	1.0520070009773097	-0.8872582912445068
0.5059438920762017	1.0563206079260805	-0.8572583198547363
0.5021595165611472	1.0583355507695933	-0.817258358001709
0.49326076323954643	1.0466435425792064	-0.7872583866119385
0.49086020459645663	1.0369411288749062	-0.757258415222168
0.48486138358938624	1.04404027603312	-0.6872584819793701
0.48915253827477323	1.0535292630782456	-0.6572585105895996
0.48516848681769875	1.0457838869406695	-0.6172583103179932
0.4766663190968441	1.0387649517119824	-0.5872583389282227
0.46711031300526634	1.068831083606327	-0.5572583675384521
0.48253073921922085	1.0378007491989967	-0.5172584056854248
0.46910360980802435	1.0760139789089633	-0.4872584342956543
0.47826332455330156	1.0595422605857314	-0.41725850105285645
0.4839169048344053	1.0355508013350982	-0.38725829124450684
0.4772580665508013	1.0383954646244011	-0.30725836753845215
0.47700468048794314	1.0217995624356968	-0.25725841522216797
0.47994967630829205	1.0414451709269978	-0.1572585105895996
0.46975594112003705	1.0611135930577276	-0.08725833892822266
0.4764928219078945	1.055401651495305	0.012741565704345703
0.4829385854027324	1.0354800553455508	0.04274153709411621
0.4829684350688168	1.035010366549449	0.08274149894714355
0.484212045801556	1.033143113211848	0.11274170875549316
0.48555045174646794	1.0314137019000165	0.14274168014526367
0.4858442767044968	1.0311951930436303	0.18274164199829102
0.4862576610235212	1.0291348656651056	0.21274161338806152
0.4864411722780422	1.029208091099634	0.24274158477783203
0.48669914297191125	1.026721788242992	0.2827415466308594
0.4876686252119989	1.025287974962253	0.3127415180206299
0.48836066973016046	1.0249185685724642	0.3427414894104004
0.49003477729604145	1.024339485906529	0.38274168968200684
0.6120494434070799	0.7883422900531051	0.44274163246154785
0.6055907813199218	0.7845854433451757	0.4827415943145752
0.5998349816355173	0.8034477417534074	0.5127415657043457
0.5963798417770533	0.7937539319489219	0.5427415370941162
0.5963866532286813	0.7981616473968751	0.5827414989471436
0.6022107870992991	0.7969198353221784	0.6127417087554932
0.5960074243485626	0.7836144791078585	0.682741641998291
0.5995507398693342	0.7821232099440322	0.7127416133880615
0.5110999705404919	1.120527544551184	0.8127415180206299
0.5100755731321824	1.1205898502724845	0.8427414894104004
0.5007157018396938	1.1387366666395287	0.9127416610717773
0.5002989490033664	1.1286432230345205	0.9427416324615479
0.4940178859138274	1.1415062702631946	0.9827415943145752
0.5005917077048897	1.1274100125643427	1.0127415657043457
0.4981625212333079	1.1321329344146953	1.0427415370941162
0.5015188081732841	1.1163496211607074	1.0827414989471436
0.5021029780840262	1.1114545000228946	1.1127417087554932
0.651540147787231	1.0796091287621261	1.182741641998291
0.6341835209773353	1.1146402092159617	1.2127416133880615
0.6314378459025022	1.1060771047083173	1.242741584777832
0.625670388775441	1.0983244535191181	1.2827415466308594
0.6229827024220533	1.0192277194523645	1.3127415180206299
0.6275151755573244	0.991070831824967	1.3427414894104004
0.6189531249278798	1.0240377160274727	1.3827416896820068
0.5438128999484501	1.1330087209721929	1.4127416610717773
0.6278182274202685	0.9917987612946174	1.4427416324615479
0.6316032661473792	0.9895215568751656	1.4827415943145752
0.6304330067100589	1.002023103019197	1.5127415657043457
0.7463825568429272	0.9423642276812612	1.5827414989471436
0.7451984707749485	0.9480849929728568	1.6127417087554932
0.7413146939849642	0.9447554021894657	1.6427416801452637
0.739258625526461	0.9441504728844642	1.682741641998291
0.7375662569300256	0.9457766010179366	1.7127416133880615
0.7370880177564818	0.947415186351015	1.742741584777832
0.7392429165804252	0.9448113834543764	1.7827415466308594
0.7780858133291454	0.4633548101211231	1.8427414894104004
0.777065113254618	0.4876388670244012	1.8827416896820068
0.7755461622571849	0.49660410466593347	1.9127416610717773
0.7762600776223223	0.4950087859465823	1.9427416324615479
0.7763823834622458	0.4952213040664154	1.9827415943145752
0.7751463297894834	0.4950908965230577	2.0127415657043457
0.7748235256331938	0.494733295136252	2.042741537094116
0.7750793359104259	0.49448450657019993	2.0827414989471436
0.7525520447130299	0.4798560272842054	2.112741708755493
0.7329310431719228	0.4715185301589482	2.1427416801452637
0.7293575072184859	0.47219035846373747	2.182741641998291
0.7283525533773618	0.4719366088604852	2.2127416133880615
0.7288995692400093	0.47169377769663295	2.242741584777832
0.7289823142395342	0.47174514720119287	2.2827415466308594
0.7264307423209146	0.4705557114996642	2.31274151802063
0.6716499784036126	0.4524697915989358	2.3427414894104004
0.6670220752104185	0.4562030526378524	2.382741689682007
0.666026604532295	0.45645413509810545	2.4127416610717773
0.6659308969282949	0.45714545950848834	2.442741632461548
0.6661711151326531	0.45636008863872585	2.482741594314575
0.7067264445059266	0.4809474750060803	2.542741537094116
0.7031346489847129	0.475739368325528	2.5827414989471436
0.6997223547073588	0.4786744579076415	2.612741708755493
0.6980033560690566	0.47969844251829225	2.6427416801452637
0.6984126204540202	0.4806603990100425	2.682741641998291
0.6978891895223855	0.4833033388532448	2.7127416133880615
0.6980475618748629	0.48479543702450245	2.742741584777832
0.6974611788289075	0.4863983002416736	2.7827415466308594
0.6970939585147621	0.48860582417388854	2.81274151802063
0.6971983016853807	0.48915025894549374	2.8427414894104004
0.6972008402355079	0.4873013994954942	2.882741689682007
0.6976011890536711	0.4872506289085294	2.9127416610717773
0.6972349149293957	0.4863285083980265	2.942741632461548
0.6968781668151841	0.4861782742839128	2.982741594314575
0.6961294637192574	0.4864639655835415	3.0127415657043457
0.6950720737073295	0.489345053391072	3.042741537094116
0.6942558014185968	0.48961605308215556	3.0827414989471436
0.6936880780465555	0.48864115249496837	3.112741708755493
0.6936260983491681	0.4893211570407551	3.1427416801452637
0.6936157337936109	0.4909999204490763	3.182741641998291
0.6938026695522701	0.488938078385209	3.2127416133880615
0.6948518870734404	0.4918273688373168	3.242741584777832
0.695498525418023	0.4924645787476325	3.2827415466308594
0.6948628914548457	0.4930133849934762	3.31274151802063
0.6941196169219167	0.4938644147290176	3.3427414894104004
0.6954590331812502	0.49219442133938096	3.382741689682007
0.736650177156218	0.4635474307366918	3.442741632461548
0.7362582207976903	0.4643665079459005	3.482741594314575
0.7353936358980787	0.4655698112992707	3.5127415657043457
0.7351861456883948	0.469355037300014	3.542741537094116
0.7324746867876495	0.47313650011391534	3.5827414989471436
0.6902871825996217	0.47892814612208545	3.612741708755493
0.6865398131070762	0.48179700523414404	3.6427416801452637
0.6872905588193489	0.48424491557945143	3.682741641998291
0.6877515015438624	0.48464175844466817	3.7127416133880615
0.687923658374105	0.4836444157388674	3.742741584777832
0.6895149148734827	0.4831291020537359	3.7827415466308594
0.6903101910937172	0.48246152840699097	3.81274151802063
0.6909267250363654	0.4811802305032547	3.8427414894104004
0.691114702592331	0.4830498980546191	3.882741689682007
0.6905645950966751	0.48222758569186874	3.9127416610717773
0.6905424326322042	0.48396432416922436	3.942741632461548
0.689151191551205	0.48452122360297606	3.982741594314575
0.6896627070153883	0.4847586271951331	4.012741565704346
0.6896520753982276	0.4837977014904803	4.042741537094116
0.6904783553661077	0.4841257227180535	4.0827414989471436
0.6896522064969148	0.4851641980257021	4.112741708755493
0.6887469246398118	0.48683166552101986	4.142741680145264
0.6905677990198695	0.4862587800206421	4.182741641998291
0.7711220952410822	0.4713311648973596	4.2127416133880615
0.77099442626932	0.4683331842295236	4.242741584777832
0.7689117834883975	0.4755391736923653	4.282741546630859
0.7702357766484227	0.47908621163567583	4.31274151802063
0.7674965098185037	0.48150489267583385	4.3427414894104
0.7651193263696332	0.48113403761294776	4.382741689682007
0.7654664844690334	0.4813745682852447	4.412741661071777
0.7674482716936026	0.47714679810842336	4.442741632461548
0.7825762879785512	0.4629013902240213	4.482741594314575
0.7822505605769867	0.46040081077079215	4.512741565704346
0.7810926441932123	0.46006327219806137	4.542741537094116
0.7810661958255053	0.46148412988513693	4.5827414989471436
0.7817298269535292	0.46030114445217835	4.612741708755493
0.7816942075628301	0.45999942732070337	4.642741680145264
0.7811915748268183	0.4588017859057551	4.682741641998291
0.7719888623478427	0.48715626650168165	4.7127416133880615
0.7543163583899403	0.5061739510974419	4.742741584777832
0.754509109415685	0.5060241671017222	4.782741546630859
0.7530367300601425	0.5083101559515925	4.81274151802063
0.7538428653890704	0.5083792895476954	4.8427414894104
0.7540333804264833	0.5060978628513945	4.882741689682007
0.7533600645325775	0.5096493838599386	4.912741661071777
0.7525314538677085	0.508302798525271	4.942741632461548
0.7524063980349724	0.509273495980082	4.982741594314575
0.752063201666557	0.5070726328414127	5.012741565704346
0.7454618734317034	0.5021956519511414	5.042741537094116
0.7261144938066637	0.4775135518546431	5.0827414989471436
0.7138666166128755	0.49362818413925946	5.112741708755493
0.715898431540627	0.4872240178191914	5.142741680145264
0.7166216143547959	0.4853451315976393	5.182741641998291
0.7181174132701283	0.4826845232330734	5.2127416133880615
0.718638614127679	0.48198848175113973	5.242741584777832
0.7188098982224749	0.4826906123037105	5.282741546630859
0.7185767481885129	0.4853111634078107	5.31274151802063
0.7189782970977682	0.4855652327443149	5.3427414894104
0.7186577157230465	0.4849750720208021	5.382741689682007
0.7192855016891488	0.4838809757811711	5.412741661071777
0.7190049320314279	0.4823133020766793	5.442741632461548
0.7191272497100512	0.4819869883222698	5.482741594314575
0.6946024269032492	0.46532181277332785	5.512741565704346
0.6928235546196816	0.4844856105043341	5.542741537094116
0.692335878487175	0.4861204269689996	5.5827414989471436
0.6908039476084858	0.4878309599713104	5.612741708755493
0.6889179782318579	0.48658135349543313	5.642741680145264
0.6869781830775272	0.4879164573336713	5.682741641998291
0.6850695955111813	0.48765282090599626	5.7127416133880615
0.6841277484018469	0.48606686737909466	5.742741584777832
0.683587073374794	0.48648187252380126	5.782741546630859
0.7301472063967449	0.4877466954034389	5.8427414894104
0.7297618394435142	0.486794576695017	5.882741689682007
0.7316839132130177	0.48979824829769114	5.912741661071777
0.7304416123674917	0.4864752604086311	5.942741632461548
0.7286408054102157	0.4842262671477432	5.982741594314575
0.727943512628839	0.48292490622337536	6.012741565704346
0.7268137444416072	0.48142817565981466	6.042741537094116
0.7261405623915337	0.4837061927549332	6.0827414989471436
0.7271539387680332	0.48384442557871543	6.112741708755493
0.7270067927963768	0.4859230441449238	6.142741680145264
0.7267274001967491	0.4876837444002945	6.182741641998291
0.7275750402920488	0.4864621415790257	6.2127416133880615
0.7262977100173239	0.4866801625980969	6.242741584777832
0.6890041845383155	0.4965249417113971	6.282741546630859
0.6843873166656846	0.4916341480072015	6.31274151802063
0.6837416924724077	0.4907708966020533	6.3427414894104
0.6838538256913811	0.49282891351811353	6.382741689682007
0.6851061819466975	0.4932643082956809	6.412741661071777
0.6858604292965514	0.4961845807867108	6.442741632461548
0.6856971705263495	0.49824028711190793	6.482741594314575
0.685044892314099	0.499848806434309	6.512741565704346
0.6845928104031205	0.4976647267077974	6.542741537094116
0.6837379877973295	0.49841394005723766	6.5827414989471436
0.6822279534465496	0.49895973605383337	6.612741708755493
0.681154516164681	0.4998786177038114	6.642741680145264
0.6801576977883983	0.49704669469018614	6.682741641998291
0.6787199087535944	0.49570993535456576	6.7127416133880615
0.6787691333291903	0.4967783541439197	6.742741584777832
0.6789928533649635	0.4956699528281812	6.782741546630859
0.6778233603163857	0.49687010714951907	6.81274151802063
0.675546010999334	0.4974159424053066	6.8427414894104
0.6274252364401008	0.44939656762337826	6.882741689682007
0.5861894785407988	0.5397065311925638	6.942741632461548
0.6303532152954676	0.45167086197907974	6.982741594314575
0.6270591352764353	0.44768358956429594	7.042741537094116
0.6143517628777511	0.4633246641676379	7.142741680145264
0.616161741358619	0.46257122158033165	7.182741641998291
0.592509597431685	0.48388100216851754	7.282741546630859
0.5992360804700794	0.5104959630170723	7.31274151802063
0.6096534410682564	0.5091709003036897	7.3427414894104
0.5907224196285019	0.4792249775012595	7.412741661071777
0.6050542947022031	0.5128885808281382	7.612741708755493
0.6152720993440851	0.5151541697724603	7.642741680145264
0.5665465989887318	0.4826111106547323	7.782741546630859
0.5657495515516773	0.5074956804641231	7.882741689682007
0.5720125213985162	0.4845798818145733	8.012741565704346
0.4180550579256194	0.5489093571267795	8.042741537094116
0.5351482235151994	0.5213523769522609	8.3427414894104
0.5316322450099058	0.48544513987080684	8.382741689682007
0.5336620741195106	0.49881644104505085	8.412741661071777
0.5407574525779157	0.5385823496708402	8.482741594314575
0.520447244081379	0.6281832841278215	8.512741565704346
0.5280819201248188	0.5887802668652747	8.582741498947144
0.5253066656561177	0.5701042490295284	8.682741641998291
0.5624548865421983	0.5933137922604043	8.8427414894104
0.5532065867415891	0.5907842338560079	8.942741632461548
0.5517120752135116	0.5960064365340544	9.012741565704346
0.5538096775886447	0.5995399427514245	9.042741537094116
0.5335273046958012	0.6209736888916291	9.182741641998291
0.532701780131116	0.6026348338488783	9.242741584777832
0.5320975877990051	0.6139563391870361	9.28274154663086
0.5320057837813932	0.6153555954675716	9.31274151802063
0.5305160213491257	0.6146258758900534	9.3427414894104
0.5292166346262014	0.6170163187629577	9.382741689682007
0.5275844490120304	0.6207625871586011	9.412741661071777
0.526612483373591	0.6226278142823136	9.442741632461548
0.5262169644639874	0.6245578934960192	9.482741594314575
0.5261493971825919	0.6256986544612865	9.512741565704346
0.5250900377419171	0.6288619722572053	9.542741537094116
0.5240978613115564	0.6337210896651334	9.582741498947144
0.5242470325198015	0.6331816430033544	9.612741708755493
0.5237402899950917	0.6322870181609589	9.642741680145264
0.5232051697314274	0.6308540622381056	9.682741641998291
0.522081894540251	0.6282114236469516	9.712741613388062
0.47393910644752035	0.7058895691105268	9.78274154663086
0.48458382540080275	0.6923541053761803	9.882741689682007
0.4882304751198173	0.6851758334834988	9.982741594314575
0.4764525047538247	0.6328622239665956	10.012741565704346
0.4820895052328109	0.672189049148992	10.112741708755493
0.4826147703733308	0.6737504927921145	10.15274167060852
0.4734798699093824	0.6072223543888389	10.182741641998291
0.4698290653066658	0.7597457885660098	10.252741575241089
0.4921725174689401	0.6837339136222381	10.28274154663086
0.48234428354998304	0.7095294247405276	10.31274151802063
0.48063210717438615	0.7047417907196046	10.352741718292236
0.4563879062895255	0.7678271297954805	10.412741661071777
0.5231517479759648	0.6918872332414915	10.512741565704346
0.5271977113791305	0.7100737207231055	10.552741527557373
0.5268975576331919	0.7143506240003223	10.582741498947144
0.526857709908432	0.7014667345897279	10.612741708755493
0.5241217478641191	0.6994764858383062	10.682741641998291
0.52273922552529	0.7012374301874378	10.752741575241089
0.5356357565551559	0.756746539552734	10.982741594314575
0.5208496192468567	0.7730839687263482	11.112741708755493
0.5200679833676366	0.743628355038454	11.182741641998291
0.5189585817992219	0.7455835468046945	11.212741613388062
0.5181414875040545	0.7426918373487807	11.252741575241089
0.5153039547580786	0.7424043360306161	11.28274154663086
0.5038717432324412	0.8071244203223875	11.412741661071777
0.5030232543673137	0.8081194523923658	11.452741622924805
0.5027879183243056	0.8101669480638255	11.482741594314575
0.5030605142552083	0.8106794050462774	11.512741565704346
0.5045683942335344	0.8080498379316123	11.552741527557373
0.5039467683905353	0.8088115049325452	11.582741498947144
0.5031150589172768	0.8075517991961998	11.612741708755493
0.5017166313014267	0.8090280749742988	11.65274167060852
0.5004375903553318	0.809026035401998	11.682741641998291
0.5012315496115473	0.8096036021648106	11.712741613388062
0.500918737230825	0.8067294251639073	11.752741575241089
0.5009728596369472	0.8072287978446875	11.78274154663086
0.5027418872935802	0.8069548302743562	11.81274151802063
0.5033166212299001	0.8066277508463665	11.852741718292236
0.5040794910441888	0.810512557919613	11.882741689682007
0.5037203527560598	0.8113445803331522	11.912741661071777
0.5041743999316008	0.8112598459028315	11.952741622924805
0.5032567375838297	0.8132128644753656	11.982741594314575
0.5033582664781766	0.8130724807534895	12.012741565704346
0.5190269951102173	0.8458480719419774	12.082741498947144
0.5184048455995682	0.8479609634347743	12.112741708755493
0.5189529033868499	0.8498629144316506	12.15274167060852
0.5181237402210008	0.8500900383402008	12.182741641998291
0.5167833595547695	0.8486900599386845	12.212741613388062
0.5169158346943702	0.8481247809609694	12.252741575241089
0.5164765096864489	0.8492765601280355	12.28274154663086
0.5156407764510935	0.846438777198874	12.31274151802063
0.5162720015121237	0.8462536713995643	12.352741718292236
0.5153839066764003	0.8448443702133341	12.382741689682007
0.5158586160125017	0.8442608386446718	12.412741661071777
0.5163003088807757	0.8428075253304541	12.452741622924805
0.5177068473033117	0.8437465910844164	12.482741594314575
0.5193495302489871	0.8437166107539374	12.512741565704346
0.5188609057532316	0.8438662498672737	12.552741527557373
0.5193340231474323	0.8435663958229095	12.582741498947144
0.5193972040377826	0.8437247914585126	12.612741708755493
0.5190352831683318	0.8462413053780998	12.65274167060852
0.5192872335278793	0.8467168434581444	12.682741641998291
0.5177132612487897	0.8489303428623072	12.712741613388062
0.5178521556968456	0.8496416740309667	12.752741575241089
0.516822019033531	0.8495989552195935	12.78274154663086
0.5161253293061239	0.8496611780595854	12.81274151802063
0.5149216602667605	0.8411202027957548	12.852741718292236
0.5059154259570917	0.9184358791871816	12.912741661071777
0.4940531401100177	0.9407876514181298	12.982741594314575
0.4914659818547835	0.9443414041251741	13.112741708755493
0.5007305786138432	0.9213398844791689	13.182741641998291
0.5350149978577752	0.9285146080812887	13.31274151802063
0.5367122354870623	0.9171379641105124	13.81274151802063
0.6178530993821331	0.9877521127151971	15.552741527557373
0.6645892493240204	1.0127607704789856	15.612741708755493
0.6619616252378254	1.0123499563798817	15.65274167060852
0.6624872581971417	1.0098958439708852	15.682741641998291
0.6584481482355823	1.012654078379348	15.712741613388062
0.6587383199000432	1.0126236653911247	15.752741575241089
0.6615216016576295	1.0130341832593999	15.78274154663086
0.6804161493114785	1.0253643182468304	15.81274151802063
0.6810430206914695	1.024170429004874	15.852741718292236
0.6796733195757759	1.0230602127889694	15.882741689682007
0.6787903018304177	1.0231961653423904	15.912741661071777
0.6803300268120565	1.020748276532783	15.952741622924805
0.6804425455167021	1.0211913335515919	15.982741594314575
0.6840168746161496	1.017899401542041	16.012741565704346
0.7100895627679823	0.9995854399910697	16.052741527557373
0.7096426894604745	0.9966107014781955	16.082741498947144
0.7093569036044806	0.9994846812389733	16.112741708755493
0.7083404020301971	0.9963641041456456	16.15274167060852
0.7082466973787601	0.9964668348427603	16.18274164199829
0.7088235288873044	0.9958946511504024	16.21274161338806
0.7087547790688299	0.9953816165121767	16.25274157524109
0.7102178327874413	0.9940006419487387	16.28274154663086
0.710680618273939	0.9941921798408044	16.31274151802063
0.7115778674111202	0.9959778153202604	16.352741718292236
0.7111066343969088	0.9949301399251785	16.382741689682007
0.6741103163350437	0.9712577591452369	16.412741661071777
0.6707619191294176	0.9735202520427854	16.452741622924805
0.6694800653466746	0.970916016364098	16.482741594314575
0.6685994495953018	0.969547007903904	16.512741565704346
0.6692847061847699	0.9668980108255875	16.552741527557373
0.6695740032005867	0.9653739279605681	16.582741498947144
0.6695743973020664	0.9660560727788012	16.612741708755493
0.6699022067428996	0.9673482879657491	16.65274167060852
0.6704963042124514	0.9695214113452794	16.68274164199829
0.6693443704881695	0.9712360853508145	16.71274161338806
0.669250909638061	0.9718311742598732	16.75274157524109
0.722150401779134	0.9850576023147544	16.78274154663086
0.733993706301059	0.9961353888819767	16.81274151802063
0.7329516406160358	0.9960361150109625	16.852741718292236
0.7312481010084935	0.9978500536059446	16.892741680145264
0.7291643345748726	0.9961487592291056	16.912741661071777
0.7277262048804193	0.994447737697273	16.952741622924805
0.7274638010240139	0.9935388762848344	16.982741594314575
0.727023900113084	0.9938950906574346	17.012741565704346
0.7253073564263217	0.9955019884414797	17.052741527557373
0.7250941280941854	0.9955057590941634	17.082741498947144
0.7250493362884828	0.9955843623681735	17.112741708755493
0.7240285982476427	0.9960506255566637	17.15274167060852
0.7239415574557336	0.9949597391024221	17.18274164199829
0.7245451950116744	0.9957777025849092	17.21274161338806
0.7247666806277953	0.9949206612491311	17.25274157524109
0.7236432151515031	0.9923394266546011	17.28274154663086
0.7232120220342033	0.9930812965449177	17.31274151802063
0.7229490887129761	0.9920948087091931	17.352741718292236
0.7071665096202678	1.0000706825849615	17.382741689682007
0.7070176345263728	0.9986237484180306	17.412741661071777
0.7052674526041784	1.0023587245069112	17.452741622924805
0.7049824991515515	1.0044773061147405	17.482741594314575
0.703931826157751	1.0062511316676659	17.512741565704346
0.7032698024223788	1.0064230852074811	17.552741527557373
0.7020104907636194	1.0063963419100088	17.582741498947144
0.7014634090174343	1.0038677933482885	17.612741708755493
0.7016443249732282	0.9998249895726821	17.65274167060852
0.7257195529133269	0.9671258123995572	17.68274164199829
0.7279376246468879	0.9714791960959507	17.71274161338806
0.7241273239687476	0.9703979897939438	17.75274157524109
0.7240512594483541	0.9699417533932724	17.78274154663086
0.7236629132388753	0.9703138629121668	17.81274151802063
0.7234961300405524	0.9697500678557275	17.852741718292236
0.7445586047604501	0.9325813987028881	17.952741622924805
0.7451837702227141	0.9355684285766868	17.982741594314575
0.7447301825851009	0.9370432369854409	18.012741565704346
0.7443239446033999	0.9365392484624586	18.052741527557373
0.7450589755705876	0.9376901044153209	18.082741498947144
0.7444342348545873	0.9371724657253812	18.112741708755493
0.7301863180757112	0.9784829983325463	18.15274167060852
0.7223160310812446	0.9833454721804955	18.18274164199829
0.719044565612404	0.9974079161262023	18.232741594314575
0.7183002693736739	0.9954276557571304	18.25274157524109
0.719230870606003	0.988018309972235	18.28274154663086
0.7193198525834404	0.9850931819613826	18.31274151802063
0.7184418944696463	0.9838341552645976	18.352741718292236
0.7059649889883047	0.9934492201295803	18.382741689682007
0.7055366190404156	0.9926819833813342	18.412741661071777
0.7057082849112156	0.9943115365623862	18.452741622924805
0.7059096263789255	0.9949834425560387	18.482741594314575
0.7071414329703811	0.9924069317912418	18.512741565704346
0.7424875184249755	0.9307854117998605	18.552741527557373
0.7412611219823415	0.9321700888197624	18.582741498947144
0.7417934991965432	0.9327201756317363	18.612741708755493
0.7419491596304325	0.9326952411872249	18.65274167060852
0.7414505239276254	0.9337154121944266	18.68274164199829
0.7421733659995787	0.9337778546170612	18.71274161338806
0.7427561626291991	0.9332535978854518	18.75274157524109
0.7426572891130914	0.9335621588080604	18.78274154663086
0.7428110360060143	0.9335067726382343	18.81274151802063
0.7436605004433599	0.9329476208256855	18.852741718292236
0.7438706848692398	0.9343425407814232	18.882741689682007
0.778989100898546	0.9114653427425405	18.952741622924805
0.7772483346954112	0.9076865015993408	18.982741594314575
0.7782118183294546	0.9085571257649774	19.012741565704346
0.7769373534572543	0.9070516355360194	19.052741527557373
0.7757642402974979	0.9059981962549707	19.082741498947144
0.7746381767590589	0.9055744807249564	19.112741708755493
0.7736215858081356	0.9076981746079559	19.15274167060852
0.7725685848367204	0.9092865051553162	19.18274164199829
0.7714091536663494	0.9098392536903954	19.21274161338806
0.7707159289898697	0.9108898148601996	19.25274157524109
0.770773694348283	0.9099761758951128	19.28274154663086
0.7714763539718567	0.9086720906487707	19.31274151802063
0.7714465627605851	0.9069417945315067	19.352741718292236
0.7712728798329668	0.905636277831579	19.382741689682007
0.7721481866076961	0.9038717677189434	19.412741661071777
0.7724228500029641	0.9031468460635169	19.452741622924805
0.7722326294309221	0.9032286532049043	19.482741594314575
0.7781862816455847	0.8612641022137587	19.512741565704346
0.7809964748619633	0.813053272182052	19.552741527557373
0.7786424102278131	0.8075842328820524	19.582741498947144
0.7785404554525125	0.8098134158336272	19.612741708755493
0.7793848854602189	0.8124494266340833	19.65274167060852
0.7796599189756044	0.815470519120796	19.68274164199829
0.7807518796853519	0.8144929609169064	19.71274161338806
0.7813719322077092	0.8147602308259236	19.75274157524109
0.7823778733039269	0.8145630156267214	19.78274154663086
0.7827430066683712	0.8139459830907021	19.81274151802063
0.7817983583684032	0.8133157265020166	19.852741718292236
0.7817215479590541	0.8126272848669948	19.882741689682007
0.7813760814156583	0.8098563232485253	19.912741661071777
0.7824262900723951	0.810537604395255	19.952741622924805
0.782209450267552	0.8098484411727459	19.982741594314575
0.783404437707306	0.8080965984161159	20.012741565704346
0.783035786691638	0.8110510619950398	20.052741527557373
0.7827478513054412	0.8097908733136774	20.082741498947144
0.7834435237047366	0.8077180941687521	20.112741708755493
0.7957613370192935	0.7385428636461866	20.15274167060852
0.8008901850005891	0.7191894429453571	20.18274164199829
0.798547342992068	0.7137161439921711	20.25274157524109
0.7991173962544729	0.7169385984070551	20.28274154663086
0.7992156742716647	0.7185577020821075	20.322741508483887
0.7999270656380474	0.7176016833882326	20.352741718292236
0.7996587058003674	0.7171704683284694	20.382741689682007
0.8003729798276102	0.7181134093024767	20.412741661071777
0.8011790284107444	0.7173367587291417	20.452741622924805
0.8011863713463011	0.7176331452656572	20.482741594314575
0.8018518352162484	0.7175510370197196	20.522741556167603
0.8030183039596994	0.7154281307934922	20.552741527557373
0.8025778539616794	0.7165889929765051	20.582741498947144
0.8028313363040448	0.7169276863187796	20.62274169921875
0.8024891342263976	0.7205019103080453	20.65274167060852
0.802149997607279	0.7204767811144626	20.68274164199829
0.8015257073799191	0.7216432369644555	20.71274161338806
0.8001753147809099	0.7234524511376105	20.75274157524109
0.799119763502635	0.7228364841198492	20.78274154663086
0.7973339569571711	0.7227887623026323	20.81274151802063
0.7704533675421815	0.6448498687469592	20.852741718292236
0.7705971878597568	0.6460079826476717	20.882741689682007
0.7697089662813786	0.641831799627832	20.912741661071777
0.7702270188421101	0.6443539290021026	20.952741622924805
0.7700360140783685	0.6483197265427004	20.982741594314575
0.7691028517740633	0.651430724682931	21.012741565704346
0.7684062822289287	0.6523391365919884	21.052741527557373
0.7677261893589762	0.6539734764152423	21.082741498947144
0.7673253836320096	0.653931133779206	21.112741708755493
0.7656630005864561	0.653384545668062	21.15274167060852
0.7658959926123166	0.6510611187841723	21.18274164199829
0.7656701640114815	0.6528669177896302	21.21274161338806
0.7662580165756184	0.6537395910310573	21.25274157524109
0.767486888205058	0.6504155555973383	21.28274154663086
0.7676479730153294	0.6502603257379334	21.31274151802063
0.7701121942897422	0.646130855228121	21.352741718292236
0.7708258967278041	0.6470277362234206	21.382741689682007
0.771335880254079	0.6461766857219211	21.412741661071777
0.772225034817989	0.6469167730140872	21.452741622924805
0.7741918229150133	0.6466641353174768	21.482741594314575
0.774865424967337	0.6476278444480102	21.512741565704346
0.7751228039496434	0.6505870923269598	21.552741527557373
0.7738001518607088	0.6493691968684904	21.582741498947144
0.757254129709888	0.5841645995646291	21.612741708755493
0.7574793314556635	0.5778036156637602	21.65274167060852
0.756304722056601	0.5773455643827079	21.68274164199829
0.7566594097744714	0.5764786248659594	21.71274161338806
0.7557734892078108	0.5763499330766992	21.75274157524109
0.7556001137592218	0.5764805927647423	21.78274154663086
0.754767111451914	0.5779873351141596	21.81274151802063
0.7540348247676915	0.5780533958206775	21.852741718292236
0.7535222892139892	0.5781208033793898	21.882741689682007
0.7525245520609053	0.576070494713613	21.912741661071777
0.7528399401214093	0.5747834178794595	21.952741622924805
0.7524487264614116	0.5735952657947779	21.982741594314575
0.7525163296453095	0.5725583608854712	22.022741556167603
0.7528979388548857	0.5739282045558718	22.052741527557373
0.7538442787800079	0.5726162416817877	22.082741498947144
0.7539594119238239	0.5714900148759373	22.112741708755493
0.7543260457811147	0.5729727312324987	22.15274167060852
0.7545731155575857	0.571213322024817	22.18274164199829
0.7554338894704251	0.5703196881425675	22.22274160385132
0.755483932901734	0.5708637690619011	22.25274157524109
0.7559012097986092	0.5698298446510839	22.28274154663086
0.756635253527458	0.5729424786904096	22.322741508483887
0.7437667229210013	0.550731330560912	22.352741718292236
0.7302828545969587	0.5191125055788169	22.382741689682007
0.7297012447709651	0.5222599136761887	22.422741651535034
0.7287069803195215	0.524182899709299	22.452741622924805
0.7276714800978591	0.5241609943293986	22.482741594314575
0.7263865769238395	0.5244245166885122	22.522741556167603
0.7251590968378935	0.5256509032185068	22.552741527557373
0.7059879832994996	0.556669443653853	22.582741498947144
0.7022415805020925	0.5612674596758137	22.612741708755493
0.7005209780291255	0.5508886952456553	22.65274167060852
0.7019722734429266	0.554635655952598	22.68274164199829
0.7021875023144117	0.5537753464213699	22.71274161338806
0.7015741856893767	0.5524954172067451	22.75274157524109
0.7010724634749879	0.5532859751090871	22.78274154663086
0.7006355833925476	0.5536469092082305	22.81274151802063
0.701014229411861	0.5544343896515325	22.852741718292236
0.6997115644684487	0.554711785631176	22.882741689682007
0.7001015528514649	0.5552865333512487	22.912741661071777
0.6972794740904202	0.5523888652034953	22.952741622924805
0.6623368618299169	0.5355574259733179	22.982741594314575
0.6687584483240548	0.5281990543098897	23.052741527557373
0.6721873989191646	0.5065088084180558	23.082741498947144
0.6689820024194949	0.5055711315184762	23.112741708755493
0.6692932036882875	0.5106006081482799	23.15274167060852
0.6687746227042404	0.5117342825267338	23.18274164199829
0.6687654098168253	0.5098178357931723	23.21274161338806
0.6501901908950996	0.5581395202078202	23.25274157524109
0.6500066123312823	0.5453539864282632	23.28274154663086
0.650717484337194	0.5454962228567104	23.31274151802063
0.649727462498256	0.5443443874315173	23.352741718292236
0.6491134534723355	0.5433253344901756	23.382741689682007
0.6484154241563903	0.543685799204681	23.422741651535034
0.6487267719064952	0.544754311177691	23.452741622924805
0.6479984914182083	0.5439370425135819	23.482741594314575
0.6103056313161418	0.5439897437948726	23.552741527557373
0.5904501569196254	0.562342892355814	23.582741498947144
0.5853851230443585	0.5487164188142343	23.612741708755493
0.5892471890920372	0.5702019711738099	23.65274167060852
0.5849801403130884	0.5415204416324344	23.68274164199829
0.597185009977488	0.5441420971666551	23.71274161338806
0.5818226331820916	0.5039286007470475	23.75274157524109
0.5843821907350808	0.535040836883113	23.78274154663086
0.590445482141705	0.5420110884767658	23.81274151802063
0.6463437875245326	0.5626868514400039	23.882741689682007
0.6496964423241579	0.552094829665263	23.952741622924805
0.6395360102988674	0.4803605105633684	23.982741594314575
0.6325586414416327	0.62007725879449	24.052741527557373
0.6440817754371294	0.5595633360814215	24.082741498947144
0.6438045986006372	0.5561196195375714	24.112741708755493
0.6431595149661838	0.5567586003080129	24.15274167060852
0.6423471667559016	0.5569570422696962	24.18274164199829
0.6316976635437822	0.5328920024866359	24.21274161338806
0.583189228207363	0.5170682728605593	24.28274154663086
0.586736486585006	0.5219003104276102	24.31274151802063
0.583422781012703	0.5103073449227921	24.382741689682007
0.5873199429833564	0.5328398484868843	24.482741594314575
0.5850393576128751	0.5257259080037964	24.522741556167603
0.570780022278585	0.5529800654411494	24.552741527557373
0.5711746547491103	0.5718286720597432	24.582741498947144
0.5662796921853291	0.5460474632323068	24.62274169921875
0.5648633912398228	0.5445966101613974	24.65274167060852
0.5644445719590435	0.55774496741522	24.78274154663086
0.5435758384258129	0.5861326291583057	24.81274151802063
0.5619563357148445	0.5818249505049672	24.882741689682007
0.5621859907560705	0.5694451970412107	24.952741622924805
0.5299968325119481	0.6182956393754265	25.052741527557373
0.5252827252544296	0.6145407859346279	25.15274167060852
0.5261352977199165	0.6217749693789906	25.22274160385132
0.5253426120484482	0.626088957184184	25.25274157524109
0.5262728021525741	0.6250903396975968	25.28274154663086
0.5268860749652298	0.6237243231739229	25.322741508483887
0.5270479078167782	0.6205605711463282	25.352741718292236
0.5270775859325242	0.6172791170004237	25.382741689682007
0.5280518367287071	0.6179107145807068	25.412741661071777
0.5302244956595863	0.6204565193491682	25.452741622924805
0.5366262622141147	0.6793125906594814	25.552741527557373
0.5374553939531581	0.6806558713979995	25.582741498947144
0.5377418403956098	0.6808663241342792	25.62274169921875
0.5384734712264103	0.6821320664255813	25.65274167060852
0.5389143371212367	0.6810092957407953	25.68274164199829
0.5397017899054869	0.6823627338045637	25.72274160385132
0.5409651821033884	0.6846502657991057	25.75274157524109
0.5414818485688558	0.6846609095764118	25.78274154663086
0.5421020915379183	0.685560646049151	25.81274151802063
0.5322996828289082	0.7414367350852686	25.882741689682007
0.5006002964935906	0.8213323373383549	26.15274167060852
0.51957761149622	0.7692876444378199	26.18274164199829
0.5206700669741734	0.7641902183245359	26.28274154663086
0.5218632371539961	0.7631817488890313	26.322741508483887
0.5221922277744345	0.7660490323098673	26.352741718292236
0.5221344581621857	0.7672127415135116	26.382741689682007
0.5218619402785692	0.7676788741918048	26.422741651535034
0.5217621571979718	0.7666858432546341	26.452741622924805
0.5226300928552146	0.7666614230658108	26.482741594314575
0.5233693913623089	0.766107672074814	26.522741556167603
0.5235317425742606	0.7644944291640293	26.552741527557373
0.5242373036227423	0.7637912265291329	26.582741498947144
0.525754469925343	0.7635499442390331	26.62274169921875
0.5255781649371677	0.7642411743099501	26.65274167060852
0.5254487318059963	0.7654938382599471	26.68274164199829
0.5251706314506922	0.7657864019123888	26.71274161338806
0.5241294581095614	0.7662779374738734	26.75274157524109
0.5239170742725302	0.7659114183946684	26.78274154663086
0.558525824690834	0.8074466624487819	27.582741498947144
0.6022575333884728	0.9095741179922112	30.552741527557373
0.6019876876638915	0.9105753979323216	31.28274154663086
0.6048792499284613	0.911043264985848	31.452741622924805
0.6069659801881183	0.9167874299868825	31.482741594314575
0.6078529291198781	0.9179880684658239	31.512741565704346
0.609294723017767	0.9192485626983325	31.552741527557373
0.6112823693566284	0.9192146749698368	31.582741498947144
0.6124462396728706	0.91859797628817	31.612741708755493
0.6151813898362588	0.9191790691697223	31.65274167060852
0.6646703261428758	0.9143809374503896	31.68274164199829
0.6520667246649183	0.9386071089124494	31.75274157524109
0.6502929971520829	0.9417405730333045	31.78274154663086
0.6495657723006856	0.9380522591750173	31.81274151802063
0.6472034768495527	0.9378023396340277	31.852741718292236
0.629137915094805	0.9707787933478486	31.882741689682007
0.6404163176619172	0.9144852161432437	31.912741661071777
0.6364633355152935	0.9555674854189248	31.952741622924805
0.6324918266304066	0.9148365744966678	32.05274152755737
0.6497214789936671	0.9298406998040402	32.082741498947144
0.6598198762463734	0.9254308304061146	32.18274164199829
0.6893899245720012	0.9639097774034469	32.25274157524109
0.6921875441900635	0.9514961752288192	32.28274154663086
0.6912876806123849	0.9536609276729887	32.31274151802063
0.6866577854219795	0.9621560880723385	32.352741718292236
0.6903244350325581	0.9487982444718435	32.38274168968201
0.686368842187546	0.9627494933468478	32.452741622924805
0.6967096581079376	0.9506680351390463	32.55274152755737
0.7037041660812922	0.9412407967021678	32.582741498947144
0.6986426051151351	0.988842800966315	32.61274170875549
0.7045589184598577	0.9531752646872607	32.65274167060852
0.7337589085383067	0.9428312438899021	32.68274164199829
0.7313348399234421	0.9243819395088542	32.75274157524109
0.7363393614958795	0.9432477339768193	32.81274151802063
0.701351729294602	1.0250392993663813	32.852741718292236
0.7397956582305272	0.937222434512903	32.88274168968201
0.7436498966348948	0.9354068768814855	32.91274166107178
0.7481313837872969	0.9360220755819597	32.952741622924805
0.75216623965263	0.9324036682847748	32.982741594314575
0.7539479363884182	0.9339462287206899	33.03274154663086
0.7562928645024611	0.9254702418234163	33.05274152755737
0.7539450522933563	0.926483648790812	33.082741498947144
0.7547650761164371	0.9236203943443134	33.11274170875549
0.7604877067488414	0.8894289884921659	33.15274167060852
0.7660912099311672	0.8909202901263875	33.18274164199829
0.7631083174887384	0.9016789999615262	33.21274161338806
0.7610087079737762	0.8858001718588782	33.25274157524109
0.7618207744841259	0.8955246228174509	33.28274154663086
0.7606997895220327	0.8907658122227247	33.31274151802063
0.7594323059132123	0.8889472524143149	33.352741718292236
0.7601315184827948	0.8847834891840112	33.38274168968201
0.7612762083224638	0.8827481147288802	33.41274166107178
0.7606543311483441	0.8765198129836479	33.452741622924805
0.760717367528103	0.8721737965169369	33.482741594314575
0.7611720611782615	0.8741150779175507	33.512741565704346
0.7618725883660459	0.8715457782368344	33.55274152755737
0.7607168381050842	0.8700102915745846	33.582741498947144
0.7609614131187816	0.8707427827719887	33.61274170875549
0.7601322532684575	0.869369238419006	33.65274167060852
0.7609954606709758	0.8674578558380895	33.68274164199829
0.7854056241736523	0.850629615756404	33.71274161338806
0.7850645790868458	0.8519458927325912	33.75274157524109
0.7835560399017177	0.8493479137174644	33.78274154663086
0.7835879578201518	0.8481716666165409	33.81274151802063
0.7818953362569011	0.8486410954617493	33.852741718292236
0.7817924687256029	0.8480940888485735	33.88274168968201
0.7802330707039656	0.8475036849764465	33.91274166107178
0.7793636227177054	0.8498595628833611	33.952741622924805
0.778824253962489	0.8489723177160928	33.982741594314575
0.7798444339129418	0.85016116585965	34.012741565704346
0.7790510403900902	0.8505016892280605	34.05274152755737
0.779657177519973	0.8491117181264134	34.082741498947144
0.780344296460778	0.8487418356096936	34.11274170875549
0.7809440022522334	0.8480883818995641	34.15274167060852
0.7815143368218003	0.8482268836345451	34.18274164199829
0.7820140622053514	0.849350498739262	34.21274161338806
0.7824465237435752	0.849529962034468	34.25274157524109
0.7818982489769994	0.847377731302605	34.28274154663086
0.7816843601764831	0.8461891321850777	34.31274151802063
0.78271797123949	0.8425395819635001	34.352741718292236
0.7832617377228454	0.8408895588068508	34.38274168968201
0.7831812984575235	0.8396534485625864	34.41274166107178
0.7841021748452446	0.8399900333870279	34.452741622924805
0.7840260536768792	0.8404546852550054	34.482741594314575
0.785362143960925	0.8409290240438922	34.5227415561676
0.7844305261078065	0.8431139443422051	34.55274152755737
0.7828123975661209	0.845920535853856	34.582741498947144
0.7824303646355987	0.8476445646807524	34.61274170875549
0.7830311031147827	0.8445189957211938	34.65274167060852
0.7827372373514625	0.845388753034303	34.68274164199829
0.7818135889638318	0.8456058918609657	34.71274161338806
0.7906089053988052	0.8191043029443378	34.75274157524109
0.7936409014752964	0.7879309875964209	34.88274168968201
0.7903557990762631	0.796318974333346	34.91274166107178
0.7899677699530407	0.7948607205258083	34.952741622924805
0.7900731595452342	0.7952369633039259	34.982741594314575
0.7905357710503634	0.793107165708323	35.012741565704346
0.7896450723973693	0.762321114650462	35.05274152755737
0.7903838026054566	0.7446553583422346	35.082741498947144
0.7922118347481018	0.7463766463245257	35.12274169921875
0.7903890167874835	0.7489393869527364	35.15274167060852
0.7890880113869431	0.7508080134979569	35.18274164199829
0.7898596135957402	0.7520268449956465	35.21274161338806
0.790395050012668	0.7501645893172042	35.25274157524109
0.7903516404428952	0.748436873841489	35.28274154663086
0.8014442716757721	0.681145437169612	35.352741718292236
0.8010219845608257	0.6911151534963735	35.38274168968201
0.7986963489122679	0.6888985175788611	35.41274166107178
0.7972946001592294	0.6891455140060267	35.452741622924805
0.7969092298301369	0.6900844760986334	35.482741594314575
0.7974694637453759	0.6902524778172406	35.512741565704346
0.7968933013244339	0.6899008879170024	35.55274152755737
0.7965488011603075	0.6918553323394723	35.582741498947144
0.7962744965854613	0.6950757470604986	35.61274170875549
0.7956948356821423	0.6961887439975267	35.65274167060852
0.7948974451679461	0.6956697531989801	35.68274164199829
0.7949162713677037	0.6946527001587526	35.71274161338806
0.7946825480656592	0.6947258209383799	35.75274157524109
0.7950887256076827	0.6936493955947619	35.78274154663086
0.7956887596860662	0.6924826192758159	35.81274151802063
0.7952921819025117	0.6933948692204777	35.852741718292236
0.7783466217077066	0.6260062442504529	35.88274168968201
0.7742904706531035	0.6156260303492329	35.91274166107178
0.7806943354350084	0.5937654219454106	35.952741622924805
0.7718461086348332	0.5794187456970578	35.982741594314575
0.7678470143361464	0.5664042904180913	36.05274152755737
0.7762310485196483	0.5982370811449764	36.082741498947144
0.7733109481640209	0.601016181434079	36.11274170875549
0.7721540913017217	0.6036936708639292	36.15274167060852
0.7716598184798177	0.6042780952702761	36.18274164199829
0.771904731697474	0.604923842148833	36.22274160385132
0.772784481058748	0.6052866122829554	36.25274157524109
0.7734008074517519	0.6047735691391756	36.28274154663086
0.7732183596725037	0.6060807608287532	36.32274150848389
0.7728094411832599	0.6063838201071897	36.352741718292236
0.7733968311119856	0.605570203084132	36.38274168968201
0.7399407733041474	0.5901947173580437	36.452741622924805
0.7424748650956997	0.5621995717145296	36.5227415561676
0.7452051282218285	0.4625463610891615	36.582741498947144
0.7252040047954397	0.6298298030328827	36.62274169921875
0.7319136298758787	0.5266528392639149	36.65274167060852
0.7326242838239396	0.5581087462775508	36.68274164199829
0.7332910176817284	0.5588020842175394	36.72274160385132
0.7336676128351416	0.5588729631894905	36.75274157524109
0.7339635320480166	0.5589545035096958	36.78274154663086
0.7342282036541872	0.559772277609833	36.81274151802063
0.7340344808155284	0.5605742803143929	36.852741718292236
0.6960264666852192	0.6078351150937372	36.91274166107178
0.696338962893772	0.606665978786594	36.952741622924805
0.6895156384220344	0.6233586148719119	37.0227415561676
0.6983446547965254	0.5877328006381822	37.05274152755737
0.742566599886575	0.6559865015565084	37.15274167060852
0.7382708697738325	0.6607661911448228	37.18274164199829
0.7364189727856926	0.6474202246932362	37.21274161338806
0.735645344105216	0.6421024003299217	37.25274157524109
0.7358179921381316	0.6442465776266579	37.28274154663086
0.7351921342572028	0.6426567059968479	37.31274151802063
0.735125124974743	0.6420886996599587	37.352741718292236
0.7347321727350581	0.6435286281839219	37.38274168968201
0.7360733092100185	0.6429930555569885	37.41274166107178
0.7264564766125733	0.6500951719536376	37.452741622924805
0.721546582639615	0.6498796956868034	37.482741594314575
0.713879494411174	0.6608969900637199	37.512741565704346
0.7140046329579061	0.6564461075413309	37.56274151802063
0.7175832206073077	0.6433825190540036	37.62274169921875
0.7101488665369539	0.6499931638721916	37.65274167060852
0.6964079401032139	0.6407662699498623	37.68274164199829
0.6917980821855939	0.6653520287632245	38.012741565704346
0.6921465136353092	0.6316665701951416	38.05274152755737
0.6921032898535637	0.6296156359495583	38.082741498947144
0.6916114828065095	0.6287515138215628	38.12274169921875
0.6910434039993918	0.6293377094801004	38.15274167060852
0.6899984649834912	0.6322757061490214	38.18274164199829
0.6888285693477013	0.6360153362421423	38.22274160385132
0.689343079683173	0.6403818965220236	38.25274157524109
0.688623685259736	0.6423462210470695	38.28274154663086
0.6887257683456139	0.6424651948982688	38.31274151802063
0.688234843777189	0.643627607942997	38.352741718292236
0.6875840391585908	0.6416218982755485	38.38274168968201
0.688502276541259	0.6393696474274411	38.422741651535034
0.6869299260184791	0.6361997407173517	38.452741622924805
0.6866888215300839	0.6364488707535018	38.482741594314575
0.6859767351519578	0.6355772651381145	38.512741565704346
0.6851161558446677	0.6362164145954631	38.55274152755737
0.6845374067573824	0.6374241949381128	38.582741498947144
0.6846784516835792	0.6370332275189964	38.61274170875549
0.6847835479353938	0.6369423469695373	38.65274167060852
0.6856564964083266	0.6380577426178978	38.68274164199829
0.6868957330820958	0.6373032998352662	38.71274161338806
0.6866260668217316	0.6374408399157214	38.75274157524109
0.6860872265354853	0.6389874116658619	38.78274154663086
0.6869965100032159	0.6381130933559805	38.82274150848389
0.6873892815049143	0.637095575321588	38.852741718292236
0.6229777796307573	0.6481162780555755	39.31274151802063
0.6108475756047401	0.7893246440708298	42.38274168968201
0.6209798605851929	0.7999723381761488	42.41274166107178
0.6014306364827056	0.8235862877425304	42.452741622924805
0.6135238992133718	0.7899850265243432	42.482741594314575
0.60974263167919	0.8074289858213152	42.512741565704346
0.600861641692265	0.8201545429844549	42.61274170875549
0.6136050536308331	0.793382083967973	42.65274167060852
0.6146790199852041	0.7923907609386356	42.68274164199829
0.6105920399713634	0.8187849069740769	42.71274161338806
0.6524524150976617	0.8148048010861274	42.75274157524109
0.6525274906835083	0.8149726959715122	42.78274154663086
0.6534531858306016	0.8137139816031623	42.81274151802063
0.6532651773556022	0.8135562537506819	42.852741718292236
0.6511500379432429	0.8123831960239835	42.88274168968201
0.6512087719582594	0.8115307258789612	42.91274166107178
0.6510006853739471	0.8125419034988133	42.952741622924805
0.6268988025934894	0.8131319600797872	43.082741498947144
0.6266849719723142	0.8121640743866868	43.11274170875549
0.6260006255105605	0.8107689423118922	43.15274167060852
0.6267690485727404	0.8102071849449667	43.18274164199829
0.6270828925375652	0.8088545488633466	43.21274161338806
0.6294201158229247	0.8097340004876596	43.25274157524109
0.6403975929599078	0.7946779818509531	43.28274154663086
0.6498787522699448	0.8010242946083382	43.352741718292236
0.6524653062835141	0.8052484998862521	43.38274168968201
0.6393954341905789	0.8323260580622228	43.41274166107178
0.6380565747601151	0.8395554588234317	43.482741594314575
0.6539543907038842	0.798723729309423	43.512741565704346
0.6570005733734408	0.7991013169400676	43.55274152755737
0.6426203458425411	0.8078644583409949	43.582741498947144
0.6176178360388658	0.8906603040890806	43.61274170875549
0.6487110653316096	0.8023198099926765	43.65274167060852
0.6481666050182068	0.8018352733706249	43.68274164199829
0.6482333249703226	0.8014915267014824	43.71274161338806
0.6476758603620546	0.801481806415829	43.75274157524109
0.6478106348102369	0.8003697975789964	43.78274154663086
0.6479456594675547	0.7999992887054823	43.81274151802063
0.6477326036967211	0.8010016746819703	43.852741718292236
0.6477245988345289	0.8032549466640199	43.88274168968201
0.6473833479948374	0.8046066360751765	43.91274166107178
0.6465848666370736	0.8078701646651024	43.952741622924805
0.6463804588293542	0.8071601810652417	43.982741594314575
0.6462488384054959	0.8065773563019373	44.012741565704346
0.6463848355568517	0.8072922606281102	44.05274152755737
0.6455558021759642	0.8115345096721723	44.082741498947144
0.6460161919359834	0.8108905564251183	44.11274170875549
0.6452386265770358	0.8123109431547596	44.15274167060852
0.6447129560917328	0.8114972624034666	44.18274164199829
0.6446365760431962	0.8124111468916653	44.21274161338806
0.6713430232467542	0.8112927238549008	44.25274157524109
0.6792992022235517	0.8257780976800501	44.28274154663086
0.6788875516977775	0.8199067037852058	44.31274151802063
0.6771874949917303	0.8313054992596076	44.352741718292236
0.6770478602037943	0.827174952832019	44.38274168968201
0.6768971405520244	0.8271146376576899	44.41274166107178
0.676507005485271	0.8262999030400153	44.452741622924805
0.6762574846726928	0.8274802091093921	44.482741594314575
0.675364764367915	0.8255979483643556	44.512741565704346
0.6755280994005687	0.8245579887091949	44.55274152755737
0.6755132783137376	0.8247387037835396	44.582741498947144
0.6752085235093365	0.8245692226141013	44.61274170875549
0.6755058714687397	0.8215375074841897	44.65274167060852
0.6756643493397694	0.8200617309943891	44.68274164199829
0.6526987165326618	0.8094941051012753	44.75274157524109
0.6533938767115453	0.8065480097555209	44.78274154663086
0.6504250951087771	0.8163194923503634	44.81274151802063
0.6476634999305152	0.8164781245818529	44.91274166107178
0.6476739844822628	0.8172000739372834	44.952741622924805
0.6483759832474053	0.8124257744175335	44.982741594314575
0.6419599119973877	0.8270708524381827	45.012741565704346
0.6475774626054195	0.8230738011182006	45.05274152755737
0.6483729686820472	0.821057182986749	45.082741498947144
0.6833200939708649	0.8381515845271247	45.15274167060852
0.683296582875715	0.8392941983267653	45.18274164199829
0.682167005503475	0.8393411522435148	45.21274161338806
0.6807624678935366	0.8395358801753021	45.25274157524109
0.6813898480771569	0.8395027965165375	45.28274154663086
0.6809407465226759	0.8406837107430863	45.31274151802063
0.680990341236771	0.8406868764981558	45.352741718292236
0.6808237522398014	0.8405331308022074	45.38274168968201
0.6805981033127502	0.840933294810992	45.41274166107178
0.6792268117771788	0.8413988917468141	45.452741622924805
0.6793204435468461	0.8407275042354044	45.482741594314575
0.6785436888570519	0.8409477436768122	45.512741565704346
0.6787780072846951	0.8401638999669265	45.55274152755737
0.6783936546094396	0.839258760974475	45.582741498947144
0.6786839692768988	0.8402041700715008	45.61274170875549
0.6779049237528407	0.8433723580433391	45.65274167060852
0.7098243481464633	0.8614276514430116	45.71274161338806
0.7070619623853169	0.8811290293914119	45.75274157524109
0.7024491594311317	0.8782481797279013	45.78274154663086
0.7032052628045283	0.8787137664187962	45.81274151802063
0.7025495292055584	0.8779648465330866	45.852741718292236
0.7029530077034516	0.8777921460576044	45.88274168968201
0.7032840701513764	0.8791603770081968	45.91274166107178
0.7029164636855311	0.8793900500094353	45.952741622924805
0.7040504570345573	0.8773674967827134	45.982741594314575
0.7044003150940225	0.8757818968014504	46.012741565704346
0.7042852518291723	0.8764919526098546	46.05274152755737
0.7049320507941056	0.8745678619840821	46.082741498947144
0.7056527218347085	0.8706394516595618	46.11274170875549
0.7071254914512741	0.8678526442102585	46.15274167060852
0.7073289385895432	0.8670629025085826	46.18274164199829
0.7087385477293622	0.8671614331651571	46.21274161338806
0.7090591421714856	0.8674324872151489	46.25274157524109
0.7098130904160921	0.8686128396459573	46.28274154663086
0.7103057548622145	0.8679121430768448	46.31274151802063
0.7087599640405019	0.8658582206285224	46.352741718292236
0.7071855508753525	0.8630990819182064	46.38274168968201
0.7050293187939239	0.8615286648007964	46.41274166107178
0.7048216781155522	0.8634486875802508	46.452741622924805
0.7047912303839117	0.8641157819356121	46.482741594314575
0.7305574284470343	0.8403383639163476	46.512741565704346
0.7310848843210174	0.8168698745473031	46.55274152755737
0.7301206144586914	0.8186356254276069	46.582741498947144
0.7292341757895126	0.8554470708676846	46.65274167060852
0.7328841894021845	0.811521440569298	46.68274164199829
0.7296390114529061	0.8071552667915662	46.71274161338806
0.7331741114065633	0.8141760780250639	46.75274157524109
0.7337232506457135	0.8453719391496004	46.78274154663086
0.7376571969639079	0.8090085279757698	46.852741718292236
0.7330300935028798	0.8346725599753475	46.91274166107178
0.7327675985965254	0.8332835564419743	46.952741622924805
0.7334475900576675	0.8297306069846838	46.982741594314575
0.7339380646592045	0.8290002008775852	47.012741565704346
0.7338428732868072	0.8251641470447235	47.05274152755737
0.7350010190720004	0.8255543073066939	47.082741498947144
0.7343969831930462	0.8242592886491719	47.11274170875549
0.7347302159972098	0.8246749026359504	47.15274167060852
0.7347354768007727	0.8228008313541952	47.18274164199829
0.7344563079387567	0.8231452802576981	47.21274161338806
0.7343975520916876	0.8232276126345415	47.25274157524109
0.7349067758807366	0.818136862278779	47.28274154663086
0.7371312690795199	0.7540268847493123	47.31274151802063
0.7360871655571404	0.7536312189278324	47.352741718292236
0.736837703760857	0.7542989400658504	47.38274168968201
0.7370307926469012	0.7559928915852323	47.41274166107178
0.7371743237174835	0.7585809050122939	47.452741622924805
0.7362945689684618	0.7572485081299931	47.482741594314575
0.734612203801883	0.7582366505590241	47.512741565704346
0.7341737896592954	0.7587535997959194	47.55274152755737
0.7335971136783767	0.7583670606208149	47.582741498947144
0.7332874294093346	0.7564425991571724	47.61274170875549
0.733266616974236	0.7052590060724393	47.65274167060852
0.7334145014717185	0.708383111474061	47.68274164199829
0.7338982360547843	0.7083547798556731	47.71274161338806
0.7335022707347161	0.7081993348814113	47.75274157524109
0.73447186968593	0.7087783351840653	47.78274154663086
0.7343655956559088	0.705815234568023	47.81274151802063
0.7348923385865377	0.7043794085057092	47.852741718292236
0.7344658172207775	0.7055353397830417	47.88274168968201
0.7334250543228472	0.7062092513023259	47.91274166107178
0.7326633970230916	0.7057190190699013	47.952741622924805
0.7325681483467703	0.7085046212243893	47.982741594314575
0.7330330980720658	0.7078955262082312	48.012741565704346
0.763203801611497	0.6913570922001576	48.082741498947144
0.7784603062198635	0.6770287718437243	48.11274170875549
0.770940058415195	0.6782904564121668	48.15274167060852
0.7722476563384874	0.6699250573619276	48.21274161338806
0.7716892905382671	0.6579784641968864	48.25274157524109
0.7731138308950564	0.6745946120175907	48.28274154663086
0.768286479478259	0.6754161278261609	48.31274151802063
0.7561827361544082	0.6879031991689675	48.452741622924805
0.7298124066704784	0.6476961890317947	48.55274152755737
0.7293492789983086	0.6594283023875612	48.582741498947144
0.7285095800026534	0.6588759511581754	48.61274170875549
0.7290975201083622	0.6570627133745203	48.65274167060852
0.7286476104885312	0.6571129008105566	48.68274164199829
0.7282969099261449	0.6597217841116888	48.71274161338806
0.7273139817725829	0.6590101953740223	48.75274157524109
0.7122783205716132	0.6893973356980762	48.81274151802063
0.7109544002022983	0.695410053522589	48.852741718292236
0.7111371812456141	0.6933672545356497	48.88274168968201
0.7106180051707081	0.6936356003994574	48.91274166107178
0.7113181875401502	0.6979412978291266	48.952741622924805
0.7112279769698402	0.6941259971886439	48.982741594314575
0.7102113767386188	0.694854812469886	49.012741565704346
0.708896477366862	0.6958515345952629	49.05274152755737
0.7086691310264571	0.6960362698448275	49.082741498947144
0.708224441573688	0.6962854859585565	49.11274170875549
0.7059338241466513	0.6968691231652482	49.15274167060852
0.6843385280123191	0.7263122323720186	49.18274164199829
0.6875763212779756	0.7086342961889581	49.21274161338806
0.6880152188670146	0.7172022426023286	49.25274157524109
0.6879537214152095	0.7168238371724165	49.28274154663086
0.6873017497779639	0.7181367270707391	49.31274151802063
0.6862923691337581	0.7186648647850716	49.352741718292236
0.6727931435961134	0.6908034953597574	49.38274168968201
0.6633152281435652	0.6717375685257234	49.41274166107178
0.6653582684091869	0.6661278222540968	49.482741594314575
0.6480007243015362	0.7013349112218799	49.55274152755737
0.6640434501196935	0.6688199912499194	49.582741498947144
0.6589719624588573	0.6780492841208065	49.65274167060852
0.6585101401688424	0.688077312783666	49.68274164199829
0.6591505370855596	0.6885795645952217	49.71274161338806
0.657821142856116	0.6877241740339839	49.75274157524109
0.6578291956345214	0.686358311900566	49.78274154663086
0.656836472517201	0.6873362589738875	49.81274151802063
0.6550614853716957	0.6866146053200631	49.852741718292236
0.6558839714922389	0.6871834746251342	49.88274168968201
0.6549344268893527	0.6855549688237288	49.91274166107178
0.6521606127679108	0.6848559929615298	49.952741622924805
0.6535445868376537	0.6854080899427933	49.982741594314575
0.6526568992427095	0.6866255401734609	50.012741565704346
0.6155525973658208	0.6939965400272163	50.082741498947144
0.6270130079267502	0.6624529861214952	50.15274167060852
0.6205262588310061	0.6466597849917346	50.18274164199829
0.6187418603292965	0.6924482138668601	50.21274161338806
0.6251292251014757	0.6601217705250021	50.25274157524109
0.6283741037609989	0.6636217608479137	50.28274154663086
0.6271023174279715	0.6645117614074789	50.31274151802063
0.6247904288445699	0.6694971124380562	50.352741718292236
0.6083364994070817	0.708195479495532	50.41274166107178
0.6125487191404718	0.6895710368779941	50.452741622924805
0.6091782429675439	0.7144172966551425	50.512741565704346
0.6126319805121823	0.6850419520848315	50.55274152755737
0.6150350286755126	0.6945591220941214	50.61274170875549
0.6246507190992718	0.6927059563147077	50.68274164199829
0.6247850119064908	0.7377585557097518	50.75274157524109
0.6112631756485678	0.754473150824678	50.78274154663086
0.6425872698995687	0.6800143475733604	50.88274168968201
0.6413782511452594	0.674934554273606	50.91274166107178
0.6420562882006358	0.6740958366589848	50.952741622924805
0.6221448758930104	0.7109205105543905	50.982741594314575
0.6330548583612916	0.6961456988525422	51.012741565704346
0.645770690235848	0.7188890876696242	51.05274152755737
0.6100005132759302	0.7953018690386473	51.082741498947144
0.6379923259379555	0.7658473895244522	51.11274170875549
0.6390388633130185	0.7535007138404238	51.15274167060852
0.6143735582425205	0.8259325646147677	51.18274164199829
0.6355221400669337	0.7616922616698214	51.21274161338806
0.633671922240192	0.7794144386514178	51.25274157524109
0.6422039068498822	0.7426046370867554	51.28274154663086
0.645649669740374	0.7381212911337094	51.31274151802063
0.6425342576506294	0.7388983284319055	51.352741718292236
0.6409272469514565	0.7428363771636437	51.38274168968201
0.6387469113792839	0.7445998238402626	51.41274166107178
0.636657042622999	0.7470594303633742	51.452741622924805
0.6354773417234125	0.7495411143637497	51.482741594314575
0.6346365804064285	0.7503315875251215	51.512741565704346
0.6145453468230883	0.8001161171356229	51.582741498947144
0.6243085936446081	0.7914001006682253	51.61274170875549
0.6220049157802461	0.7963785075563804	51.65274167060852
0.6211354270737499	0.7947018904266279	51.68274164199829
0.6199181295068492	0.7960187419677206	51.71274161338806
0.6192994921112213	0.7946754419851827	51.75274157524109
0.6188869760309871	0.7967907672408637	51.78274154663086
0.6172693214312875	0.7917633015002854	51.82274150848389
0.6174131738848299	0.7905133458028745	51.852741718292236
0.6170017835757591	0.7899042979434616	51.88274168968201
0.6164684796167436	0.7878586041546763	51.91274166107178
0.6164427568672763	0.7884419527462445	51.952741622924805
0.6166632573972668	0.7887751951758708	51.982741594314575
0.6164724666292953	0.7876079413521535	52.0227415561676
0.616830201994232	0.7852834375989649	52.05274152755737
0.6164819303343756	0.7858042099859395	52.082741498947144
0.6169414458539945	0.7853869316590262	52.11274170875549
0.6157402305047378	0.7860168293394247	52.15274167060852
0.6151206209632387	0.7883854370384726	52.18274164199829
0.6149240385148839	0.7910728097794228	52.21274161338806
0.6142057221159107	0.7906943512634681	52.25274157524109
0.6134839926467559	0.7902860022226385	52.28274154663086
0.6136369149955163	0.7908010159555241	52.31274151802063
0.6168145830435035	0.7855793297511121	52.38274168968201
0.6327611300295715	0.7487138759968892	52.41274166107178
0.6354714492447214	0.7426879624991295	52.452741622924805
0.6253427055224061	0.7719749716148684	52.512741565704346
0.6280519415346771	0.7666166558144231	52.55274152755737
0.6258285284238885	0.7717054324743439	52.582741498947144
0.6151248619062474	0.7915348235573147	52.61274170875549
0.6143409541996837	0.7989956844191248	52.65274167060852
0.6130509253217689	0.8006873098149739	52.68274164199829
0.6126744886934252	0.7988438143571874	52.72274160385132
0.6138157723152058	0.7970868334467539	52.75274157524109
0.6135797314165232	0.796512717067227	52.78274154663086
0.6168557013780739	0.7945963843247866	52.82274150848389
0.6170073024945344	0.7946149593092104	52.852741718292236
0.6428678828140945	0.7979313419269357	52.88274168968201
0.6543071119766128	0.8158451083915487	52.922741651535034
0.6418655126496199	0.8202097159482682	52.952741622924805
0.6460286391779697	0.8125466765386293	52.982741594314575
0.643148768320116	0.8095865521895743	53.0227415561676
0.6420152010740682	0.8086780969622575	53.05274152755737
0.6412646437505651	0.8095034868486141	53.082741498947144
0.641351121656484	0.8100897900127796	53.12274169921875
0.639573738563731	0.8128523206420755	53.15274167060852
0.6387218004014685	0.8134222418085071	53.18274164199829
0.6375447818158394	0.8168591855901672	53.22274160385132
0.6378764599567109	0.8198043535250352	53.25274157524109
0.6381589128047436	0.8231522586719645	53.28274154663086
0.6373059159944284	0.8246635413175029	53.32274150848389
0.6380901000376702	0.8217880485920686	53.352741718292236
0.6388656638209701	0.8213193677525739	53.38274168968201
0.640469620597602	0.821642738758079	53.422741651535034
0.64146886165325	0.8225423234942826	53.452741622924805
0.6412832500669636	0.8244080760167743	53.482741594314575
0.6411135692543832	0.8245737038496305	53.5227415561676
0.641513684311541	0.8221311025736785	53.55274152755737
0.6410683275299639	0.8193530027318606	53.582741498947144
0.6404893105112738	0.8154485959245342	53.62274169921875
0.6397813662013306	0.8192802353933661	53.65274167060852
0.6404327301988674	0.8126856346062666	53.68274164199829
0.6398682538107798	0.8112327949295494	53.72274160385132
0.6395452335556555	0.8151918798673963	53.75274157524109
0.6388509842395996	0.8175367600545314	53.78274154663086
0.6381893289800487	0.8191109824627602	53.82274150848389
0.638263913683008	0.8198250266135143	53.852741718292236
0.6374317396675964	0.822844648166118	53.88274168968201
0.6697132177600689	0.8253635076956651	53.922741651535034
0.6779564366864657	0.836714974287695	53.952741622924805
0.6749624272545948	0.843143966876983	53.982741594314575
0.674351920888735	0.8419161858967774	54.0227415561676
0.6736260138083454	0.8385729957640377	54.05274152755737
0.6731444609377347	0.8405355366881475	54.082741498947144
0.6726613015438712	0.8403836511839435	54.12274169921875
0.6732394107053619	0.8409702310640554	54.15274167060852
0.6727059585536822	0.8403310629048552	54.18274164199829
0.6730663358191209	0.8384308992429824	54.22274160385132
0.674903372996659	0.8364366932599939	54.25274157524109
0.6747714315166062	0.836164712218407	54.28274154663086
0.6749736036222682	0.835623534830604	54.32274150848389
0.6751067375895563	0.8342514888609946	54.352741718292236
0.6753311113912497	0.8328035258992247	54.38274168968201
0.6743947433772731	0.8289410540397165	54.422741651535034
0.6743557192662566	0.8243013878212558	54.452741622924805
0.6743615144699081	0.8237366938391539	54.482741594314575
0.675107398831453	0.8235652130272264	54.5227415561676
0.6758685348022949	0.8237653337258172	54.55274152755737
0.6759404721472326	0.8228105609886525	54.582741498947144
0.6907133705027658	0.8263119543366272	54.62274169921875
0.7212645741685045	0.8450752300800005	54.65274167060852
0.7100754797729772	0.8580799025738627	54.68274164199829
0.7062120013361893	0.8706595082263799	54.75274157524109
0.7061859291379664	0.844914542356788	54.78274154663086
0.7043750976563726	0.8382439574203477	54.82274150848389
0.7026618397529316	0.8651812993186687	54.852741718292236
0.7007732131840095	0.885424919678606	54.88274168968201
0.7054676099222789	0.844424681775701	54.952741622924805
0.7062122805506413	0.8442784408121269	54.982741594314575
0.7061355223768854	0.8472980042618611	55.0227415561676
0.7074773793743678	0.8485509491299426	55.05274152755737
0.7075840585997345	0.8518691013558604	55.082741498947144
0.7168776867873581	0.8822367036443615	55.15274167060852
0.6986264601432621	0.9186468701341193	55.22274160385132
0.7342330331960919	0.8197956392848915	55.25274157524109
0.7474182970289344	0.8205808302179438	55.28274154663086
0.7344541693308478	0.8214165138268165	55.38274168968201
0.7395007889652429	0.8211855491621677	55.452741622924805
0.7357091484864561	0.8264894693646494	55.482741594314575
0.7087550614279527	0.850562699129438	55.582741498947144
0.7100446402887935	0.8485465027195399	55.62274169921875
0.7104242455199737	0.8418389256641973	55.65274167060852
0.7085243829165904	0.84044860424917	55.68274164199829
0.7079139112255014	0.8393028942726877	55.72274160385132
0.7079949132065515	0.8420688350630579	55.75274157524109
0.70818994207675	0.8474859727189348	55.78274154663086
0.7070488088699439	0.8516308956946471	55.82274150848389
0.736362447772736	0.8532720921623718	55.88274168968201
0.733981930237548	0.818730579939918	55.952741622924805
0.6983072581574861	0.9002338597774795	56.05274152755737
0.7518349452152292	0.82080699675119	56.082741498947144
0.7378976931900781	0.8738237039495952	56.32274150848389
0.7177073263695644	0.8962081515683051	56.38274168968201
0.7176616601050914	0.8746837336478518	56.482741594314575
0.7145886797827036	0.8741126081135637	56.5227415561676
0.7159490551304795	0.8703983753506528	56.55274152755737
0.7131590231177525	0.8670237264932296	56.582741498947144
0.7138780282005897	0.8697968678150908	56.62274169921875
0.7152263442941822	0.8653385950972836	56.65274167060852
0.7401612945476786	0.8198228200818674	56.68274164199829
0.7402601996571561	0.8188151672879446	56.72274160385132
0.7391364439473085	0.8171266124478507	56.75274157524109
0.7383922206635384	0.816545425976944	56.78274154663086
0.7377106631373094	0.8154062988405612	56.82274150848389
0.7362934697645241	0.8169374328598732	56.852741718292236
0.7343844787019411	0.8189345759191292	56.88274168968201
0.7350558598236628	0.8200876599810081	56.922741651535034
0.7336275609669006	0.8208515261982134	56.952741622924805
0.7264935499370139	0.8209731577262736	56.982741594314575
0.7175435677917085	0.8211901780679697	57.0227415561676
0.713306851777548	0.8291769309209913	57.05274152755737
0.7111103990214938	0.8292265114568614	57.082741498947144
0.71173596330232	0.8270828105034402	57.12274169921875
0.7128212719114257	0.8236939619191865	57.15274167060852
0.7129219886658087	0.8262288669023666	57.18274164199829
0.7153415083969719	0.8273303426018616	57.22274160385132
0.7148919197309082	0.8320824033646779	57.25274157524109
0.7151743829040725	0.8381306431326722	57.28274154663086
0.71441380044439	0.8425324869683127	57.32274150848389
0.713745332061264	0.8454078497346258	57.352741718292236
0.7132568700347084	0.849091599338662	57.38274168968201
0.7124776074588695	0.8471600990645418	57.422741651535034
0.7386062467587388	0.8656320717907089	57.452741622924805
0.7596910454520612	0.8154762542522748	57.482741594314575
0.7456252194538778	0.8176537249739045	57.5227415561676
0.7460761663975919	0.8192581399540214	57.55274152755737
0.7459086957630682	0.8224687105273226	57.582741498947144
0.7456818053253397	0.823927159157211	57.62274169921875
0.7453646203041945	0.8242625900633245	57.65274167060852
0.7462097249120128	0.8249022016774563	57.68274164199829
0.7471188214209651	0.8249448615644019	57.72274160385132
0.748157635430891	0.8253667136099386	57.75274157524109
0.748807466058853	0.8240362261609431	57.78274154663086
0.7496547519462314	0.8236700474285138	57.82274150848389
0.7506663495716456	0.8229853481278963	57.852741718292236
0.7517361069136976	0.8233982493600096	57.88274168968201
0.7515198025034311	0.8242439031627018	57.922741651535034
0.7514889313403883	0.8249489715022216	57.952741622924805
0.75107924386787	0.8254481035929186	57.982741594314575
0.7500333275305456	0.8267666155953256	58.0227415561676
0.7485785461568254	0.8281391121626647	58.05274152755737
0.7475655031921891	0.8320117569183588	58.082741498947144
0.7468284171050786	0.8369955191267665	58.12274169921875
0.7459687232747353	0.8391227415612045	58.15274167060852
0.7451741744129642	0.8428782488542153	58.18274164199829
0.7455792078516814	0.8415862974656325	58.22274160385132
0.7444810188704077	0.8392517638797666	58.25274157524109
0.7256413373773934	0.8476407660322668	58.32274150848389
0.7258646159066547	0.8568697890338292	58.352741718292236
0.7245135074046763	0.8596563227595273	58.38274168968201
0.7261644963081784	0.8450367652604205	58.422741651535034
0.7269354356833746	0.8362133220742055	58.452741622924805
0.7267229116182634	0.8378818124156199	58.482741594314575
0.726034225914316	0.8395348915948525	58.5227415561676
0.7565515537869862	0.8082434522094404	58.62274169921875
0.7550112677884554	0.8114596012453692	58.65274167060852
0.7544686263348173	0.8103866831575283	58.68274164199829
0.7540430812332958	0.8107427866333308	58.72274160385132
0.7526479103490362	0.8079667745472883	58.75274157524109
0.7513480772947218	0.805638862092378	58.78274154663086
0.7513470561599469	0.8053423577714359	58.82274150848389
0.7515117947106023	0.8037661731874851	58.852741718292236
0.7519002686191256	0.7993137286716469	58.88274168968201
0.752468240911875	0.7989343839284582	58.922741651535034
0.753022444401135	0.7972166660049771	58.952741622924805
0.7526703380575608	0.7979483976203499	58.982741594314575
0.7516986384227439	0.7974557410023233	59.0227415561676
0.7518966965201234	0.7990033497505975	59.05274152755737
0.7516387248235883	0.7994890363058186	59.082741498947144
0.726035261248627	0.7865294192767144	59.15274167060852
0.7349025569881351	0.7469605211158667	59.18274164199829
0.7318824244372987	0.7477562671169464	59.22274160385132
0.7312790851605249	0.7486729450539411	59.25274157524109
0.7308882692945923	0.749966585509442	59.28274154663086
0.7316802553487753	0.7495678520633011	59.32274150848389
0.7311929482897561	0.7498591584074399	59.352741718292236
0.7313216871990456	0.7502820350641982	59.38274168968201
0.7313129875075008	0.7504323933951542	59.422741651535034
0.7312711792583851	0.7482837660337261	59.452741622924805
0.7314692307332216	0.7498790358356029	59.482741594314575
0.7328784075113486	0.7478483915309034	59.5227415561676
0.732822317828374	0.7478434309027735	59.55274152755737
0.7324470201285554	0.7482271057587486	59.582741498947144
0.7323755130099895	0.7482346014693991	59.62274169921875
0.7122106448776504	0.6605986117482626	59.65274167060852
0.7134893076524502	0.6801584158854618	59.68274164199829
0.705574454060276	0.683301230766702	59.72274160385132
0.7061752986732482	0.6827843059700998	59.75274157524109
0.7057200850322171	0.6826158820914098	59.78274154663086
0.7048459475111375	0.6846348178269315	59.82274150848389
0.7043220104769975	0.6875220562806323	59.852741718292236
0.7039717681833945	0.6878788639486424	59.88274168968201
0.7045173814331894	0.6886853550028165	59.922741651535034
0.7042318437250505	0.6886310992373118	59.952741622924805
0.7037714710288497	0.6903540376157172	59.982741594314575
0.7033485762199264	0.6892357072984969	60.0227415561676
0.7036373024901923	0.6907317294540777	60.05274152755737
0.7041481061739054	0.6889214752836829	60.082741498947144
0.7036688448231736	0.6888343157211235	60.12274169921875
0.7038865479214887	0.6897762774574677	60.15274167060852
0.7042085627443484	0.692774644716897	60.18274164199829
0.7327459858972092	0.6943942408649668	60.25274157524109
0.730783917569755	0.6985629254790773	60.28274154663086
0.7298010817551271	0.7024027513259777	60.32274150848389
0.7283166073462432	0.7011842245205857	60.352741718292236
0.7271395709705263	0.7035284295906499	60.38274168968201
0.7267037690878992	0.7027630129194139	60.422741651535034
0.7259768168330909	0.7026383753284651	60.452741622924805
0.7245558529499571	0.7033824378147606	60.482741594314575
0.7249818665504011	0.7031413116880678	60.5227415561676
0.724500052428294	0.7013319741589783	60.55274152755737
0.7243912722690123	0.7011762245756334	60.582741498947144
0.7244378557422156	0.7024139165788111	60.62274169921875
0.714532552912401	0.7256633119005395	60.65274167060852
0.7084226375871013	0.7318246247173138	60.68274164199829
0.7084515781618927	0.7273061875888064	60.72274160385132
0.7084077969600786	0.7287862241268551	60.75274157524109
0.7088595020170105	0.7279156511025625	60.78274154663086
0.709067829246836	0.7294419681975972	60.82274150848389
0.7097000382547937	0.7314477413682979	60.852741718292236
0.7124304410130479	0.7743041599817285	60.88274168968201
0.7118531733005795	0.7756916672596875	60.922741651535034
0.7154017231201837	0.7832169247635093	61.0227415561676
0.710294366315697	0.7658417473361879	61.05274152755737
0.6968863371468379	0.824851464505825	61.082741498947144
0.6997826102496894	0.7841906572498332	61.12274169921875
0.6922744365139892	0.7629557960931991	61.15274167060852
0.6853491472056401	0.7630062285048524	61.25274157524109
0.684988827612855	0.7699778651759895	61.28274154663086
0.683765405915118	0.7713442691483808	61.32274150848389
0.6818184007226906	0.7699803824234079	61.352741718292236
0.6795963221531418	0.7687889928532301	61.38274168968201
0.5887233328925127	1.0213754560362818	61.482741594314575
0.576767913820447	1.0240433827326916	61.582741498947144
0.6563539492365058	0.5789403056189304	61.72274160385132
0.6538565583124369	0.592618445136487	61.75274157524109
0.6538565583124369	0.592618445136487	62.0227415561676
0.6538565583124369	0.592618445136487	62.05274152755737
0.6538565583124369	0.592618445136487	62.082741498947144
