COORDENADA X	 COORDENADA Y	 TEMPO
0.4556275198821653	1.1648110968607455	-41.85701513290405
0.4468394870607946	1.1521404080897302	-41.82701516151428
0.4511769390110545	1.160811552225463	-41.787015199661255
0.4351313209059185	1.097175058720096	-41.65701508522034
0.4352247309178659	1.126527893688093	-41.627015113830566
0.4258444850057005	1.1268381462285946	-41.58701515197754
0.43376858340737545	1.0563735402238998	-41.42701506614685
0.4348816356866312	1.0521693477676486	-41.38701510429382
0.4320203586235763	1.0598784373449048	-41.287015199661255
0.4301102798371856	1.0650528161946795	-41.257015228271484
0.4288801531167516	1.064426515011865	-41.227015256881714
0.4286094192367249	1.0612229689410249	-41.18701505661011
0.4530960641059931	0.9922299071915253	-41.027015209198
0.42078519079066534	0.9890791444987114	-40.98701524734497
0.4281923809223858	1.0189471285906608	-40.92701506614685
0.43309083635884327	1.0121619103749908	-40.787015199661255
0.43249248470170776	1.0104861394010036	-40.757015228271484
0.43386807540456274	1.0059000607418251	-40.727015256881714
0.43526233076738785	1.0043791818941465	-40.68701505661011
0.4782290653119108	1.1342017840091754	-40.627015113830566
0.47803156374218375	1.1327115298272554	-40.58701515197754
0.4726716881604237	1.1488719824523799	-40.55701518058777
0.350699624972553	1.24459942908539	-40.48701524734497
0.47761517459581837	1.0699791727836998	-40.4570152759552
0.4598549533620263	1.0781254415007215	-40.42701506614685
0.4751824107828026	1.068376958491526	-40.38701510429382
0.4784053242589238	1.082754026639963	-40.32701516151428
0.4746085424503654	1.0923661679157861	-40.287015199661255
0.4713837291470092	1.084505441865549	-40.257015228271484
0.4689957566915652	1.080165430142185	-40.15701508522034
0.47100319730519924	1.073378147202316	-40.127015113830566
0.4740724087636815	1.0786259367006352	-40.08701515197754
0.5698818522658744	1.1029722597655591	-40.027015209198
0.5600804269863955	1.105047240581805	-39.98701524734497
0.5573310470880134	1.1054168303954492	-39.9570152759552
0.5521670849570595	1.0201660998945403	-39.92701506614685
0.5523638046928532	1.0920327948561355	-39.88701510429382
0.568701977188609	1.0813096966086861	-39.757015228271484
0.6746274171322013	1.1187807990129275	-39.68701505661011
0.6687487524045997	1.1050065736463088	-39.65701508522034
0.670751802468084	1.1152468499006714	-39.627015113830566
0.6683431454975605	1.1076073329784994	-39.58701515197754
0.6634382195156674	1.1100072294154917	-39.55701518058777
0.6651477543707315	1.1075939527443526	-39.527015209198
0.6580135721192328	1.110015846670606	-39.48701524734497
0.6531505428795407	1.1083355785315732	-39.4570152759552
0.6501424948619194	1.112640367840657	-39.42701506614685
0.6481208232463034	1.1117115996066025	-39.38701510429382
0.6494248694441068	1.1184136059151306	-39.35701513290405
0.6451839471639921	1.1026203609506264	-39.32701516151428
0.6427146600594742	1.1052042763607965	-39.257015228271484
0.6944561428267915	1.1031734271515268	-39.18701505661011
0.7079201464572046	1.1261675913228657	-39.15701508522034
0.6961130065228587	1.108564323421389	-39.127015113830566
0.695163632386153	1.110043365552807	-39.08701515197754
0.7001993502336348	1.1043579628607079	-39.05701518058777
0.6981952618869212	1.1069323252053382	-39.027015209198
0.6976294864185552	1.104682274423689	-38.98701524734497
0.7013525968031581	1.1048022872762455	-38.9570152759552
0.7541077387735814	1.1221122743460716	-38.88701510429382
0.7512119894588071	1.1182922867121223	-38.85701513290405
0.7463949213871907	1.11508922637079	-38.82701516151428
0.7437817223866554	1.1174993841911771	-38.787015199661255
0.74329001328946	1.1179348195564252	-38.757015228271484
0.7455419821637227	1.123034236022565	-38.727015256881714
0.7430635423244254	1.116159476787835	-38.68701505661011
0.6880856568266627	1.1194385672306106	-33.65701508522034
0.6880856568266627	1.1194385672306106	-33.55701518058777
0.7079996281147243	0.870619449304362	-33.527015209198
0.7101760241010178	0.861764266133952	-33.48701524734497
0.7072550107567082	0.8660236204826541	-33.4570152759552
0.7043680557665927	0.8553240909963602	-33.42701506614685
2.336536441044737	1.2612939950256117	-32.92701506614685
0.6842574518564731	0.9049610018854117	-31.9570152759552
0.6835564286773624	0.9038238603843826	-31.92701506614685
0.6858682199576995	0.8923283386492474	-31.887015104293823
0.680082943616666	0.9203690483063152	-31.857015132904053
0.6853069406142835	0.8968250185155971	-31.827015161514282
0.6627342619468205	0.7075220279493105	-31.627015113830566
0.6463935746601163	0.9398336024471847	-31.527015209197998
0.6694993428370688	0.8927272619404366	-31.48701524734497
0.6444453504646718	0.9009851435959813	-31.387015104293823
0.461698840380781	0.8493419722730614	-31.257015228271484
0.5138370410249321	1.1289657712804955	-30.387015104293823
2.6127058877639673	1.076645455019898	-28.227015256881714
0.44064790780523755	1.044339365164426	-28.05701518058777
0.47506375368466086	1.2817800389574026	-27.887015104293823
0.47816049983507763	1.1615578422301143	-27.827015161514282
0.4773150042472412	1.1038423241724036	-27.757015228271484
0.5062309040677437	1.1042067747147795	-27.627015113830566
0.5120283225737101	1.1613917035639756	-27.527015209197998
0.5245461779655202	1.0782651922152096	-27.42701506614685
0.6906677867803434	1.155955461097077	-27.027015209197998
0.7635898954013687	1.1690261762264185	-26.48701524734497
0.7605352006759146	1.1485793598837573	-26.4570152759552
0.5345024181611988	1.038614922807883	-25.42701506614685
0.5133545544614309	0.8370548672372299	-25.287015199661255
0.5302007291263389	1.0678541073167942	-25.08701515197754
0.5304862138081772	1.0958981473175098	-24.92701506614685
0.5370931534572324	1.0317811557512047	-24.257015228271484
0.43082634055509217	1.152941599193908	-23.157015085220337
0.4951576517437819	0.7764984382320032	-22.787015199661255
0.4540268742354852	1.0760285571112964	-22.527015209197998
0.45192779330056065	0.9942964438957131	-22.357015132904053
0.45319602047211116	1.0079815518041717	-22.317015171051025
0.4432324485347671	0.9312587396931518	-22.23701524734497
0.45511959604011143	1.0350975321496914	-21.9570152759552
0.44039617202254655	1.021480527443737	-21.42701506614685
0.425841043007248	0.9164922746603906	-21.357015132904053
0.44757817109058856	1.0327912799621823	-21.187015056610107
0.42400535004413326	0.9233487424399419	-21.127015113830566
0.5126373879811656	1.344023280969897	-20.98701524734497
0.4153928196796922	1.0807600790058907	-20.92701506614685
0.5027736964307469	0.7319644144984895	-18.917015075683594
0.4883889764194624	0.7368243255904738	-18.887015104293823
0.5313340193072201	0.6916948886484363	-18.61701512336731
0.6171897578178869	0.7240529479648227	-18.01701521873474
0.5917671738009102	0.6923601519727958	-17.9570152759552
0.6123303489695159	0.724211689654929	-17.717015266418457
0.479005432994156	0.7823860249307506	-17.51701521873474
0.606600194562605	0.7039992473897556	-17.417015075683594
0.578801785235928	0.7526110165903221	-17.257015228271484
0.4064040589150305	0.847567240474324	-17.01701521873474
0.44546800462491787	0.7355882427521987	-16.817015171051025
0.4336742231490854	0.644492729188097	-16.787015199661255
0.496292123060688	0.7317947404377639	-16.61701512336731
0.5778593963537251	0.6067274433462234	-16.187015056610107
0.5900331317014166	0.7131215949618149	-15.98701524734497
0.6480246333694821	0.8231645382692309	-15.557015180587769
0.7094495822590704	0.7363109326858704	-15.11701512336731
0.7007806833213199	0.7267329932060256	-15.047015190124512
0.4653288092904	0.5713169385857421	-14.917015075683594
0.4759952132345606	0.4873674608172166	-14.817015171051025
0.4748467338327158	0.5440796211928954	-14.657015085220337
0.4836805817860907	0.4737892118331095	-14.557015180587769
0.5276198853192974	0.6379301628191166	-13.717015266418457
0.5329468351337803	0.6729878715284391	-13.687015056610107
0.5314716112324689	0.46913830639508936	-13.317015171051025
0.4495700421587239	0.520401343568268	-13.257015228271484
0.48457440062656876	0.3896751997850608	-13.11701512336731
0.5394203120149934	0.3254413517013751	-12.817015171051025
0.5536906076679083	0.5229727731229123	-12.217015266418457
0.44698406233933596	0.510018764611149	-12.087015151977539
0.4724532411250302	0.5076546972836717	-11.787015199661255
0.47808147263200695	0.4950088293006905	-11.61701512336731
0.46880561747709054	0.5970566714604267	-11.517015218734741
0.4799605980935092	0.5757693309478809	-11.357015132904053
0.5007442039878645	0.7560538062752189	-11.317015171051025
0.5007442039878645	0.7560538062752189	-9.657015085220337
0.5007442039878645	0.7560538062752189	-9.11701512336731
0.5007442039878645	0.7560538062752189	-9.067015171051025
0.5007524808910307	0.5546353796215896	-8.9570152759552
0.478891646203677	0.5918762493120071	-8.887015104293823
0.4709073629452337	0.5909307187984458	-8.817015171051025
0.4782527414051008	0.5656743475447191	-8.67701506614685
0.48026228255997194	0.5900813889236444	-8.64701509475708
0.46730308600393416	0.5030995478375349	-8.347015142440796
0.4442038480335464	0.5047744736177295	-8.187015056610107
0.45786367318395726	0.6159030992838302	-7.887015104293823
0.4342795943873405	0.5845767082548335	-7.787015199661255
0.4024651969441406	0.6281364793149792	-7.61701512336731
0.39787726404508467	0.5370786747071978	-7.417015075683594
0.4757695611240516	0.6423307423130982	-7.187015056610107
0.4682116145952417	0.6362231607429992	-7.087015151977539
0.45096334894408907	0.6364626148135595	-7.017015218734741
0.4556793757150553	0.6333176984675231	-6.917015075683594
0.45451905956867855	0.6269655389124534	-6.887015104293823
0.45375468508161915	0.6212522596035479	-6.847015142440796
0.41870915051565627	0.7740045469010502	-6.817015171051025
0.42012990138510814	0.6121517446383191	-6.61701512336731
0.3885601038245222	0.6510128888707132	-6.387015104293823
0.4791275863690551	0.37262081712969913	-6.347015142440796
0.4753772994742317	0.47841370062494193	-5.387015104293823
0.4635803279360504	0.4343608212882813	-4.987015247344971
0.4868451054277633	0.4633240795502617	-4.817015171051025
0.5452079205127157	0.4653665890850635	-3.7470152378082275
0.4871301265129812	0.2753434079996675	-2.6870150566101074
0.48084375194001033	0.4163082815523038	-2.6170151233673096
0.4275492164621151	0.6009956419275715	-1.717015266418457
0.4292086492596909	0.6438005235523506	-1.4470152854919434
0.4636265346696669	0.4795274620094605	-1.14701509475708
0.45165381408633837	0.4276156073106641	-0.8470151424407959
0.4419949851757229	0.47295473498662044	-0.6870150566101074
0.5378189661636348	0.8684089335678479	-0.21701526641845703
0.5056638938065038	1.064729877808256	-0.08701515197753906
0.5107265120781107	1.0683797427147246	-0.04701519012451172
0.5083830874162658	1.1013304647400406	-0.01701521873474121
0.5909958968317904	1.0499119679274727	0.05298471450805664
0.7469178615078166	1.0334202576258846	1.1129848957061768
0.7370936931080073	0.9195757721467175	1.2529847621917725
0.7517276823332993	1.031991093273811	1.282984733581543
0.7308003565118648	1.015687811692884	1.35298490524292
0.7434763719299594	1.0389966459586577	1.3829848766326904
0.7462492579417994	1.0638854202957413	1.412984848022461
0.6828167463016374	0.9780333855677952	1.5129847526550293
0.6927307588143915	1.0576281290670422	1.5829849243164062
0.6923095700664339	1.063413885456563	1.6129848957061768
0.6855071481451477	1.1028104110914179	1.6829848289489746
0.6868761384640905	1.0138322532792594	1.7129848003387451
0.682202244289451	1.021744163389862	1.782984733581543
0.4552337195841547	1.0554070529639288	2.0829849243164062
0.4917934772063409	1.1717497861120834	2.2529847621917725
0.5999980920735415	0.7094262671484273	2.282984733581543
0.5999980920735415	0.7094262671484273	2.3129849433898926
0.5999980920735415	0.7094262671484273	2.3829848766326904
0.5999980920735415	0.7094262671484273	2.412984848022461
0.5999980920735415	0.7094262671484273	2.4529848098754883
0.5999980920735415	0.7094262671484273	2.482984781265259
0.5999980920735415	0.7094262671484273	2.5129847526550293
0.38661309281059447	1.1376194609757566	2.5829849243164062
0.4512472846952036	1.117105452394637	2.6829848289489746
0.44462755419401756	1.1285739352485367	2.712984800338745
0.4463358527458942	1.134324793384665	2.7529847621917725
0.4442559134441734	1.1560162716275881	2.782984733581543
0.44704286857856745	1.1375447978351167	2.8129849433898926
0.4445466547676333	1.1438853357172092	2.85298490524292
0.44379029033069295	1.1465879233699845	2.8829848766326904
0.44981281478765445	1.144344257597684	2.912984848022461
0.4359939452385735	1.1226203494831049	2.9529848098754883
0.45367602671237844	1.147414802039808	2.982984781265259
0.45559595613895154	1.1377958897828253	3.0129847526550293
0.45779837408227314	1.1387568651438384	3.0529847145080566
0.45606462545514176	1.1464253537714417	3.0829849243164062
0.49437505133925175	1.1310013541416841	3.152984857559204
0.4909435279685506	1.1365611281772607	3.1829848289489746
0.48964183298627556	1.1385350655426154	3.212984800338745
0.4895576729118342	1.1368015512119376	3.2529847621917725
0.4920953992876585	1.1432651908359737	3.282984733581543
0.4918689321164487	1.1543394439510966	3.3129849433898926
0.6268161023911835	1.2190770995622324	3.412984848022461
0.6584828440706614	1.151790578118752	3.4529848098754883
0.6567877296759653	1.1508675576934142	3.482984781265259
0.6556290895857031	1.1519059705671848	3.5129847526550293
0.6557244905675185	1.1540597062254918	3.5529847145080566
0.6560854095171315	1.1534948553721225	3.5829849243164062
0.6532914086344656	1.1542203457061422	3.6129848957061768
0.65331386598811	1.156764511823119	3.652984857559204
0.6554273885618618	1.155430322530537	3.6829848289489746
0.6521829738408695	1.1578614590938847	3.712984800338745
0.6559529250214394	1.1555950672060071	3.7529847621917725
0.654918676282373	1.1575779614909285	3.782984733581543
0.6543531014418346	1.1559659486613085	3.8129849433898926
0.713732570455159	1.1502964523057897	3.8829848766326904
0.6925427346243599	1.1893654773923792	3.912984848022461
0.6986783036117591	1.1795063831986268	3.9529848098754883
0.7069320143730751	1.148277172179311	4.012984752655029
0.7044981892845794	1.1556048771226193	4.052984714508057
0.7039504583667299	1.151406640240992	4.082984924316406
0.6887890567235928	1.1376437001671933	4.112984895706177
0.6754072315112298	1.1710622564404145	4.152984857559204
0.675433563451753	1.161303590673095	4.182984828948975
0.6769911100285914	1.1504862158869018	4.212984800338745
0.6771330529404525	1.1467529798361509	4.2529847621917725
0.6756468641771917	1.1470145620975982	4.282984733581543
0.6756929142543934	1.1463436866510712	4.312984943389893
0.6772526831812506	1.148495272094312	4.35298490524292
0.6776810430636461	1.1446507621575086	4.38298487663269
0.47842238198289816	1.0532309389264034	4.452984809875488
0.4742832339151963	1.0848775341860852	4.482984781265259
0.47614858518975756	1.0916047481553381	4.512984752655029
0.4764772545461307	1.0898974105732981	4.552984714508057
0.47619091689446713	1.0890914013241169	4.582984924316406
0.4749000579808031	1.0839351958057777	4.612984895706177
0.47463988018545566	1.0831446054312304	4.652984857559204
0.47566040735256926	1.0826868637546354	4.682984828948975
0.47466424684313036	1.082652637388696	4.712984800338745
0.4768181164834483	1.0876343973572575	4.7529847621917725
0.47056465470327985	1.097120358644097	4.782984733581543
0.4717025751632869	1.0907696540617275	4.812984943389893
0.6104394399104466	1.110350161640402	4.88298487663269
0.5868353336313931	1.1502013607327317	4.912984848022461
0.5954586832905137	1.1213189554332648	4.952984809875488
0.5995822878253332	1.1173900111141566	4.982984781265259
0.5984585420711322	1.1258124122808175	5.012984752655029
0.5990076920696078	1.1296091916627355	5.052984714508057
0.6052401153640088	1.130623332497495	5.082984924316406
0.6624222975901591	1.1215987408833388	5.152984857559204
0.6586842622336238	1.1181426436119315	5.182984828948975
0.6628044862467896	1.1131142195360635	5.212984800338745
0.6572509061347221	1.1088439322982897	5.2529847621917725
0.6554433333961494	1.1212406045896715	5.282984733581543
0.6533264528703696	1.1221076096276457	5.312984943389893
0.651813270645165	1.124871999818371	5.35298490524292
0.6504828274548959	1.1272752638247625	5.38298487663269
0.6499250416502644	1.1279057617057078	5.412984848022461
0.6491970290607642	1.127478125061225	5.452984809875488
0.36832504019792184	1.1918515764548065	5.812984943389893
0.36856934735060454	1.2021326744830547	5.85298490524292
0.3693852458908593	1.202480034312137	5.88298487663269
0.37008164166675983	1.20398259713499	5.912984848022461
0.3707109910956019	1.2032766825965457	5.952984809875488
0.3510506721026705	1.1370194462763934	5.982984781265259
0.34568265456163233	1.1240494457208328	6.012984752655029
0.34578831466102206	1.116494010110802	6.052984714508057
0.3386073497188349	1.1136852559328558	6.082984924316406
0.33471809413579096	1.107158591191091	6.112984895706177
0.33071340501983176	1.1172299404016794	6.152984857559204
0.3262889486942823	1.1087172236092113	6.182984828948975
0.3226923832103752	1.110155310543428	6.212984800338745
0.3232729863859467	1.1135753148164385	6.2529847621917725
0.3176715711345527	1.1133203675923524	6.282984733581543
0.31420244415532295	1.1127566878896775	6.312984943389893
0.31191007985067526	1.1158698417933304	6.35298490524292
0.3109132711421566	1.1153540309830003	6.38298487663269
0.36619953119564447	1.1414258461001454	6.452984809875488
0.36652469791743475	1.1375362702610394	6.482984781265259
0.3650695526142891	1.1384432676001766	6.512984752655029
0.3631960355053686	1.1389299554578196	6.552984714508057
0.3622704087809009	1.1391649888268534	6.582984924316406
0.36119065203884926	1.1420208392221862	6.612984895706177
0.36038851090828966	1.142416479727635	6.652984857559204
0.3596048978363539	1.1412320258969928	6.682984828948975
0.3583868479827059	1.1434057473476897	6.712984800338745
0.35796847031388296	1.141540409326379	6.7529847621917725
0.4056658201887483	1.1753940001682168	6.85298490524292
0.42606521262483577	1.1274876713049717	6.88298487663269
0.4247455744974691	1.1327276339929588	6.912984848022461
0.4218815115265485	1.138456392766129	6.952984809875488
0.42055108581574024	1.1389063072616383	6.982984781265259
0.4194796686139629	1.1409306759169238	7.012984752655029
0.41861276638522427	1.1410212366156984	7.052984714508057
0.4184486059996153	1.1446159601312993	7.082984924316406
0.41811841360117835	1.1439876816690098	7.112984895706177
0.41824212295863133	1.142726727327527	7.152984857559204
0.4177087687247716	1.1480755225164692	7.182984828948975
0.46864773224541084	1.1282736635941173	7.212984800338745
0.4747634627626921	1.1329012332836876	7.2529847621917725
0.47616637768206155	1.1304749750293193	7.282984733581543
0.47423914507946563	1.1308167711071597	7.312984943389893
0.47245876927133484	1.131397243111831	7.35298490524292
0.4722125185585243	1.1312149174004384	7.38298487663269
0.4723328751736693	1.1315068137093833	7.412984848022461
0.47268725163414754	1.1311946170184308	7.452984809875488
0.47544651163168883	1.1319902393071677	7.482984781265259
0.5483697065691306	1.1574750870193362	7.512984752655029
0.556624416042817	1.1441925432500593	7.552984714508057
0.5525676153005736	1.1460602489761509	7.582984924316406
0.5529820297389006	1.1456123038541164	7.612984895706177
0.5516824025679292	1.1457377159792201	7.652984857559204
0.5486268757363475	1.1477621131995703	7.682984828948975
0.5486350795919891	1.1474341742765455	7.712984800338745
0.5483706421756437	1.1468227330330416	7.7529847621917725
0.5485343114653466	1.145036054484763	7.782984733581543
0.5488496220436567	1.1436785202091304	7.812984943389893
0.5492642024706443	1.1430532981082995	7.85298490524292
0.6581673013484932	1.1467895687028091	7.912984848022461
0.6558601966222706	1.1492182263461062	7.952984809875488
0.6531882354773618	1.150627456816018	7.982984781265259
0.6533929559428402	1.1512195225227393	8.01298475265503
0.6521700941706258	1.1517795729395486	8.052984714508057
0.6514649063152363	1.1534878838140488	8.082984924316406
0.6501244591250862	1.1522262365873104	8.112984895706177
0.6485474770818839	1.1504913280380467	8.152984857559204
0.6931912400098578	1.1460570178965328	8.212984800338745
0.692241242356826	1.148056475044791	8.252984762191772
0.689576601764069	1.1474340067414324	8.282984733581543
0.6888572198068045	1.1489804141231659	8.312984943389893
0.6876807945756671	1.151009966972554	8.35298490524292
0.6847592178086457	1.1504908040370074	8.38298487663269
0.3278846326985792	1.0549253341765727	8.482984781265259
0.32978109399968225	1.059200240492656	8.51298475265503
0.32683636182485354	1.0605836396506663	8.552984714508057
0.3262113211550057	1.0586426270716356	8.582984924316406
0.32563990875151005	1.0589818237751074	8.612984895706177
0.3249270163403897	1.0586798338433487	8.652984857559204
0.32482105476268325	1.0591303077969043	8.682984828948975
0.32516715285152825	1.0601101645318383	8.712984800338745
0.324625441074874	1.060061751503084	8.752984762191772
0.3260210949195436	1.0616696533613164	8.782984733581543
0.326671621822037	1.0612748209342993	8.812984943389893
0.31961771095138297	1.092885711527279	8.85298490524292
0.3392307611697236	1.0573729125999518	8.88298487663269
0.34001653342625554	1.0540363007134455	8.912984848022461
0.3410703465336051	1.0549842064414452	8.952984809875488
0.34192535529198653	1.0562203210401546	8.982984781265259
0.3429304268501073	1.0560513885418363	9.01298475265503
0.5035233071505296	1.0654369600079856	9.082984924316406
0.5009896191744473	1.0386943934795836	9.112984895706177
0.5002965245659151	1.0418979819549563	9.152984857559204
0.4981358387421457	1.0456970038851403	9.182984828948975
0.4971638346383215	1.0467920539875286	9.212984800338745
0.4967246468621447	1.047222188649911	9.252984762191772
0.4969629891510571	1.0486994421415226	9.282984733581543
0.49708590790369317	1.0505583949928663	9.312984943389893
0.49746522277998406	1.0527971369852176	9.35298490524292
0.49715642930354564	1.052262968105005	9.38298487663269
0.49656950620377355	1.053709748671608	9.412984848022461
0.4962311287958978	1.0539125773850617	9.452984809875488
0.5465188502935528	1.0822582360149906	9.51298475265503
0.5466290014780405	1.0733771851189184	9.552984714508057
0.5459489826758719	1.0731714459913926	9.582984924316406
0.5557817145308793	1.045949842005847	9.612984895706177
0.5480724265162726	1.0588670796171897	9.652984857559204
0.5546978387963626	1.0411447213453209	9.682984828948975
0.5535368079640011	1.0451670528480155	9.712984800338745
0.5522689492783875	1.0461266991174938	9.752984762191772
0.5533950960392396	1.0466536432669937	9.782984733581543
0.6125089861980454	1.0603346572266457	9.812984943389893
0.6155589775218969	1.0583940364645228	9.85298490524292
0.6135793932721616	1.0627439182623284	9.88298487663269
0.6143832190043824	1.0644683504472408	9.912984848022461
0.6153877490751255	1.0631116339456363	9.952984809875488
0.6205496791428254	1.0620764842539607	9.982984781265259
0.6479280894545265	1.0637237188902842	10.01298475265503
0.6488245789585423	1.0616424085898057	10.052984714508057
0.6484683807824051	1.0664628682933042	10.082984924316406
0.6482486019626026	1.0688304951122856	10.112984895706177
0.6460601898186982	1.0728855982249401	10.152984857559204
0.643752061977433	1.0699031459476849	10.182984828948975
0.6508820327770084	1.0561669765119337	10.212984800338745
0.36782204412442143	0.9982253345182258	10.282984733581543
0.35856569578139996	1.0017819935157843	10.312984943389893
0.3599003309059985	0.9994816603187322	10.35298490524292
0.35671133428155094	0.9968252185744231	10.38298487663269
0.3536911268390154	0.9929609112467456	10.412984848022461
0.3517751764688631	0.990993522790748	10.452984809875488
0.35086075822888985	0.9894810060778453	10.482984781265259
0.351451934717948	0.9899528002242284	10.51298475265503
0.35250404996076284	0.993499440932238	10.552984714508057
0.35562394020455906	0.9949075662705623	10.582984924316406
0.35436763081210254	0.9907310165785309	10.612984895706177
0.4784878985283654	0.984312670479406	10.682984828948975
0.47547944742833426	0.9973000586292294	10.712984800338745
0.4743823285588027	0.9919167080665663	10.752984762191772
0.4759578403539574	0.9961092124292982	10.782984733581543
0.47429109576756723	0.9963286976479233	10.812984943389893
0.4724615347018335	0.9759311201961002	10.85298490524292
0.47220449837349304	0.9834567555924304	10.88298487663269
0.4715209422547318	0.9850198361371476	10.912984848022461
0.457079020697509	0.9795304024797052	10.952984809875488
0.4466476841963841	1.0015725970910148	10.982984781265259
0.4423234552463092	1.00237704668077	11.01298475265503
0.4515490810008873	0.985853260767701	11.052984714508057
0.4501784130303076	0.9887796679566783	11.082984924316406
0.5905443249574722	1.007607920867256	11.152984857559204
0.5783015921494955	1.0276119849681633	11.182984828948975
0.581157817904836	1.0078939973459669	11.212984800338745
0.581529816717207	0.9917912679322918	11.252984762191772
0.5722952905061023	1.0207219218442742	11.282984733581543
0.5811862186503891	0.9956960287766917	11.312984943389893
0.577779875286326	1.0027392896221787	11.35298490524292
0.5781474806545166	1.0052992136952723	11.38298487663269
0.5807200041749239	1.0040145155401072	11.412984848022461
0.6216391096758522	0.9891902593514172	11.452984809875488
0.6258035999180703	0.9859289044578039	11.482984781265259
0.6224605370571742	0.9810615037063747	11.51298475265503
0.6265219937344446	0.9746421768665147	11.552984714508057
0.6272470147633051	0.9771101730818766	11.582984924316406
0.6491079234593257	0.9912865788041346	11.612984895706177
0.6662144928162227	0.9887007418383532	11.652984857559204
0.6631372668214773	0.9930080807859962	11.682984828948975
0.6596276189153312	0.9944990390324425	11.712984800338745
0.6572875796787672	0.9944900806369836	11.752984762191772
0.6553631728500527	0.9891882567540027	11.782984733581543
0.7088116940897113	0.9825523196153787	11.85298490524292
0.7075329269535321	0.9904590546299502	11.88298487663269
0.6972026319008107	1.009191407427029	11.912984848022461
0.6962505684578053	1.0035076291898155	11.952984809875488
0.7007433358005004	0.9910242349501661	11.982984781265259
0.6992335001121663	0.9980490443550337	12.01298475265503
0.6962361172645032	0.999393620596235	12.052984714508057
0.6916377858986319	1.001207466892636	12.082984924316406
0.6811269651824534	0.9922382355763695	12.112984895706177
0.6777233904293637	0.9975071707248329	12.152984857559204
0.6768597765822407	0.9927524206690033	12.182984828948975
0.32366946897104104	0.9835630952303419	12.252984762191772
0.3559553698177471	0.9154301679841185	12.282984733581543
0.356857765999718	0.911535555375625	12.312984943389893
0.3550340059943451	0.9131123591473568	12.35298490524292
0.3579419046325865	0.9160584586072511	12.38298487663269
0.35963435466149607	0.9162050808529754	12.412984848022461
0.3601804622186225	0.9158541256341722	12.452984809875488
0.3602260161256806	0.9151070600792599	12.482984781265259
0.3594514843763881	0.9124002730833463	12.51298475265503
0.3575699315842155	0.9110296963304877	12.552984714508057
0.3962240144726239	0.8978361858480868	12.582984924316406
0.39709950573221603	0.9243452142239443	12.612984895706177
0.39264015272370967	0.9314329167244889	12.652984857559204
0.3887574731177101	0.9356686108079688	12.682984828948975
0.38611903871318237	0.9304889352747527	12.712984800338745
0.37163632319110423	0.9790925656079601	12.752984762191772
0.386964759655985	0.9323317943551938	12.782984733581543
0.49930902053370624	0.9485905296455405	12.85298490524292
0.49138391991427194	0.9597255159757628	12.88298487663269
0.4895379084870084	0.948363284703528	12.912984848022461
0.48813401695836683	0.9531723732943715	12.952984809875488
0.48727606480359087	0.9547525160579202	12.982984781265259
0.4864914789942437	0.9555930707986532	13.01298475265503
0.48472528823816935	0.9549243654067369	13.052984714508057
0.4850286286968162	0.954644612327679	13.082984924316406
0.48585936010811076	0.9536099600044871	13.112984895706177
0.5014780881679423	1.0402064548068568	13.152984857559204
0.5434494786189663	0.966405915260248	13.182984828948975
0.5450617158130711	0.9493921946295631	13.212984800338745
0.5454137103641392	0.9559578686487648	13.252984762191772
0.5460035215797339	0.9464968897232244	13.282984733581543
0.6340884581082544	0.9564094359880486	13.35298490524292
0.634004177132857	0.9588506689264702	13.38298487663269
0.6322278205346831	0.9566208348496624	13.412984848022461
0.6295215192064411	0.9540695432746524	13.452984809875488
0.6295788021561693	0.9537754046620729	13.482984781265259
0.6298506748524152	0.9515815723509311	13.51298475265503
0.629241973468567	0.9549936271655803	13.552984714508057
0.6313127880078351	0.953317628830481	13.582984924316406
0.6307076396081995	0.956521937921049	13.612984895706177
0.6298212816265759	0.9585680269650662	13.652984857559204
0.6284646358400577	0.9564644984082505	13.682984828948975
0.6865266234589776	0.9655251973268263	13.752984762191772
0.688575910971878	0.9620176122580174	13.782984733581543
0.6854529391895852	0.9623942512151824	13.812984943389893
0.6814820145182021	0.9664211220188945	13.85298490524292
0.6822397201083986	0.9689965637530736	13.88298487663269
0.6818024150148252	0.9699496994128952	13.912984848022461
0.6824929563598953	0.9711287234357288	13.952984809875488
0.6820799882642268	0.9708030725297265	13.982984781265259
0.6815588208410566	0.9703794702335793	14.01298475265503
0.3736976541602329	0.8918428857070677	14.082984924316406
0.3779703440096021	0.9140767111172087	14.112984895706177
0.379411725322157	0.9028574039778996	14.152984857559204
0.3732396327727923	0.8905194295331814	14.182984828948975
0.36896797072708004	0.9164342586384562	14.252984762191772
0.36302433271999524	0.9272309911294414	14.282984733581543
0.36029755126959395	0.9215598234750424	14.312984943389893
0.354482985799081	0.9223249802594836	14.35298490524292
0.347955136049532	0.9111083839282856	14.38298487663269
0.4103835988423392	0.9045356848150183	14.452984809875488
0.38156318606920875	0.9171296333228349	14.482984781265259
0.37157268528586407	0.9145154392790988	14.51298475265503
0.36147930116830407	0.9148238879010948	14.552984714508057
0.36147930116830407	0.9148238879010948	14.582984924316406
0.36147930116830407	0.9148238879010948	14.612984895706177
0.36147930116830407	0.9148238879010948	14.652984857559204
0.3767109908031132	0.8948471807018336	14.682984828948975
0.37638053380615266	0.874748881065108	14.712984800338745
0.36917360512776	0.8861009486696841	14.752984762191772
0.37360230078277146	0.866861651135364	14.812984943389893
0.3760267827975834	0.8578957089047308	14.85298490524292
0.3763459022461897	0.8547530841216928	14.88298487663269
0.6083004770104172	0.7946678597668368	14.952984809875488
0.597052393066475	0.8007134111118059	14.982984781265259
0.5967294775528962	0.7881292308222734	15.01298475265503
0.5888698115044577	0.7965793144610469	15.052984714508057
0.5921022344495432	0.7838709817205486	15.082984924316406
0.5723500958961971	0.8314710615665302	15.112984895706177
0.5810941880198738	0.7962313288576244	15.152984857559204
0.5810907127883697	0.801603028553013	15.182984828948975
0.6364347833489152	0.7932334488376516	15.212984800338745
0.6341012812812287	0.798599109540981	15.252984762191772
0.6268924722190403	0.7932211892625641	15.282984733581543
0.6199313486524823	0.7824861009222877	15.312984943389893
0.616349666634635	0.7809645408603509	15.35298490524292
0.6099952469308803	0.779983467069782	15.38298487663269
0.6066375558852741	0.7742743577147476	15.412984848022461
0.6104849256387668	0.7692233995995911	15.452984809875488
0.6076112948876621	0.7685617969379127	15.482984781265259
0.2693696333248931	0.792190433959919	15.552984714508057
0.27404909900237984	0.7513274613864747	15.582984924316406
0.27331569028132785	0.7385867079243862	15.612984895706177
0.2716425988568671	0.7391244447144686	15.652984857559204
0.26405359187611954	0.7579807248990512	15.682984828948975
0.26667569044438644	0.7307852710864741	15.712984800338745
0.2666124292257172	0.7390852489788217	15.752984762191772
0.2603159480711909	0.7394186345706486	15.782984733581543
0.2578212807075582	0.7413414823155857	15.82298493385315
0.25882435557002303	0.738124730942903	15.85298490524292
0.2563544497094548	0.7411613426128913	15.88298487663269
0.2548460962133801	0.7422682633074128	15.912984848022461
0.2576066868426822	0.7391729795352767	15.952984809875488
0.2572587334293913	0.7444909427297661	15.982984781265259
0.2595070296001662	0.7452567817419025	16.01298475265503
0.26235010446148266	0.745809982285951	16.052984714508057
0.36404973013196273	0.7419544452187318	16.112984895706177
0.35858582907581404	0.7453360989659822	16.152984857559204
0.3578375337789138	0.7454157841517525	16.182984828948975
0.35493479847379794	0.7492247802038546	16.212984800338745
0.3534170625392384	0.7522683649892437	16.252984762191772
0.3524962965716435	0.7567311703011763	16.282984733581543
0.35161468341221286	0.7610370988663725	16.312984943389893
0.35073148360352946	0.7653074469620968	16.35298490524292
0.3500555854143793	0.7685798511319109	16.38298487663269
0.35084390641349145	0.7692010567786334	16.41298484802246
0.38885955344754025	0.7556275017684715	16.45298480987549
0.383641128753461	0.7552393705139793	16.48298478126526
0.3829807806262362	0.7548382975826233	16.51298475265503
0.38211896580698756	0.7498457877796556	16.552984714508057
0.38048003814494513	0.7461495096142214	16.582984924316406
0.3795308472680732	0.7415858805204878	16.612984895706177
0.43713421477784187	0.7013760016626364	16.652984857559204
0.44214258315469784	0.733395300429088	16.682984828948975
0.4380800344814595	0.7247934831329013	16.712984800338745
0.43632710482142306	0.7312149550450684	16.752984762191772
0.4301504312269537	0.727760837500387	16.782984733581543
0.42557122422169485	0.7227401154773904	16.812984943389893
0.4221460735310904	0.716692883278027	16.85298490524292
0.4197435394005766	0.71191794739554	16.88298487663269
0.4185994993467116	0.7103405640819154	16.91298484802246
0.41903334423617034	0.7089247407318449	16.95298480987549
0.4209154825541471	0.7090778240761022	16.98298478126526
0.425114252070122	0.7090514044700085	17.01298475265503
0.4302134718481647	0.7089849292258066	17.052984714508057
0.43308280977605396	0.7119810720934485	17.082984924316406
0.43790610699888366	0.7143056428171488	17.122984886169434
0.5288742813481554	0.7175618755283187	17.152984857559204
0.5324516237516698	0.7171972900301328	17.182984828948975
0.534256229371606	0.7189095748166593	17.212984800338745
0.5360560041336042	0.7209021029500292	17.252984762191772
0.5371367760648432	0.7209399698610227	17.282984733581543
0.5384106063901591	0.7196418825280938	17.312984943389893
0.5385267047152081	0.721623879601601	17.35298490524292
0.539625202951765	0.7225757448403257	17.38298487663269
0.5390045882775844	0.7215355421605882	17.41298484802246
0.6514563721207041	0.7317401881601522	17.48298478126526
0.6530546710475486	0.7367743048961877	17.51298475265503
0.6506525791955136	0.7383069416621448	17.552984714508057
0.6503183310317684	0.742243431041955	17.582984924316406
0.6514428193673512	0.7476902966146624	17.622984886169434
0.6524192518443732	0.7532327498693169	17.652984857559204
0.6492083615814102	0.7563293677872485	17.682984828948975
0.6409579458098081	0.7520950850958686	17.712984800338745
0.6425902848647763	0.7540417338464594	17.752984762191772
0.6382525652665924	0.7576474014999722	17.782984733581543
0.3376907938584835	0.7004672867625713	17.88298487663269
0.39864833800871996	0.7208133474711617	17.91298484802246
0.37536567524793085	0.7212466246234611	17.95298480987549
0.3804207792300256	0.7297083988518998	17.98298478126526
0.37883090119441404	0.7351459288247404	18.01298475265503
0.35286398677073183	0.6791209189618466	18.052984714508057
0.3429375969857951	0.683942340691277	18.082984924316406
0.3429375969857951	0.683942340691277	18.152984857559204
0.3429375969857951	0.683942340691277	18.182984828948975
0.3429375969857951	0.683942340691277	18.212984800338745
0.27672661039229834	0.6615982039945255	18.282984733581543
0.2589529828022435	0.642341437026866	18.312984943389893
0.25816684006014545	0.6485131035128373	18.35298490524292
0.24095125940809695	0.6418882119232553	18.38298487663269
0.2382191363911929	0.6393685905147531	18.41298484802246
0.22221532368553903	0.663027302251221	18.45298480987549
0.22111210868987224	0.6653341014006479	18.48298478126526
0.2675585439512259	0.6414877292216793	18.552984714508057
0.2664055144733904	0.6562951617925787	18.582984924316406
0.2455801909739497	0.6857642943466433	18.612984895706177
0.2722701938956376	0.6423061697486653	18.652984857559204
0.2728827850717593	0.6388034899102296	18.682984828948975
0.27758205269634	0.6356396389588734	18.712984800338745
0.2785402620263594	0.6333992203699711	18.752984762191772
0.2810577230402493	0.6321596830567513	18.782984733581543
0.2858868569957672	0.629278528740614	18.812984943389893
0.30130421880678016	0.593933349987977	18.85298490524292
0.306447906104667	0.5836399118853729	18.88298487663269
0.30828039421703957	0.5804281902595195	18.91298484802246
0.3093578590283306	0.5787553573042836	18.95298480987549
0.3085474800411012	0.577920442018244	18.98298478126526
0.30874367396179936	0.5753478450892171	19.01298475265503
0.31013495418933174	0.5718044295501586	19.052984714508057
0.5400854602462403	0.5601713217622213	19.112984895706177
0.5378769119299275	0.5519328119678282	19.152984857559204
0.5372259081820973	0.554996704229704	19.182984828948975
0.535985358766191	0.5570202643397622	19.212984800338745
0.5352272464534588	0.5577072683573251	19.252984762191772
0.5344049735469634	0.5572006504055133	19.282984733581543
0.534788237759396	0.5538272685517257	19.312984943389893
0.6013661932778287	0.5255412186915712	19.38298487663269
0.6052100514545493	0.527638266703782	19.41298484802246
0.5977811748748175	0.5343474297066656	19.45298480987549
0.6021957583545496	0.5330861790537255	19.48298478126526
0.6065691391565716	0.5315920525875565	19.51298475265503
0.6363161420068085	0.5648781901434681	19.682984828948975
0.6208571310580985	0.5441961030711568	19.712984800338745
0.6178804896122345	0.5763818390189919	19.752984762191772
0.6125849788991723	0.5788648386202756	19.782984733581543
0.6029566643930061	0.5661823511224358	19.812984943389893
0.5984618606621118	0.5658875951887006	19.85298490524292
0.5975797333115243	0.5724243217580147	19.88298487663269
0.5889069792887881	0.5523436059237985	19.91298484802246
0.5494521548832348	0.5204809513420954	19.95298480987549
0.5348127661127843	0.4805937539840824	19.98298478126526
0.5367215953263118	0.5013479810858095	20.01298475265503
0.5338299327383574	0.49043123591346605	20.052984714508057
0.5373221190853275	0.48926621515333324	20.082984924316406
0.5339486712056916	0.49164389953386906	20.152984857559204
0.5178803487802857	0.5366941534420104	20.182984828948975
0.5411141841883428	0.4983184531353584	20.212984800338745
0.5415088975316492	0.5025036262970164	20.252984762191772
0.5773706745539963	0.489442801933246	20.312984943389893
0.5819461140413051	0.4927818398819807	20.35298490524292
0.5784656806936225	0.48494067091720927	20.38298487663269
0.573666346968948	0.4809813965303495	20.41298484802246
0.5702914515034683	0.475316635434206	20.45298480987549
0.5681763076374635	0.47414601571428544	20.48298478126526
0.5681313937425211	0.4694750630775728	20.51298475265503
0.5621777794791477	0.47419217415053533	20.552984714508057
0.5669248415487506	0.4685396243789193	20.582984924316406
0.5658321916311707	0.4710099296700832	20.622984886169434
0.566567527943122	0.47172774936895634	20.652984857559204
0.5656217759263598	0.4710462234311847	20.682984828948975
0.5661481760850686	0.47182020915913797	20.722984790802002
0.2552494415169836	0.5011936138486284	20.812984943389893
0.25603031877456633	0.5032276885180851	20.85298490524292
0.25294906663568495	0.5233898406233831	20.88298487663269
0.21643471825337277	0.5845018572249182	20.91298484802246
0.252680561108719	0.5178770727314806	20.95298480987549
0.25688157313196425	0.5226881667350335	20.98298478126526
0.2698789328219954	0.9455331370872766	21.182984828948975
0.262681696548278	0.9580550961374057	21.212984800338745
0.26072096849568077	0.9455441235925851	21.252984762191772
0.25980421045874047	0.9360492723671126	21.282984733581543
0.2588592395533251	0.9279163276605712	21.312984943389893
0.26929250979279834	0.9373392611135339	21.35298490524292
0.304570818401284	0.9227577750686783	21.38298487663269
0.30902102785674773	0.8993797671903437	21.41298484802246
0.31742966111338566	0.9122997222449667	21.45298480987549
0.31446571511101945	0.9143373238312469	21.48298478126526
0.3179765810549568	0.9105410076173714	21.51298475265503
0.3221681776196904	0.9045056334134028	21.552984714508057
0.32334673923829194	0.9169645833039803	21.582984924316406
0.3258022808605652	0.9012571782183413	21.612984895706177
0.3795026420255889	0.9217213901181942	21.682984828948975
0.40273841187872994	0.9293702561799955	21.752984762191772
0.3807316518704385	0.9227371658043999	21.782984733581543
0.3791422685722887	0.9233213753275001	21.812984943389893
0.3720561946888019	0.919693118763931	21.85298490524292
0.36698176223809786	0.9175009538333367	21.88298487663269
0.3637392696644298	0.909526622113505	21.91298484802246
0.3609213895826078	0.9218807851225269	21.95298480987549
0.360441579868767	0.9172433213733364	21.98298478126526
0.36019926942545716	0.920331939652544	22.01298475265503
0.36479512142072507	0.9333363235190626	22.052984714508057
0.36634207878030434	0.9397154079798593	22.082984924316406
0.34687654972904497	0.8836043327031163	22.112984895706177
0.34454489333290766	0.9203338406361449	22.152984857559204
0.34574557535074785	0.9246575328787667	22.182984828948975
0.34468650265764256	0.9270619285592813	22.212984800338745
0.34468921215637927	0.9326591819508745	22.252984762191772
0.34650919807325953	0.9159067808096472	22.282984733581543
0.5823263862139878	0.9105893346777443	22.35298490524292
0.5716975283217891	0.9150327173515024	22.38298487663269
0.5719089047438833	0.9212340259395343	22.41298484802246
0.5684454613020167	0.922127631969397	22.45298480987549
0.5679394445885501	0.9186463907822223	22.48298478126526
0.5677141579166658	0.9187298067869186	22.51298475265503
0.5671641750969777	0.9172819180818104	22.552984714508057
0.5656590048202773	0.916499104750334	22.582984924316406
0.6472699943436545	0.8998338573680569	22.652984857559204
0.6439138016873841	0.9007263768723822	22.682984828948975
0.6408358480404273	0.8999546711549468	22.712984800338745
0.6399859224243539	0.8982164178466521	22.752984762191772
0.6419409311905886	0.9148067303731985	22.782984733581543
0.6324359621480244	0.9360313950556737	22.82298493385315
0.640967754453906	0.913586555652802	22.85298490524292
0.6407569353263681	0.909213713153306	22.88298487663269
0.6382039068175652	0.9050656262492999	22.91298484802246
0.6123779235229636	0.9578644750873008	22.95298480987549
0.6363675715615617	0.9075664626203634	22.98298478126526
0.6370484337159892	0.9062480372743368	23.01298475265503
0.32225917252791797	0.8402328280410583	23.112984895706177
0.3204534737410154	0.8737821019990578	23.152984857559204
0.327762876211285	0.8499848591056479	23.182984828948975
0.3219065306283493	0.8495569489966512	23.212984800338745
0.3197462033831049	0.8483195398772657	23.252984762191772
0.3192234555061227	0.8478842275939734	23.282984733581543
0.31836088745837665	0.8479904484198347	23.312984943389893
0.31837576238254084	0.8481767176099897	23.35298490524292
0.3176027654149947	0.8488580979641634	23.38298487663269
0.32002710483924895	0.790353881491744	23.41298484802246
0.3201549566561928	0.7810983048229042	23.45298480987549
0.32070744380572735	0.784862864250084	23.48298478126526
0.3207141239490807	0.7853104725406491	23.51298475265503
0.3206838791210038	0.7860512093399014	23.552984714508057
0.3220690082873835	0.7878292829195416	23.582984924316406
0.32326830035533133	0.7904078846998415	23.612984895706177
0.32507190971228495	0.7932208583521299	23.652984857559204
0.32621643342733153	0.7951010592812816	23.682984828948975
0.4449158491178682	0.7500489779943731	23.752984762191772
0.4440145346519606	0.7545508684847885	23.782984733581543
0.44326089215360276	0.7556832626686643	23.82298493385315
0.4426771765199323	0.7573083239397352	23.85298490524292
0.4424786585487975	0.7563591217548469	23.88298487663269
0.4418700088312958	0.7590082530061351	23.91298484802246
0.4412902451425197	0.7586587712579952	23.95298480987549
0.44146606997047905	0.7595034777682877	23.98298478126526
0.4410638035489494	0.760044751684056	24.01298475265503
0.44112776384890834	0.7598207135870372	24.052984714508057
0.44069910069701823	0.7594520435889567	24.082984924316406
0.4404422717576262	0.7597976589498137	24.112984895706177
0.44286567913894553	0.7730517297301683	24.152984857559204
0.487626829981038	0.8156398229315441	24.182984828948975
0.5064796055891616	0.779964094012405	24.212984800338745
0.49748960378230095	0.79901455436633	24.252984762191772
0.505964725933416	0.7787276842612193	24.282984733581543
0.5060906956236014	0.7773366185909346	24.32298493385315
0.5047550078357944	0.7766759529760243	24.35298490524292
0.5041616494136744	0.776224988518878	24.38298487663269
0.5036668324347572	0.7760935856500017	24.41298484802246
0.5024087499944849	0.776912852520353	24.45298480987549
0.5010369677025167	0.7784067461971823	24.48298478126526
0.5012744924642947	0.7799775322273514	24.51298475265503
0.5006344058704651	0.778232015203059	24.552984714508057
0.5013749354144207	0.7767027517436443	24.582984924316406
0.5018261249026792	0.7762731483621096	24.612984895706177
0.5004705117559967	0.7760775242660971	24.652984857559204
0.41308368027813963	0.5546035441626083	24.682984828948975
0.39965008614833897	0.5351411715542654	24.712984800338745
0.39988935246163115	0.5422808489090156	24.752984762191772
