COORDENADA X	 COORDENADA Y	 TEMPO
0.6244090885525617	0.9846675656593632	-7.727106332778931
0.636750118621145	0.9216887866737048	-7.687106132507324
0.6261565384343899	0.950634293713161	-7.657106161117554
0.6278532126961893	0.9271622360196273	-7.627106189727783
0.6245720783204983	0.927436921972647	-7.587106227874756
0.5652048769610127	0.9506013513448913	-7.527106285095215
0.5172318433903609	1.0019784966593104	-7.3571062088012695
0.4833387065841581	1.0399250534030182	-7.257106304168701
0.4890114079842849	1.0392830292657418	-7.187106132507324
0.49123479664808745	1.0311317191187381	-7.157106161117554
0.4943398353710828	1.018031334440137	-7.057106256484985
0.49847158678870296	0.9555417647940379	-6.957106113433838
0.509022242064181	1.00529537993278	-6.88710618019104
0.5061157716982191	1.0152286656004874	-6.8571062088012695
0.5177107395732753	0.971310299882066	-6.657106161117554
0.5156299843355834	0.9921612893725572	-6.587106227874756
0.4059093258790435	1.2256164931877953	-6.517106294631958
0.4872805611737141	1.0087789764314117	-6.287106275558472
0.4964632978537896	0.9889849849095819	-6.257106304168701
0.49645229194550156	0.9851257618734742	-6.217106342315674
0.4962562618043196	0.9862411339592134	-6.187106132507324
0.49634809581684547	0.9869739615913021	-6.157106161117554
0.49704328452972935	0.9870345886714476	-6.117106199264526
0.4990569462495856	0.9886234449571748	-6.087106227874756
0.4982905069616823	0.9898542698784972	-6.057106256484985
0.49609703200375616	0.9888644250298565	-6.017106294631958
0.5032108584448096	0.980725024601828	-5.9871063232421875
0.49733359959955764	0.9701809455902706	-5.957106113433838
0.48874409339021824	0.9810697326812726	-5.9171061515808105
0.4846583310558879	0.984068795835361	-5.88710618019104
0.48133550619893756	0.9854191748826928	-5.8571062088012695
0.4786121490219875	0.9866244593427002	-5.817106246948242
0.47650939507340684	0.9873841008055741	-5.787106275558472
0.4740137683166227	0.9882224103686756	-5.757106304168701
0.4716777436798305	0.98714739200635	-5.717106342315674
0.4711791617736579	0.9885005139823146	-5.687106132507324
0.4699736851312897	0.9917467282806669	-5.657106161117554
0.46955951584341477	0.9956454075026714	-5.617106199264526
0.468544293933933	0.9980549073675766	-5.587106227874756
0.46586197181301364	0.99869440087232	-5.557106256484985
0.4641152126079264	0.9988362589509376	-5.517106294631958
0.46137530393463533	0.9991623629106849	-5.4871063232421875
0.460498772733884	0.9981441944971019	-5.457106113433838
0.45948647330079756	0.9960004035623321	-5.4171061515808105
0.4606396738288766	0.9963868142993203	-5.38710618019104
0.46002165586268795	0.9925694470745673	-5.3571062088012695
0.4604678153447907	0.990017334809978	-5.317106246948242
0.4631934026774981	0.9898962105009209	-5.287106275558472
0.46367080106534564	0.991432166221367	-5.257106304168701
0.463578586160044	0.9913862328129951	-5.217106342315674
0.4639637918318387	0.991548935805919	-5.187106132507324
0.46454977537167913	0.990067029790066	-5.157106161117554
0.46553025397155007	0.9898882638476352	-5.117106199264526
0.4678220019803561	0.9873974381345129	-5.087106227874756
0.47003725267781377	0.9872838732028306	-5.057106256484985
0.4706846292152781	0.9888236106144779	-5.017106294631958
0.47039516642076934	0.9874919352683504	-4.9871063232421875
0.47083843264466513	0.9875287725240185	-4.957106113433838
0.47061824980279915	0.9872043912537906	-4.9171061515808105
0.47061586356686924	0.9902123313283897	-4.88710618019104
0.4710511781469712	0.9888150367576655	-4.8571062088012695
0.5007091409072993	0.9639587977475204	-4.817106246948242
0.5007091409072993	0.9639587977475204	-4.657106161117554
0.5007091409072993	0.9639587977475204	-4.587106227874756
0.5007091409072993	0.9639587977475204	-4.4871063232421875
0.5007091409072993	0.9639587977475204	-4.447106122970581
0.5156461074483818	1.0398976457153102	-4.187106132507324
0.5227904251854694	1.0318988765116852	-4.157106161117554
0.5031655666737849	1.0625423341904925	-4.117106199264526
0.5070430110664781	1.0230766478118942	-4.087106227874756
0.5043059657467692	1.0176648821790821	-4.057106256484985
0.46807743413579456	0.9392866855341272	-3.9871063232421875
0.4664611347156994	0.941151193124756	-3.957106113433838
0.46415700458373965	0.942813606476882	-3.9171061515808105
0.4608876359114904	0.9436363646793883	-3.88710618019104
0.45920355034988003	0.9433697719579656	-3.8571062088012695
0.45718873100193363	0.9452650348924951	-3.817106246948242
0.4559086661649885	0.9472318413163717	-3.7871062755584717
0.4543001870775269	0.9517855434871828	-3.757106304168701
0.4555398929273981	0.9563455701755099	-3.717106342315674
0.4553002309334227	0.9627733589828328	-3.687106132507324
0.45579117787925194	0.9677377251661362	-3.6571061611175537
0.45616736627842763	0.9684844096979687	-3.6171061992645264
0.45714392272058857	0.9703128966322322	-3.587106227874756
0.4560622645778917	0.9705494321458552	-3.5571062564849854
0.45503408315991095	0.971875121913488	-3.517106294631958
0.4541870210317977	0.9728757114566403	-3.4871063232421875
0.45341419492092766	0.9743632109807151	-3.457106113433838
0.4536313133288317	0.9738177513240265	-3.4171061515808105
0.4537921236067745	0.9696186532145588	-3.38710618019104
0.45396117734627706	0.966983446420165	-3.3571062088012695
0.45552016878908114	0.9641386138335711	-3.317106246948242
0.4565999876975017	0.9601165782282949	-3.2871062755584717
0.4580914427817373	0.9591501121192264	-3.257106304168701
0.4591774155392042	0.9595718712873749	-3.217106342315674
0.45914407822406655	0.9604739075402512	-3.187106132507324
0.45806697822388187	0.962442252282968	-3.1571061611175537
0.4571060587109248	0.9633968190290578	-3.1171061992645264
0.45696317603791925	0.9634374570622969	-3.087106227874756
0.4559342512133301	0.9642475696915921	-3.0571062564849854
0.45520055442334	0.9658580729950603	-3.017106294631958
0.45233349769286063	0.9703857520053727	-2.9871063232421875
0.45127080326789243	0.9706241035542801	-2.957106113433838
0.45127080326789243	0.9706241035542801	-2.687106132507324
0.45127080326789243	0.9706241035542801	-2.6171061992645264
0.45127080326789243	0.9706241035542801	-2.38710618019104
0.45127080326789243	0.9706241035542801	-2.217106342315674
0.45127080326789243	0.9706241035542801	-2.187106132507324
0.45127080326789243	0.9706241035542801	-1.9871063232421875
0.45127080326789243	0.9706241035542801	-1.4171061515808105
0.5165805036159514	0.9541262900816504	-1.2171063423156738
0.5051782182343895	0.9387633685750713	-1.1871061325073242
0.49957584733746285	0.9413667575372305	-1.1571061611175537
0.49657920363278746	0.949586838057978	-1.1171061992645264
0.4962688752762744	0.9506429915704044	-1.0871062278747559
0.4981364875831523	0.9498439238772303	-1.0571062564849854
0.49744725521995736	0.9506529832648014	-1.017106294631958
0.49714665523890705	0.9403055183409745	-0.9871063232421875
0.49627867680364096	0.9490601973940916	-0.9571061134338379
0.49541893737221676	0.9510135766637983	-0.9171061515808105
0.4875957927344031	0.9593744216180068	-0.88710618019104
0.47399159968863813	0.9796412580737824	-0.8571062088012695
0.48449070924029375	0.951711748210525	-0.8171062469482422
0.4840519668396714	0.9590962874504769	-0.7871062755584717
0.48777793801016434	0.9502790254727813	-0.6871061325073242
0.47785948050409843	0.9699695045378641	-0.6571061611175537
0.4736167054149393	0.9928735817754761	-0.6171061992645264
0.4736167054149393	0.9928735817754761	-0.35710620880126953
0.567520399975627	0.9257716410390515	-0.1571061611175537
0.5529076258783073	0.9186104807046677	-0.11710619926452637
0.5516737641908819	0.9321489128715116	-0.08710622787475586
0.5468716007228331	0.9362078851251068	-0.05710625648498535
0.5418033418342927	0.9452120398708389	-0.017106294631958008
0.5371995029228107	0.9487317320641582	0.0128936767578125
0.5327578623469127	0.9548311562951387	0.04289388656616211
0.5276710966123864	0.9532012315936358	0.08289384841918945
0.5233886541513172	0.9504902661906931	0.11289381980895996
0.5182744914618219	0.9508054341030392	0.14289379119873047
0.5126573430214494	0.9518473924396023	0.1828937530517578
0.508093724563122	0.9550798245611107	0.21289372444152832
0.5021868959211164	0.9652964988543523	0.24289369583129883
0.4835953237082378	1.0233670316423584	0.3128938674926758
0.5010271799956777	0.9386782998669273	0.3428938388824463
0.48399558039539875	0.9547032214060788	0.41289377212524414
0.47275186941720876	0.9846526838466434	0.44289374351501465
0.4740882158793704	0.9807426103508468	0.482893705368042
0.4629316071667717	0.992118413394458	0.5428938865661621
0.47026306359588427	0.997776896553775	0.61289381980896
0.4717412488778067	1.0071944809216222	0.6428937911987305
0.45860526052150963	1.028653766199892	0.6828937530517578
0.4571320803469616	1.0340423645374068	0.7128937244415283
0.4662625360704943	1.0210741067503792	0.7828936576843262
0.4716714110251255	1.018413661410021	0.8428938388824463
0.47575366355440435	1.0128550667294425	0.8828938007354736
0.47371299694805774	1.0187935054836725	0.9128937721252441
0.47336721009429156	1.0239752631507644	0.9428937435150146
0.47138581065021745	1.0272885584393898	0.982893705368042
0.4709775094219744	1.034522441908584	1.0128936767578125
0.47086839862948116	1.0246283701845613	1.042893886566162
0.4659847441618179	1.0051748276444854	1.11289381980896
0.44816079033111095	1.0614914505451305	1.1428937911987305
0.50605131943893	1.0405070429365422	1.2128937244415283
0.49075076062097545	1.1308457098981588	1.2828936576843262
0.5149115962493468	1.0571076704910334	1.482893705368042
0.5106488413257343	1.0875701900053625	1.5128936767578125
0.5172534848512329	1.0465913823421038	1.542893886566162
0.5009481288304012	1.101739201176637	1.61289381980896
0.526259954501076	1.0589696092933787	1.6428937911987305
0.506624008524819	1.0946280808763535	1.7128937244415283
0.5488545033400545	1.0591450573854946	1.7428936958312988
0.5513129307357503	1.0528420279932835	1.7828936576843262
0.5497503616038991	1.0596337630146873	1.8128938674926758
0.5445402310543365	1.0569986273401906	1.8428938388824463
0.5443279761327513	1.0621908521300525	1.8828938007354736
0.5400310507742162	1.0598939844131487	1.9128937721252441
0.5360270714631058	1.0608240493918697	1.9428937435150146
0.5350097080820362	1.0597299504506015	1.982893705368042
0.5389002931720945	1.0566066237449685	2.0128936767578125
0.5556741111339286	1.0604068024470534	2.042893886566162
0.5540471873375047	1.0604746766745752	2.0828938484191895
0.5543791369823423	1.0596972016397366	2.11289381980896
0.5507535895103675	1.0653892102119242	2.1428937911987305
0.5529865576657155	1.0567170031352204	2.182893753051758
0.5572771632184985	1.0574217630264868	2.2128937244415283
0.5823215454789817	1.0834450298781166	2.282893657684326
0.57215714767719	1.091171947852162	2.312893867492676
0.5892049706022929	1.0664050347922156	2.412893772125244
0.6076535930928278	1.0556239210204101	2.4428937435150146
0.6427073790852653	1.0643557500637268	2.5128936767578125
0.640418951757371	1.0634975948392866	2.542893886566162
0.6380652555374655	1.062440802604521	2.5828938484191895
0.636810777685118	1.0614027368940633	2.61289381980896
0.6363310075906838	1.0598322783621863	2.6428937911987305
0.6359765094328085	1.060713952094538	2.682893753051758
0.636167986402068	1.0600675720961699	2.7128937244415283
0.637858636914843	1.0596079537440806	2.742893695831299
0.6374485510586861	1.059169583980147	2.782893657684326
0.6377847314365245	1.060078947080221	2.812893867492676
0.6642004406221688	1.055424504027058	2.8428938388824463
0.7028242381027627	1.0676237499042145	2.8828938007354736
0.7073528324098048	1.0757397563058972	2.982893705368042
0.6975816093234651	1.082644027069459	3.0128936767578125
0.6997977507386403	1.0749929583707496	3.042893886566162
0.6890328981582442	1.0662371166413602	3.0828938484191895
0.6757214929409282	1.0827528768740073	3.11289381980896
0.6694398807661722	1.0923703591271294	3.1428937911987305
0.6740701669671815	1.0710433966016044	3.2128937244415283
0.6799883039112044	1.0665177547166753	3.242893695831299
0.6683913887647102	1.1040165458059994	3.282893657684326
0.7510903179830629	1.0776671536949989	3.3428938388824463
0.7498842793631069	1.0820772063966788	3.3828938007354736
0.7448365178796396	1.0812147800233332	3.412893772125244
0.7408284204912098	1.0803927748374822	3.4428937435150146
0.7385111284857742	1.0784071756120974	3.482893705368042
0.7378448923853751	1.073836026896945	3.5128936767578125
0.7383501630023163	1.0737992329049364	3.542893886566162
0.7379017621262347	1.075562989353809	3.5828938484191895
0.7107790971225595	1.0730188411324346	3.61289381980896
0.7034054489858598	1.074804733203279	3.6428937911987305
0.7019485797223044	1.0773716307410255	3.682893753051758
0.701095777588173	1.075282546244793	3.7128937244415283
0.7010412515179065	1.0732087057027944	3.742893695831299
0.7006185746940914	1.0729932848127464	3.782893657684326
0.700184355077378	1.0738652958963848	3.812893867492676
0.6996054551425068	1.0746144080492979	3.8428938388824463
0.700059212749796	1.072479871041036	3.8828938007354736
0.7001585698316343	1.0733872526166657	3.912893772125244
0.7005225531434268	1.0727147636377377	3.9428937435150146
0.7012485118750332	1.0727058718788414	3.982893705368042
0.7018033372356516	1.074400026082448	4.0128936767578125
0.7021998483070283	1.072853419616755	4.042893886566162
0.701391039872416	1.0721402422755872	4.0828938484191895
0.701321140780742	1.0699999419970867	4.11289381980896
0.6999866398937408	1.0704288773905124	4.1428937911987305
0.6987302972774949	1.0697546101552458	4.182893753051758
0.6978558072028147	1.0690219186636287	4.212893724441528
0.6981775343610341	1.0715644095494525	4.242893695831299
0.698720809940706	1.0725490182002597	4.282893657684326
0.7277982646579186	1.0679559256581697	4.342893838882446
0.7284234384188352	1.0715339974121147	4.382893800735474
0.7279179593753731	1.0737951542755024	4.412893772125244
0.7268014957445843	1.0748965975889078	4.442893743515015
0.7273424936937926	1.0744982348359562	4.482893705368042
0.7268943023031063	1.0736065574554163	4.5128936767578125
0.7270712557451872	1.073855861751283	4.542893886566162
0.7303645535205029	1.0733844437352154	4.5828938484191895
0.758378491846238	1.0808561897988795	4.61289381980896
0.7587762269275702	1.0788059887025652	4.6428937911987305
0.7575270640357672	1.0798374589804474	4.682893753051758
0.7565739032507427	1.0770864680841343	4.712893724441528
0.7563677845820701	1.0777945867714422	4.742893695831299
0.5463011466097845	1.731964454436194	4.782893657684326
0.5020072617203831	1.0246495975644805	4.942893743515015
0.500332193889991	1.0346621527509574	4.982893705368042
0.49599878203123415	1.010159528337007	5.0128936767578125
0.48308029552164716	1.0432257872954918	5.1428937911987305
0.556051589057801	1.0123053099344357	5.312893867492676
0.5608563356108521	1.009064331027328	5.382893800735474
0.5495086595187072	1.0032880901263945	5.412893772125244
0.5453770332456054	0.9958593305033702	5.442893743515015
0.5314072611478196	1.0514967971032037	5.482893705368042
0.5322549324237178	1.044370193565466	5.5128936767578125
0.5351737825320285	1.052235416873529	5.5828938484191895
0.6844932912133788	1.0378396490711843	5.682893753051758
0.6750506935039695	1.0508954352159623	5.712893724441528
0.6695972523177748	1.0386005448156974	5.742893695831299
0.6635975251282529	1.0682725249841118	5.782893657684326
0.673952931444939	1.0316400092150482	5.812893867492676
0.6572746431993379	1.0307177814603348	5.842893838882446
0.6424329173991014	1.0827888520590012	5.912893772125244
0.7230454696433358	1.0372230002512042	5.982893705368042
0.7194984180258535	1.0376281101712346	6.0128936767578125
0.7181226597737806	1.0359049558953477	6.042893886566162
0.7168536928332266	1.035597874398588	6.0828938484191895
0.7152153906099912	1.0338517772695948	6.11289381980896
0.6954397887729581	1.022185010358355	6.1428937911987305
0.6950921303041088	1.025612732587824	6.182893753051758
0.6949130518013004	1.0258997492859065	6.212893724441528
0.6943363387619474	1.026939827284045	6.242893695831299
0.6935602305037669	1.0270356538174772	6.282893657684326
0.693723468054759	1.0256706705780627	6.312893867492676
0.6935684755380471	1.025581299945036	6.342893838882446
0.6942867241640405	1.025599391346495	6.382893800735474
0.6944564179531393	1.0251028426787516	6.412893772125244
0.69366669945226	1.0275506389615239	6.442893743515015
0.6972652748262365	1.0262038977736694	6.482893705368042
0.7344593196546731	1.035031019172657	6.5128936767578125
0.7341388394250805	1.0364772197008565	6.542893886566162
0.7318177034563959	1.0373159460519839	6.5828938484191895
0.7298782619755911	1.0374131158937374	6.61289381980896
0.7286556506191616	1.0370045150655625	6.6428937911987305
0.7279125666159935	1.035382414029314	6.682893753051758
0.7276942344159819	1.0371615974556	6.712893724441528
0.757790421272812	1.0338683642399848	6.782893657684326
0.7581025959340979	1.0353824368832105	6.812893867492676
0.7568747073937596	1.0368693694409135	6.842893838882446
0.7577014766923265	1.0363819856120675	6.882893800735474
0.7577557238371637	1.0353899573533707	6.912893772125244
0.7575461693224215	1.0328805442842266	6.942893743515015
0.7824340024195152	1.0293833555478789	6.982893705368042
0.7827451248204653	1.030954848361675	7.0128936767578125
0.7823117234685067	1.0342571361298964	7.042893886566162
0.781664689568821	1.0357490172011135	7.0828938484191895
0.7812173339670739	1.0362121099980817	7.11289381980896
0.8124829777129541	0.936293664674564	7.1428937911987305
0.80027399821188	1.047808161137281	7.182893753051758
0.8004283484250477	1.041907711018897	7.212893724441528
0.8001808363947097	1.0412763716458362	7.242893695831299
0.799667347875837	1.0392778324121257	7.282893657684326
0.800295066765222	1.0377656960343717	7.312893867492676
0.8005908758301163	1.037832425275511	7.342893838882446
0.799476746031225	1.039040445507991	7.382893800735474
0.6201157472481487	1.4951266301213482	7.442893743515015
0.5186710468283895	0.9585102288800684	7.5128936767578125
0.5012343971201746	0.9198291322515995	7.542893886566162
0.49734797084312604	0.9947655367782459	7.5828938484191895
0.5053856859431702	0.9820730516484685	7.61289381980896
0.5065569331461467	0.9763551791771264	7.6428937911987305
0.5069183026451908	0.9736212762233659	7.682893753051758
0.5251160197752728	0.9824956586915685	7.812893867492676
0.5140244246169879	0.997577825134898	8.382893800735474
0.6297950840380336	0.9739546006331886	8.512893676757812
0.6223136533749393	0.9809535479096899	8.542893886566162
0.6205171586591404	0.9792857403920309	8.58289384841919
0.6187718880659979	0.9810005092294204	8.61289381980896
0.6170676992778189	0.9803177438783839	8.64289379119873
0.6103079487137587	0.9573331642113643	8.682893753051758
0.5949657770374147	0.9701125401084729	8.712893724441528
0.5961406067667986	0.9754699688810899	8.742893695831299
0.5892059099046354	0.9907136457002628	8.782893657684326
0.5904025777586834	0.9865106980172516	8.812893867492676
0.5905182514086486	0.9875223163180098	8.842893838882446
0.5904201395553648	0.9864295575674441	8.882893800735474
0.5895980011151363	0.9865537381390244	8.912893772125244
0.5886211010673692	0.987984872869685	8.942893743515015
0.5883449501029145	0.9874075080007793	8.982893705368042
0.5875334903089705	0.9877259918473598	9.012893676757812
0.587372476572397	0.9895546227622969	9.042893886566162
0.5864788687407846	0.9902052213792378	9.08289384841919
0.5851481700685953	0.9933019710535566	9.11289381980896
0.5841438918966485	0.9949832950207576	9.14289379119873
0.5846178513320885	0.9944846810927884	9.182893753051758
0.5837706269178701	0.9957959585676155	9.212893724441528
0.5839932516709895	0.9965296316824203	9.242893695831299
0.5837573680837743	0.9951360800898386	9.282893657684326
0.5677242504557141	0.9484012426433156	9.312893867492676
0.5446278086205449	1.017044368832693	9.342893838882446
0.5635508715730733	0.9779513442659865	9.382893800735474
0.5606559931376995	0.9736502529372328	9.412893772125244
0.563980357643973	0.9784025962985076	9.442893743515015
0.5648242221347318	0.9545350879912236	9.512893676757812
0.5629196492550494	0.9566253996914333	9.542893886566162
0.6538953588245845	0.9797035624547937	9.64289379119873
0.6518238343276338	0.9823172057464545	9.682893753051758
0.6318912731783259	0.9893561432961241	9.712893724441528
0.6335501645846425	0.9941642553775176	9.742893695831299
0.632827430327492	0.9956930535083605	9.782893657684326
0.6317068811912696	0.9951910919292675	9.812893867492676
0.6312764355454172	0.9954040405732343	9.842893838882446
0.6304861074133377	0.9955899040021315	9.882893800735474
0.615602056150155	0.9692818039844017	9.912893772125244
0.6130498218905394	0.9737744983524049	9.942893743515015
0.6125989354449162	0.9804604882638857	9.982893705368042
0.6138958929868527	0.98075238112124	10.012893676757812
0.6157405690201025	0.9791353444871329	10.042893886566162
0.6159629119994584	0.9793610714499342	10.08289384841919
0.6162541223537008	0.9810157681049555	10.11289381980896
0.6841224630053563	0.9774629931944098	10.182893753051758
0.6828086169256649	0.9793432357490757	10.212893724441528
0.6800034090350087	0.9818802396177684	10.242893695831299
0.6792361454187131	0.981191834735446	10.282893657684326
0.6775414867342389	0.9820220431184576	10.312893867492676
0.6778723490161126	0.9784050799646979	10.342893838882446
0.6766689339877624	0.9793709059271658	10.382893800735474
0.6770433263487038	0.9796066002115554	10.412893772125244
0.676081861417981	0.9782446159367271	10.442893743515015
0.6765625082052535	0.9779382793309961	10.482893705368042
0.7380146623776772	0.9849833034143305	10.542893886566162
0.7367335275794586	0.9874074995582909	10.58289384841919
0.7338064535396859	0.9886028554943824	10.61289381980896
0.7325639303057596	0.988221430828448	10.64289379119873
0.7311886067760314	0.989331998540287	10.682893753051758
0.7294349541952649	0.9896525513264519	10.712893724441528
0.7300044555179428	0.98928257296201	10.742893695831299
0.7304759637448001	0.9905234894596965	10.782893657684326
0.730947732970452	0.9902870776516721	10.812893867492676
0.730613313443425	0.9911621115313582	10.842893838882446
0.7121099865228471	0.9837396749059086	10.882893800735474
0.7080433954478795	0.9911581937347036	10.912893772125244
0.7086775961244027	0.9901843820743398	10.942893743515015
0.7062119471955912	0.9749388364073116	10.982893705368042
0.707942341768906	0.9836782816637006	11.042893886566162
0.7085024104403429	0.9868503747471805	11.08289384841919
0.7091698857599074	0.9909492571524399	11.11289381980896
0.7099967606849921	0.988000786341159	11.14289379119873
0.7102515224063009	0.9870302659711099	11.182893753051758
0.7075376907820289	0.9877058958554479	11.212893724441528
0.6775976588135886	0.9825055236652585	11.242893695831299
0.6859406103976669	0.9817589213599088	11.282893657684326
0.6845294313065572	0.9793731750123729	11.312893867492676
0.6850428062663285	0.9777126758668785	11.342893838882446
0.6839961738892971	0.9797696951189285	11.382893800735474
0.6827172550253168	0.9815232913866265	11.412893772125244
0.6812920885233149	0.9831470002035093	11.442893743515015
0.6810056956501692	0.9847780836332413	11.482893705368042
0.6807803726127509	0.9820512653899197	11.512893676757812
0.6797235248127512	0.9820238315732636	11.542893886566162
0.6797573881902956	0.9818563028543202	11.58289384841919
0.6800995196727133	0.9805252345535647	11.61289381980896
0.680749471224724	0.9820966479676174	11.64289379119873
0.6582960892460942	0.9764979815404743	11.682893753051758
0.6553850070963457	1.0193188536151456	11.712893724441528
0.6586981882703595	0.9762172622448058	11.742893695831299
0.6610710884780164	0.9816002301182455	11.782893657684326
0.658710976007341	0.9806293224016855	11.812893867492676
0.6590942868771793	0.9786797819907519	11.842893838882446
0.6592145997166101	0.9793432226855817	11.882893800735474
0.6611853076096392	0.978442581083968	11.912893772125244
0.729176125498345	0.9895785906656434	11.942893743515015
0.729135919871255	0.9893552431632534	11.982893705368042
0.7265336798437504	0.9909785600736352	12.012893676757812
0.7242006667959634	0.9927750304422274	12.042893886566162
0.7222756303769826	0.9928709453004875	12.08289384841919
0.7207955019312231	0.9940094248651331	12.11289381980896
0.7196678270904994	0.9940553869237054	12.14289379119873
0.7190937084162913	0.995044170198065	12.182893753051758
0.7196304379641975	0.9944372448371691	12.212893724441528
0.7308625050581513	1.0066833643677815	12.242893695831299
0.7715795599561728	1.004558651276715	12.282893657684326
0.7662686052626815	1.0014127671596846	12.312893867492676
0.7644143722298268	0.9986946287184768	12.342893838882446
0.7627757502800843	0.9943351759838096	12.382893800735474
0.7606303067480732	0.998113725564937	12.412893772125244
0.7588350788640867	1.0002905676656961	12.442893743515015
0.5498304522953087	1.0196666833103447	12.61289381980896
0.5800240655872756	0.9679054686878872	12.64289379119873
0.5736473438226632	0.9948229609463612	12.712893724441528
0.5555932670915108	1.0302796705406527	12.782893657684326
0.6050324989817267	0.9465590177229077	12.812893867492676
0.6134702949512774	0.9672044179013397	12.882893800735474
0.6066943102144909	0.9664492021964386	12.942893743515015
0.6039876631147374	0.9827438927916962	12.982893705368042
0.6053091557842949	0.9700489398801097	13.012893676757812
0.6050323978440444	0.9769095274586843	13.042893886566162
0.603819972833635	0.9813435184101154	13.08289384841919
0.6357398899127996	1.0012061322745789	13.14289379119873
0.6315590170376139	0.9799516333184883	13.182893753051758
0.6245117027214183	0.9841398816546327	13.212893724441528
0.6302687461932053	0.982728327192055	13.242893695831299
0.622690532249229	0.9803789649374782	13.282893657684326
0.6233557400920109	0.9866732412259349	13.312893867492676
0.6221250093727416	0.9873920412931804	13.342893838882446
0.6213289745903954	0.9863897658605917	13.382893800735474
0.6216523089527131	0.9846083983248007	13.412893772125244
0.5842335168577457	0.9463562069316072	14.282893657684326
0.5826558438154105	0.9237277517328468	14.312893867492676
0.5808361305644486	0.9287435376961538	14.342893838882446
0.5578182507266003	0.959967019046511	14.382893800735474
0.5766219389847153	0.9374468969953927	14.412893772125244
0.6051225039888476	0.9357248900722579	14.61289381980896
0.60522171896782	0.9396080447778423	14.64289379119873
0.6036108952419641	0.9365129738121242	14.682893753051758
0.603576934590824	0.9341941235345482	14.712893724441528
0.6058797341443205	0.9320832635443173	14.742893695831299
0.6270775255110864	0.9399575402153514	14.782893657684326
0.6412951939707643	0.9902117551358386	14.812893867492676
0.6312668291584653	0.9750158119399804	14.912893772125244
0.6339557773068544	0.9334079993202388	14.942893743515015
0.6340384253187934	0.9832940105872765	14.982893705368042
0.6834886046919565	0.94393926740965	15.042893886566162
0.6160484854738623	1.088495059902264	15.14289379119873
0.6162943365468705	1.0119933591321064	15.182893753051758
0.6572663111472882	0.9929010067321741	15.312893867492676
0.6614563290191777	0.9584837998782827	15.482893705368042
0.6668008510747925	1.0007975816579755	15.58289384841919
0.7651974591710944	0.9575110584275478	15.782893657684326
0.7649189121567936	0.9541581259491014	15.812893867492676
0.7637032553507633	0.9525711993211917	15.842893838882446
0.7642228562555703	0.9545045329292797	15.882893800735474
0.7625483774646298	0.9544239615336996	15.912893772125244
0.7351366871016489	0.9486474543896904	16.012893676757812
0.7373507456057081	0.9494899217326707	16.08289384841919
0.7376852545622062	0.9486864114051194	16.11289381980896
0.5027427443588209	0.9247687406001853	16.412893772125244
0.5698102611369752	0.8979415347767218	16.882893800735474
0.5684118236002832	0.8994277819646841	16.912893772125244
0.5681371286152642	0.9007089782597669	16.942893743515015
0.5679997266570722	0.9037962778516045	16.982893705368042
0.5677962363489858	0.9064031333476199	17.012893676757812
0.5925476032803458	0.8854187988277408	17.042893886566162
0.5925333477780654	0.8900370749888897	17.08289384841919
0.5931919150027537	0.8905947397364622	17.11289381980896
0.5939931145272426	0.8907912099440624	17.14289379119873
0.5949415917915483	0.8884595936626604	17.182893753051758
0.6231994027134141	0.8781941019567222	17.21289372444153
0.618985950882867	0.8989328717849657	17.282893657684326
0.6180820584853166	0.9039131381855258	17.312893867492676
0.6190198060934763	0.9027886807721885	17.342893838882446
0.6192689193873192	0.900851466845119	17.382893800735474
0.6172077085835177	0.9009468528288074	17.412893772125244
0.61926111941502	0.9006728118484703	17.442893743515015
0.6656203890377882	0.8949121291111338	17.512893676757812
0.668096110998773	0.892864593516488	17.58289384841919
0.6605179713061107	0.8823535506394399	17.61289381980896
0.660632552001378	0.8984271902680261	17.64289379119873
0.6589891829968085	0.9018209642154084	17.682893753051758
0.658700375106164	0.9063429444488026	17.71289372444153
0.6594810102405749	0.9059428162548111	17.7428936958313
0.6601070392100427	0.9076921556629431	17.782893657684326
0.6609297612443621	0.9084968328452909	17.812893867492676
0.6635768813678248	0.9088509874088797	17.842893838882446
0.5155501382330373	0.8754902081560586	18.882893800735474
0.4568355492881648	0.9478280502866334	19.21289372444153
0.4947514521971703	0.8736346956488581	19.58289384841919
0.5038508854024163	0.8444405276387761	19.61289381980896
0.5043685231860086	0.844260627244869	19.64289379119873
0.5948371970075143	0.8413146096346039	19.812893867492676
0.5941659436321525	0.8435329286005598	19.842893838882446
0.5930765196019315	0.8445366140422257	19.882893800735474
0.5914625974135879	0.8470087672617618	19.912893772125244
0.6558924764533405	0.7785588522092484	20.21289372444153
0.637498830328664	0.8483163684633912	20.2428936958313
0.6378672084477779	0.8509450714415936	20.282893657684326
0.6347155288354419	0.8510002205298035	20.312893867492676
0.6317020511599551	0.8514973286224671	20.342893838882446
0.6298485144708769	0.853647999791474	20.382893800735474
0.6295221773311769	0.8560152651821867	20.412893772125244
0.8224569999547504	0.90402563505318	21.512893676757812
0.8237887448140601	0.8866654419165688	21.58289384841919
0.5138475509614325	0.8171025725698798	21.812893867492676
0.5095578629010251	0.8019467845448478	21.842893838882446
0.5657207856608177	0.8028594070052086	22.182893753051758
0.5442777323911597	0.8338014639538036	22.21289372444153
0.5619419685025547	0.8017699851781124	22.2428936958313
0.563111228378162	0.7973726671042365	22.282893657684326
0.5619801378808442	0.7997194578520381	22.312893867492676
0.5639952056448264	0.8029521149964983	22.342893838882446
0.65972042705283	0.810306426279804	22.442893743515015
0.6584601894357909	0.8049469440979857	22.482893705368042
0.6526944401832491	0.814179370028291	22.64289379119873
0.5140654983899865	0.7392931362447547	24.2428936958313
0.5054218239626056	0.678319351547901	24.282893657684326
0.5211057847191195	0.7568735638200966	24.682893753051758
0.47468548700388413	0.8424856483959495	24.71289372444153
0.5775606289133712	0.7595309223716912	24.912893772125244
0.5771509778649478	0.7597806547403283	24.942893743515015
0.5769536161223596	0.7727943722376084	25.012893676757812
0.5867157112476389	0.76620773685182	25.08289384841919
0.5910634573025312	0.7682285842956876	25.11289381980896
0.6608716150262286	0.7709668960802137	25.182893753051758
0.6617812721565494	0.7654856464929674	25.282893657684326
0.663565028853261	0.7681983558864695	25.312893867492676
0.6622839815085942	0.7704745651454911	25.342893838882446
0.66137555015355	0.7705581565688914	25.382893800735474
0.6598991437096544	0.7702386487610253	25.412893772125244
0.660459625685239	0.7687183638734946	25.442893743515015
0.6606636456470547	0.7698994452497754	25.482893705368042
0.6597024764065262	0.7700128498738995	25.512893676757812
0.6587154090144829	0.7704062512801172	25.542893886566162
0.6580629228180608	0.7716905793562759	25.58289384841919
0.6568722541126529	0.7717805563383248	25.61289381980896
0.6554639610779399	0.773322017830202	25.64289379119873
0.6555074407958458	0.774062236113259	25.682893753051758
0.6548226087981557	0.7747478557924274	25.71289372444153
0.6547439950144124	0.7749679225799934	25.7428936958313
0.6553061304419835	0.7750000613810517	25.782893657684326
0.6549310999728034	0.7764352414592063	25.812893867492676
0.6542065545870301	0.7749708930778986	25.842893838882446
0.7598791346582201	0.7569128443682706	25.912893772125244
0.7586103351167084	0.7595024314724531	25.942893743515015
0.7557771245152883	0.762764171528625	25.982893705368042
0.7536976981964288	0.7640486683665051	26.012893676757812
0.7531238767974895	0.7663134094194839	26.042893886566162
0.7518558296488423	0.7678657311954132	26.08289384841919
0.7842961471416076	0.7743222620072802	26.14289379119873
0.7852979735375253	0.7765188879154117	26.182893753051758
0.7845378980065326	0.7776602645900178	26.21289372444153
0.7843786690261291	0.778722534583544	26.2428936958313
0.7842717744675365	0.78170195123706	26.282893657684326
0.8024542096578092	0.7792811546228626	26.312893867492676
0.8053566155675825	0.7856600069450241	26.352893829345703
0.8034709146488598	0.7853894885531739	26.382893800735474
0.8023192406533741	0.7852363784228575	26.412893772125244
0.8013539594446332	0.7844142310160495	26.442893743515015
0.5698496937934159	0.7094943736845047	26.512893676757812
0.5450503656223765	0.698947885053164	26.682893753051758
0.4861722622461144	0.7315721454724282	26.842893838882446
0.5177637122070589	0.7099002638533514	26.882893800735474
0.5047469409406384	0.6835215088749226	26.912893772125244
0.48591612444750915	0.674923701843939	27.042893886566162
0.5131357298990172	0.7358285116349875	27.08289384841919
0.5650636135207429	0.7135498478429426	27.2428936958313
0.5662649779056732	0.7045243835576337	27.282893657684326
0.5784195551698633	0.693139437560152	27.382893800735474
0.5914939859896544	0.7257198566007727	27.482893705368042
0.58913924266365	0.7090735644947838	27.512893676757812
0.6405816234137118	0.7367198615547702	27.61289381980896
0.6483901623252426	0.7531603690554707	27.64289379119873
0.6358846651530268	0.7230966822930684	27.7428936958313
0.7178773898241025	0.7287849725488839	27.942893743515015
0.7024736566650384	0.7256971600996197	28.11289381980896
0.699855997395543	0.7349412172422531	28.14289379119873
0.7151725239959278	0.7235685773228919	28.21289372444153
0.7813999104635619	0.7031343715624412	28.282893657684326
0.7745929785372123	0.7114004104233198	28.342893838882446
0.8040550874780229	0.6825565605545113	28.7428936958313
0.8498996215552134	0.7500058752218628	28.812893867492676
0.8454022117021245	0.6758155023835831	28.882893800735474
0.8176182715958729	0.7171521596085015	28.942893743515015
0.8111372986371594	0.7245515645626811	29.182893753051758
0.8121003415909406	0.7196241238559253	29.21289372444153
0.8087058944061598	0.725897557379406	29.2428936958313
0.7996776124459228	0.7183560197827731	29.282893657684326
0.7891360386054239	0.7253191150711437	29.312893867492676
0.8229207757270203	0.702664660924362	29.342893838882446
0.7794895582625451	0.7012156523419336	29.382893800735474
0.7799076872051892	0.7109622504905792	29.412893772125244
0.777584359350772	0.7277385156758969	29.442893743515015
0.8046856416893583	0.7269673669743454	29.512893676757812
0.8026017124451202	0.7324096711035192	29.542893886566162
0.7733545738899987	0.7268279416039952	29.58289384841919
0.7699914683346144	0.7321496688214877	29.61289381980896
0.7566722306585577	0.7494505800585793	29.682893753051758
0.7603804906474776	0.7566418925101318	29.7428936958313
0.7832867506107214	0.7470812987159541	29.812893867492676
0.7844142285143351	0.7531292328890224	29.842893838882446
0.7820901172645938	0.7568483870748062	29.882893800735474
0.7818287970339738	0.7590852889941742	29.912893772125244
0.7813445343162975	0.7633489353176222	29.942893743515015
0.7793306442233433	0.7651144717298064	29.982893705368042
0.7794068365770757	0.7653503609727277	30.012893676757812
0.478664742478878	0.7044384000108143	30.11289381980896
0.4758100510032605	0.6869954696525239	30.14289379119873
0.4715944906528462	0.6862747126994473	30.182893753051758
0.46529749713282187	0.7002818542356735	30.342893838882446
0.46038848015121153	0.6698657204689397	30.382893800735474
0.4604911847348529	0.6732989648394377	30.412893772125244
0.45995561054612466	0.6753449919285716	30.442893743515015
0.4593417527771459	0.6748074602633605	30.482893705368042
0.45919491429824055	0.6741031205224463	30.512893676757812
0.45854589646214067	0.6718169494529435	30.542893886566162
0.4947058748783781	0.69264952547005	30.64289379119873
0.5033593455327475	0.6784049486117891	30.842893838882446
0.5127150669398848	0.717528919466245	30.912893772125244
0.5199997564255837	0.6710915400720302	31.182893753051758
0.5247034607634237	0.7075481913440236	31.21289372444153
0.5158393223194256	0.6930815878879315	31.2428936958313
0.5154525221519696	0.6192406424851591	31.342893838882446
0.5279110169498694	0.6884687995979133	31.442893743515015
0.5280413990207509	0.6927100245142936	31.542893886566162
0.5763559619500878	0.6927688998551619	31.682893753051758
0.5642625456889357	0.7321923337401705	31.71289372444153
0.5698478003138983	0.6885583625067252	31.7428936958313
0.5650970829794626	0.6893685085048437	31.782893657684326
0.5522066557102194	0.673788766033777	31.812893867492676
0.5724097114435438	0.6993947802074083	31.912893772125244
0.6661727792405339	0.694760470204072	31.982893705368042
0.6667079275624499	0.6976950911326961	32.01289367675781
0.6615089050099929	0.7040790782450029	32.08289384841919
0.7662156195992689	0.6952592111810326	32.442893743515015
0.7916746345180975	0.7058743371535837	32.48289370536804
0.7849459661599435	0.7006774600187118	32.51289367675781
0.7845318980152002	0.7023849002601202	32.54289388656616
0.7800846735073121	0.7049327440425033	32.58289384841919
0.7777979793329368	0.7061581513316926	32.61289381980896
0.7776046373172166	0.7056835811678139	32.64289379119873
0.7771624878751572	0.7064814161839931	32.68289375305176
0.7757769548654394	0.7073209851849186	32.71289372444153
0.7745409079440597	0.7099025329732387	32.7428936958313
0.7577554430347505	0.7086503170191075	32.782893657684326
0.7532635277436295	0.7210914525323916	32.812893867492676
0.7540576314216574	0.7175114904078727	32.842893838882446
0.7539257393783334	0.7126362026351684	32.882893800735474
0.7526343010469687	0.7109370904755046	32.912893772125244
0.7534112560615741	0.7109067736069744	32.942893743515015
0.7527270325624579	0.7116744225622006	32.98289370536804
0.7537521012229728	0.7123244001146773	33.01289367675781
0.8025533407929832	0.7156009647750312	33.08289384841919
0.8018600522013456	0.7117688378413859	33.11289381980896
0.7969040938995291	0.7403984561976282	33.14289379119873
0.7981324168585378	0.7101396331431605	33.18289375305176
0.4913621131669459	0.6321599277988218	33.282893657684326
0.4893674836117518	0.6388526418850202	33.312893867492676
0.4884991750851648	0.6423011225610522	33.342893838882446
0.48785896897419734	0.6450712562945347	33.382893800735474
0.4881257393890335	0.6437045163044209	33.412893772125244
0.4870886832190474	0.6406514738089871	33.442893743515015
0.486279054486272	0.639459506725346	33.48289370536804
0.48549799244768144	0.636127574059627	33.51289367675781
0.4776182803524413	0.6634571111536138	33.54289388656616
0.5086169882232703	0.6312709114003184	33.58289384841919
0.5089617531157639	0.6386556750329713	33.61289381980896
0.5124619050844419	0.6277030020219708	33.64289379119873
0.51023457851821	0.6302930052844296	33.68289375305176
0.5100774277868521	0.6304770701814011	33.71289372444153
0.5439168165081745	0.6368762949869408	33.782893657684326
0.5383149641296386	0.6346720253056368	33.812893867492676
0.5456549327976341	0.6480515044982611	33.842893838882446
0.5346861853397947	0.639255121860546	33.942893743515015
0.5365504587391015	0.6350000761636381	33.98289370536804
0.534241943501037	0.6319810778087528	34.01289367675781
0.5357823696203682	0.641777512320044	34.08289384841919
0.5390288178888472	0.6315884430890101	34.11289381980896
0.539095609092531	0.636296825002996	34.14289379119873
0.5401036659753764	0.6422903591728205	34.18289375305176
0.5393131082484239	0.640597280811956	34.21289372444153
0.5407903214867489	0.6417921689978923	34.2428936958313
0.54070393822386	0.6393290307889689	34.282893657684326
0.5411064672388076	0.6369483854157459	34.312893867492676
0.5426458615163399	0.6343479137567103	34.342893838882446
0.6007163502024782	0.6562540903668936	34.382893800735474
0.5746181531341826	0.7428599626558381	34.442893743515015
0.602498922678445	0.6445583968124271	34.48289370536804
0.6016106776329586	0.6522929200882336	34.54289388656616
0.5875172615112608	0.6377527344602809	34.58289384841919
0.6038370971864265	0.6443158010042622	34.61289381980896
0.5781980631531993	0.6507419054433043	34.68289375305176
0.5709474929437295	0.6352905636025434	34.842893838882446
0.575103001184806	0.6612983077265234	34.882893800735474
0.5826640651229216	0.6493257057176125	34.942893743515015
0.5795238696117628	0.6499559464592626	34.98289370536804
0.5754420328822538	0.6565112361890938	35.01289367675781
0.6539076974862158	0.6521438284717418	35.14289379119873
0.6475688258358935	0.6534316109819759	35.18289375305176
0.64464969348956	0.6526067961015303	35.21289372444153
0.6436071148622347	0.6475897880801489	35.2428936958313
0.6433890370856178	0.6526720363030777	35.282893657684326
0.6423586121980969	0.6552527600918585	35.312893867492676
0.6423008477586861	0.6578842081691741	35.342893838882446
0.6193698999449824	0.6530356513789513	35.412893772125244
0.6296674445985961	0.6588993265944539	35.45289373397827
0.6217421182117121	0.6577372777058279	35.51289367675781
0.7084594716203197	0.661654742830532	35.58289384841919
0.7050722095114452	0.6612050214087929	35.61289381980896
0.7014391192969037	0.66190765502708	35.64289379119873
0.6995172746743702	0.6609013655282343	35.68289375305176
0.6979774509500869	0.6605307886804294	35.71289372444153
0.6978596535274365	0.6580289431871302	35.752893686294556
0.6968411496005537	0.6593836212253888	35.782893657684326
0.6923631720952357	0.6593144016444052	35.812893867492676
0.6876577856887253	0.6576893999846338	35.8528938293457
0.6852168858997001	0.6564824008584843	35.882893800735474
0.6850075906779941	0.6551968477366433	35.912893772125244
0.6849286915938426	0.655950942842713	35.95289373397827
0.7741137495398149	0.6570903558479939	36.01289367675781
0.7736623854650507	0.6571582725748798	36.05289387702942
0.7708810972589937	0.6592828509925666	36.08289384841919
0.7679529045036747	0.6613549150973929	36.11289381980896
0.7663858732294376	0.6625655264596405	36.15289378166199
0.7656970382644894	0.6615313372089596	36.18289375305176
0.7653511120142722	0.663636266892339	36.21289372444153
0.7641646507153309	0.6637566963910534	36.252893686294556
0.7387378418961941	0.6771808308303798	36.282893657684326
0.7248713681396395	0.6556961582619258	36.412893772125244
0.7261372526985692	0.6564466475595914	36.45289373397827
0.7255386842945232	0.658572476468729	36.48289370536804
0.7249199428487076	0.6577026870734296	36.51289367675781
0.7249431747888707	0.6569507353413222	36.55289387702942
0.724355744528202	0.6572960271804514	36.58289384841919
0.7248064102958399	0.6543803933437791	36.61289381980896
0.7271996486972611	0.6550162227451706	36.65289378166199
0.7821162714430162	0.6720059780021344	36.68289375305176
0.7832095195072415	0.672365550698322	36.752893686294556
0.7809431463193993	0.6685527010910834	36.782893657684326
0.7812099061163991	0.6691715184688015	36.812893867492676
0.48808132856481257	0.5844114121792001	36.95289373397827
0.4836452554642474	0.5952007772394333	37.08289384841919
0.47648370831350945	0.5973431541021665	37.15289378166199
0.465212873729103	0.6289166492038237	37.282893657684326
0.4767410595976518	0.5774104340346312	37.3528938293457
0.48200329130996705	0.5802068751023888	37.382893800735474
0.5293803076058435	0.6068852939709107	37.45289373397827
0.5324098935474878	0.5855486512661396	37.48289370536804
0.5289886016873275	0.5853554985545875	37.51289367675781
0.5276502523954927	0.5865765256679409	37.55289387702942
0.5279405093024708	0.5883234537152983	37.58289384841919
0.5287560019244413	0.5880795149791405	37.61289381980896
0.5280679079499131	0.5903275601296366	37.65289378166199
0.5271056819376833	0.5906273477561641	37.68289375305176
0.5273428842547723	0.593337849941134	37.71289372444153
0.5267274217349883	0.5943707854135087	37.752893686294556
0.526751620866674	0.5950775123100609	37.782893657684326
0.5280257234315775	0.5940557016210337	37.812893867492676
0.5286821127210932	0.5966080835986795	37.8528938293457
0.5289517126865904	0.5960641642241551	37.882893800735474
0.5657593615364794	0.6277021545647417	37.98289370536804
0.5723975916913598	0.6216100462850369	38.01289367675781
0.5709129330066893	0.6192652186307805	38.05289387702942
0.5701673228898668	0.6172905080143979	38.08289384841919
0.5671303371627693	0.6119496896506204	38.11289381980896
0.5640577512400531	0.6101550173827706	38.15289378166199
0.5630911936783013	0.6111435549822114	38.18289375305176
0.5632930170536687	0.6112781756169028	38.21289372444153
0.5632443335196277	0.6128325816437122	38.252893686294556
0.5623837670368625	0.6121701642053087	38.282893657684326
0.5633493675363975	0.6099860178835862	38.312893867492676
0.5638854247801074	0.608452238738434	38.3528938293457
0.6461860206116297	0.6130610527054999	38.45289373397827
0.5986260270774231	0.5930636781815496	38.61289381980896
0.6101118278732744	0.5908348037326278	38.71289372444153
0.6190975648202454	0.6015139335759631	38.812893867492676
0.6156265558674728	0.6123463277152867	38.8528938293457
0.6191986504985435	0.6130374326504751	38.882893800735474
0.6185161347926683	0.6132923069652774	38.912893772125244
0.6189904595605321	0.6112062484303638	38.95289373397827
0.6749985054944919	0.6159554259186212	38.98289370536804
0.6678242243068032	0.6178173738953349	39.01289367675781
0.6762893695138112	0.6055960618352202	39.05289387702942
0.6755544906841502	0.61274964064887	39.08289384841919
0.6727426899640356	0.6154212932690311	39.11289381980896
0.6708545235701711	0.6051576473924487	39.15289378166199
0.6710196908411721	0.6082831622967481	39.18289375305176
0.671124609885209	0.6108425753739111	39.21289372444153
0.6708381571479476	0.6106481458072782	39.252893686294556
0.6703633907427125	0.611561728266159	39.282893657684326
0.7703600327552406	0.6290612278379328	39.3528938293457
0.7648366137362865	0.6307980122616291	39.412893772125244
0.7649772591337184	0.6305595012806314	39.45289373397827
0.7639995731049164	0.6308126421928637	39.48289370536804
0.7624063452397467	0.6306027335699255	39.51289367675781
0.761153338595992	0.6297695022815587	39.55289387702942
0.7609480837257045	0.6279304717099803	39.58289384841919
0.7608109151014342	0.6282542320122141	39.61289381980896
0.762748305433718	0.6268442752157992	39.65289378166199
0.8042967630925258	0.626414121409278	39.68289375305176
0.8062184259242585	0.6269716701750734	39.71289372444153
0.8047902331459764	0.6252075755588472	39.752893686294556
0.8038041136846881	0.6228905370409829	39.782893657684326
0.49586652146009996	0.5004059018896618	39.882893800735474
0.49388818106462157	0.5143049111458646	40.01289367675781
0.49213587801488473	0.511749552303386	40.05289387702942
0.4920620558449041	0.5091897697548818	40.08289384841919
0.551230801833642	0.5508230568706496	40.282893657684326
0.5294138386732608	0.5509281538344356	40.382893800735474
0.5170916102596932	0.5526340911405283	40.412893772125244
0.5256693003192905	0.5634260228876683	40.48289370536804
0.5153639088698944	0.46151254966085503	40.51289367675781
0.5228408442608838	0.561210964090649	40.55289387702942
0.523744229941706	0.5227281001061489	40.61289381980896
0.5174635623921874	0.5449806729770604	40.65289378166199
0.5202213498617114	0.5732201526034679	40.68289375305176
0.5214867964463096	0.5592213555694988	40.71289372444153
0.5255844563970197	0.6096964125762315	40.812893867492676
0.5558922157100352	0.5557182626143253	40.8528938293457
0.5511528178491814	0.5554172935817556	40.95289373397827
0.5515235619444775	0.5451084686070309	41.01289367675781
0.5525555427544867	0.5520781886715613	41.08289384841919
0.5523280227639596	0.5549693790076032	41.11289381980896
0.5526722690388122	0.5547563955595262	41.15289378166199
0.5534372741027016	0.5546189663894271	41.18289375305176
0.5532299580563178	0.5529513039727756	41.21289372444153
0.5540936189739212	0.5553009448734406	41.252893686294556
0.5542041386713812	0.5569407907608857	41.282893657684326
0.55370745600029	0.5576108660040578	41.312893867492676
0.5547309068009574	0.5576454090920505	41.3528938293457
0.5553397181828997	0.5558388337476737	41.382893800735474
0.5555048967020743	0.5563352578905757	41.412893772125244
0.5556127295218954	0.5553813354918268	41.45289373397827
0.5553619587009759	0.555657299845474	41.48289370536804
0.5550474024863206	0.5581527519508508	41.51289367675781
0.5552296144857115	0.5572291118813071	41.55289387702942
0.576052489437792	0.5599888176721889	41.65289378166199
0.5331068133935104	0.7951255392700772	41.812893867492676
0.6209854518995083	0.5669881228516982	41.98289370536804
0.6690837199912564	0.5651795103926311	42.282893657684326
0.6660706844551327	0.47701147183910236	42.312893867492676
0.6658062981938944	0.578008080157199	42.3528938293457
0.6607789551946268	0.5726992179525769	42.382893800735474
0.6612865146447203	0.5755493755255309	42.412893772125244
0.6577788373557416	0.5699964154842999	42.45289373397827
0.6625707318657642	0.564577277523415	42.51289367675781
0.6623102272212408	0.5682862419831376	42.55289387702942
0.6644319081839368	0.6020399394484903	42.58289384841919
0.734015535950037	0.5789116458834531	42.71289372444153
0.735609466547567	0.5776865186919445	42.752893686294556
0.7333770107495425	0.5786659234070715	42.782893657684326
0.7317113187689863	0.5783119314171894	42.812893867492676
0.73095679522123	0.5778254106509313	42.8528938293457
0.7301912430395452	0.5780903114718193	42.882893800735474
0.7295506629965973	0.5756012198835415	42.912893772125244
0.7293989016848297	0.5769009842098382	42.95289373397827
0.7292269561598103	0.5775908387870954	42.98289370536804
0.7296171873741755	0.573896000785513	43.01289367675781
0.7295828103295308	0.5736221670409769	43.05289387702942
0.7295529490359293	0.5746332915675592	43.08289384841919
0.7845417482443902	0.5799923990334647	43.18289375305176
0.7820562769037707	0.5785644867390277	43.21289372444153
0.7804268883486681	0.5793203071512303	43.252893686294556
0.7785643648754746	0.5772067512182126	43.282893657684326
0.7776656524445407	0.5759931062084233	43.312893867492676
0.7769311984003686	0.5765428151362398	43.3528938293457
0.7760190348998379	0.5765412828758241	43.382893800735474
0.7760586524377165	0.5753579313348668	43.412893772125244
0.7747363784833764	0.5770422145113955	43.45289373397827
0.7739427168450587	0.5777324554364439	43.48289370536804
0.7739214481486525	0.5766750532486793	43.51289367675781
0.7731156696127465	0.5759888903873768	43.55289387702942
0.775480388507685	0.5733033145286291	43.58289384841919
0.775480388507685	0.5733033145286291	43.71289372444153
0.775480388507685	0.5733033145286291	43.752893686294556
0.775480388507685	0.5733033145286291	43.782893657684326
0.775480388507685	0.5733033145286291	43.812893867492676
0.775480388507685	0.5733033145286291	43.8528938293457
0.775480388507685	0.5733033145286291	43.882893800735474
0.7400311395121523	0.7952782280446581	44.21289372444153
0.7387791935245792	0.8020219494017027	44.252893686294556
0.7519214594696527	0.8514460990355183	44.282893657684326
0.6130308611279512	0.9798651660684567	44.312893867492676
0.5633686167750629	1.0170000313135883	44.3528938293457
