COORDENADA X	 COORDENADA Y	 TEMPO
0.5676773079259524	1.006900067072219	-7.971102952957153
0.5644280528743254	0.9967803576226948	-7.9011030197143555
0.572648253172004	0.9738694062407792	-7.871102809906006
0.5720258333536914	0.9757123160974223	-7.841102838516235
0.5726271379758046	0.973478305133597	-7.7711029052734375
0.5641943968188989	0.9975844386833199	-7.70110297203064
0.5647026268845082	0.9766548904960591	-7.671103000640869
0.5603049662826914	0.9799819586341122	-7.6411027908325195
0.5563981041048055	1.0395696204394251	-7.601102828979492
0.5375489677690928	1.081712450270858	-7.541102886199951
0.5375824994945956	1.0974799888435733	-7.501102924346924
0.5375824994945956	1.0974799888435733	-6.741102933883667
0.44342936440038117	0.8991366792199477	-6.371102809906006
0.47131963194821774	0.9918812559194644	-6.341102838516235
0.47456137344109867	1.0292310636313677	-6.301102876663208
0.47570228163897865	1.0397364374797575	-6.2711029052734375
0.47249963530311445	1.0473132554389908	-6.241102933883667
0.4688434882031238	1.0472424215084866	-6.20110297203064
0.4685052677282167	1.0525318920746887	-6.171103000640869
0.46564482552684106	1.048025182923788	-6.1411027908325195
0.4618352516021008	1.0492345877316664	-6.101102828979492
0.45807093844384117	1.0490273323949828	-6.071102857589722
0.4550265282361198	1.0474402578383109	-6.041102886199951
0.456715613842875	1.0408086132894663	-6.001102924346924
0.4538086617580859	0.997904617649493	-5.971102952957153
0.45430388867445354	1.0365914514770251	-5.841102838516235
0.5053375158469371	1.0611000143334177	-5.531102895736694
0.4971534554251005	1.055145418338774	-5.471102952957153
0.49866812219847945	1.0599186534089757	-5.441102981567383
0.4962106038507494	1.0657987028193348	-5.4011030197143555
0.46836971949920625	1.0679107416081604	-5.041102886199951
0.4640297177792573	1.0679250063555208	-4.801102876663208
0.4635151475477587	1.0568977772951529	-4.441102981567383
0.46101998026293456	1.0762287771433119	-4.371102809906006
0.4414772497135652	1.0755804789011336	-4.2711029052734375
0.44500408438579153	1.053303197281773	-4.241102933883667
0.44281832049308567	1.0600942964961808	-4.071102857589722
0.44281832049308567	1.0600942964961808	-3.301102876663208
0.44281832049308567	1.0600942964961808	-3.2711029052734375
0.44281832049308567	1.0600942964961808	-2.8411028385162354
0.44281832049308567	1.0600942964961808	-2.801102876663208
0.44281832049308567	1.0600942964961808	-2.741102933883667
0.5209835892780847	1.0425865036238318	-1.6311028003692627
0.5146588282730021	1.0515479730922637	-1.5711028575897217
0.5048815850247123	1.017774427707233	-1.5411028861999512
0.505720807983964	1.0411024801007902	-1.5011029243469238
0.5026763027399901	1.0284149124857116	-1.4711029529571533
0.4987599076236969	1.0100307089766611	-1.4411029815673828
0.481154901160251	1.0432742720510093	-1.3711028099060059
0.4822353666640523	1.0444898265119595	-1.3411028385162354
0.47455611728031183	1.0390543381902169	-1.2711029052734375
0.47254959230087246	1.0376509162500083	-1.241102933883667
0.4690752222073439	1.0370916700547543	-1.2011029720306396
0.4645150048514761	1.036198615691581	-1.1711030006408691
0.4645150048514761	1.036198615691581	-0.9411029815673828
0.4645150048514761	1.036198615691581	-0.8411028385162354
0.48419820076609854	0.9218256594678074	-0.17110300064086914
0.4823533955068376	0.9608321281025392	-0.14110279083251953
0.49226346787630304	1.0355323175270876	-0.07110285758972168
0.485066700107628	1.0194402778577303	-0.04110288619995117
0.4821118019794893	1.0263488707710469	-0.0011029243469238281
0.47882662642316437	1.0285372911024189	0.02889704704284668
0.47753560692540487	1.0283869005439243	0.05889701843261719
0.470698847116499	1.0310716599375538	0.09889698028564453
0.46413462754810486	1.0236732170875844	0.15889716148376465
0.45775809262542383	1.0219853149788791	0.2288970947265625
0.4564297884488665	1.035161337360599	0.29889702796936035
0.4281219790986812	1.0808359704261794	0.32889699935913086
0.4489395221980051	1.0386730057878937	0.35889720916748047
0.5576025246173915	1.0992574638634156	0.45889711380004883
0.5403813216086675	1.1042669336748085	0.49889707565307617
0.5472995598916753	1.1039206019124075	0.5288970470428467
0.49713852811528214	0.7868106809875525	0.5988969802856445
0.5023490705294965	0.7995552233527815	0.6288971900939941
0.5122697247514731	0.8056047293538732	0.698897123336792
0.5071127297722553	0.819692027348149	0.7388970851898193
0.5561278571393944	0.7384465336149791	0.8988971710205078
0.5569518256635001	0.7395194858071199	0.9288971424102783
0.5001226393714204	1.165730643448183	1.0288970470428467
0.4999914676348783	1.1521636410475478	1.0588970184326172
0.4919861588806089	1.1522144023221907	1.0988969802856445
0.49845108511228786	1.1199431062267928	1.1588971614837646
0.4840847109426847	1.0890399237223785	1.198897123336792
0.48651418970654453	1.0841409138123985	1.2288970947265625
0.4798180080443023	1.0741130856536656	1.258897066116333
0.47592303011126047	0.6595222475734087	1.4288971424102783
0.47704040694383565	0.6362244409919284	1.4588971138000488
0.4508326256881042	0.7130224276976243	1.4988970756530762
0.46995099314758454	0.6848975341541501	1.5588970184326172
0.46876424408311346	0.6820271724397797	1.5988969802856445
0.46794856957587894	0.6790885638101212	1.6288971900939941
0.466847099262858	0.6786682151627303	1.6588971614837646
0.46658415438618894	0.6800804232702284	1.698897123336792
0.4656218239502626	0.6775456776924746	1.7288970947265625
0.46434037704972	0.6739687821899569	1.758897066116333
0.46502392027620054	0.6762224375585637	1.7988970279693604
0.4721121817157942	0.6778522483686035	1.8988971710205078
0.473468300737633	0.6528284488396681	1.9288971424102783
0.4743544157741557	0.7573377811169073	1.9588971138000488
0.47422929689878807	0.7542931255241733	1.9988970756530762
0.48640702610653785	0.7127668716025803	2.058897018432617
0.4694629065933926	0.6488154017741063	2.128897190093994
0.4788887052928579	0.6738398491972015	2.198897123336792
0.4713338718814655	0.6567512022952543	2.2288970947265625
0.47315291219041616	0.7175104303457642	2.258897066116333
0.47062381975913176	0.6559720240998741	2.2988970279693604
0.4737396727264959	0.6980811432289007	2.328896999359131
0.41308096457025617	0.896489926805327	2.4288971424102783
0.4714341096548188	0.6613745349975311	2.458897113800049
0.4714577821514872	0.7096846340386895	2.5288970470428467
0.47447197620693504	0.6761090886315614	2.558897018432617
0.46944894460589304	0.7272655148440066	2.6588971614837646
0.477270145086039	0.7457318882072091	2.698897123336792
0.486025624001732	0.6812742632154242	2.7288970947265625
0.47767003506965056	0.6514290233714108	2.758897066116333
0.38531457985798834	0.7396573835757472	2.7988970279693604
0.49204088043497074	0.7079194730521733	2.828896999359131
0.4844731594919136	0.6827142207873522	2.8588972091674805
0.4872727935716477	0.6897822409713948	2.958897113800049
0.48552981274358625	0.6827005636567917	2.998897075653076
0.48607570696940616	0.7039769559652704	3.0288970470428467
0.4711720234515136	0.7675041090509507	3.058897018432617
0.4859605645865039	0.7089429393171028	3.128897190093994
0.4727327178072176	0.7744612165504134	3.1588971614837646
0.4863384832826468	0.7009923900336701	3.2288970947265625
0.4884260058030581	0.6964552979010482	3.258897066116333
0.5091573174171673	0.6923800385560583	3.398897171020508
0.5104659431093866	0.7071693442071413	3.4288971424102783
0.5039942563585047	0.6675453324551957	3.458897113800049
0.505267610796345	0.6711961706391834	3.698897123336792
0.5214793406209141	0.675165318288837	3.828896999359131
0.5195875210921669	0.6709189104010392	3.958897113800049
0.5221032486125516	0.6725964368621775	3.998897075653076
0.5589927513747521	0.6976356334036301	4.028897047042847
0.546591858134657	0.7126113394185949	4.0988969802856445
0.5392947585971908	0.6722158791282131	4.158897161483765
0.5321470888601194	0.6699308939353923	4.198897123336792
0.5326421998938563	0.6793952299125008	4.258897066116333
0.5327390273276934	0.6841018115269459	4.328896999359131
0.5392993328344959	0.7183995981019565	4.428897142410278
0.5399362994946402	0.7165211649330908	4.458897113800049
0.5398169512476221	0.7199768675476098	4.498897075653076
0.5412019854237382	0.71896274203271	4.528897047042847
0.5491298090071941	0.7125833550937108	4.558897018432617
0.5441024532154984	0.7141866848799446	4.5988969802856445
0.5487199534215851	0.7103703932048197	4.628897190093994
0.5440638543687172	0.7395276368930305	4.658897161483765
0.5428332610446897	0.7142855332004395	4.698897123336792
0.5422670979199684	0.7001022475169237	4.7288970947265625
0.5459305498459263	0.7038308144867874	4.79889702796936
0.5372324002621597	0.7268285990817558	4.828896999359131
0.539454670933558	0.7006642396305771	4.898897171020508
0.5406217786513973	0.6978613932114036	4.928897142410278
0.5403463539605884	0.7075427319464	4.958897113800049
0.5411553849150353	0.717831342534268	4.998897075653076
0.5373991578724804	0.6879305937807293	5.058897018432617
0.5373168133820387	0.6917123534433621	5.0988969802856445
0.5540815439821691	0.7699974524258416	5.128897190093994
0.5803694345413655	0.7146952662970094	5.2288970947265625
0.5451824287833815	0.7971235140065226	5.328896999359131
0.5780502250625412	0.7043078791095396	5.3588972091674805
0.564159567249002	0.6841976431047411	5.398897171020508
0.568858938616128	0.7103188482178269	5.428897142410278
0.5696334401909715	0.7056656838489302	5.458897113800049
0.5768797403504978	0.704081702292847	5.498897075653076
0.5682672160917919	0.7127268731946983	5.528897047042847
0.5661747672118107	0.7071280366969391	5.558897018432617
0.5690271762878757	0.7149856072992621	5.5988969802856445
0.5685091263493369	0.7143955037226809	5.628897190093994
0.5669701790878592	0.7162164237197968	5.658897161483765
0.5529711217340428	0.7101269978415619	5.8588972091674805
0.5521351259895645	0.7147203631480845	5.898897171020508
0.55289830411797	0.7175771838807349	5.928897142410278
0.5528115082224485	0.7211909558714389	5.958897113800049
0.5522847221472843	0.7215324755849154	5.998897075653076
0.5499038274967625	0.7659870104859067	6.028897047042847
0.5524370133621139	0.7027924538388262	6.058897018432617
0.5757530280752408	0.7287019852219898	6.0988969802856445
0.574742667554468	0.7304068318044152	6.128897190093994
0.5737544881689761	0.7335136178795363	6.158897161483765
0.57300650710872	0.7345611726640747	6.198897123336792
0.5734149896790497	0.7369533725026498	6.2288970947265625
0.5723648072715494	0.7365921556361379	6.258897066116333
0.5723711330857628	0.7335051736419145	6.29889702796936
0.5799275151559026	0.7009777757374009	6.328896999359131
0.5789203107197972	0.719784161526259	6.3588972091674805
0.5786351942512098	0.7197797832515107	6.398897171020508
0.5780819362156285	0.7228184960615456	6.428897142410278
0.5777703006246329	0.7216830932360622	6.458897113800049
0.5765606048204901	0.7221753069518781	6.498897075653076
0.5759732437962719	0.7228792526885288	6.528897047042847
0.5760446438971052	0.7228190939346515	6.558897018432617
0.5761634209082419	0.7200805144527421	6.5988969802856445
0.5772725186491532	0.7191306683677513	6.628897190093994
0.5765147207163535	0.7198229876619306	6.658897161483765
0.5765728107700011	0.7190681540310764	6.698897123336792
0.5772807215078195	0.7208123937207674	6.7288970947265625
0.577601403457318	0.7196914454406425	6.758897066116333
0.5788991178334361	0.7172139570758879	6.79889702796936
0.5793267679942248	0.7169690394102044	6.828896999359131
0.5796165285071645	0.7161038514714437	6.8588972091674805
0.5796323114619311	0.7151070214069303	6.898897171020508
0.5803585056042732	0.7142227320966842	6.928897142410278
0.5808679382588715	0.7131717286267454	6.958897113800049
0.5809843064693346	0.7122901128831107	6.998897075653076
0.5812810682608832	0.7149616146174432	7.028897047042847
0.5815990907111228	0.7141534435486372	7.058897018432617
0.5818411359690553	0.7143293489646889	7.0988969802856445
0.5813140472990237	0.7135781596697429	7.128897190093994
0.5812676564721894	0.7138848058370297	7.158897161483765
0.5801497634967914	0.7135731825230475	7.198897123336792
0.5814728512967361	0.7123621466063317	7.2288970947265625
0.5809485934603773	0.7118572089104364	7.258897066116333
0.581290315717969	0.712050015805898	7.29889702796936
0.5808970909301742	0.714634478772355	7.328896999359131
0.5807735045290301	0.714741828681913	7.3588972091674805
0.5810674831232628	0.7145582592182572	7.398897171020508
0.5818064428367072	0.71354329767868	7.428897142410278
0.5822919223520913	0.7128700857766769	7.458897113800049
0.581713852510058	0.7131678845518485	7.498897075653076
0.5967138046819636	0.7193184703627463	7.528897047042847
0.6047087774345591	0.7255631185554051	7.558897018432617
0.6108307615599023	0.7257163762476185	7.5988969802856445
0.5910811144683992	0.7263874362561227	7.628897190093994
0.5905205488377206	0.7298294416540584	7.658897161483765
0.5865599614164597	0.768683256466637	7.698897123336792
0.5934749174044189	0.7344239960731871	7.7288970947265625
0.5937427232394007	0.7362856223605428	7.79889702796936
0.5892598569612333	0.7443631714591425	7.828896999359131
0.597134797170009	0.776367195710744	7.898897171020508
0.5891271615283417	0.7135128837688243	7.928897142410278
0.5967630120406034	0.7581635775470037	7.968897104263306
0.6320612770265803	0.7377422357871615	8.058897018432617
0.631411889302361	0.7273967818194264	8.158897161483765
0.6310131722240422	0.638337993271455	8.198897123336792
0.6200208051846242	0.7639332970318863	8.258897066116333
0.6228403654777913	0.764145578667588	8.35889720916748
0.6593592339077333	0.6883975904124228	8.428897142410278
0.6551349823400835	0.7004909621005165	8.458897113800049
0.6549250389479375	0.7082899927615008	8.498897075653076
0.6526017520429813	0.7057590192305431	8.528897047042847
0.6533192984008201	0.7011848371990848	8.558897018432617
0.6534880200643963	0.7103635516486552	8.658897161483765
0.6797587471219607	0.7001499657021364	8.728897094726562
0.6791440368279908	0.702380144476414	8.758897066116333
0.6805078729023938	0.7019692763183233	8.79889702796936
0.6814662681904778	0.6993365172060964	8.82889699935913
0.6811838660169999	0.6996768811023503	8.85889720916748
0.6805003101944972	0.7007367714410009	8.898897171020508
0.6795701365117044	0.6995078602094632	8.928897142410278
0.6781027165421349	0.6992151721802313	8.958897113800049
0.6782085635920152	0.6963682316823493	8.998897075653076
0.6778712724749899	0.7001089058835357	9.028897047042847
0.6780912624016585	0.7006667525755061	9.058897018432617
0.6777805505563912	0.7019276023333821	9.098896980285645
0.676833575196043	0.7035372597836698	9.128897190093994
0.6750469782442154	0.7034172120369969	9.158897161483765
0.674155544701043	0.7063474763475134	9.198897123336792
0.6736033690700562	0.7069029870442222	9.228897094726562
0.6734410454447597	0.7043485873698015	9.258897066116333
0.6737231085163262	0.7035251208437061	9.29889702796936
0.6714604983538798	0.697077839005973	9.32889699935913
0.672749444711357	0.7053215760061745	9.368897199630737
0.6761220332290648	0.6930708310562663	9.398897171020508
0.6710119837231702	0.7585198923502842	9.428897142410278
0.6707402053730722	0.7501130630633721	9.598896980285645
0.6796939114967965	0.6876641528455492	9.628897190093994
0.6814506099416716	0.7052982299390586	9.728897094726562
0.6827283608798421	0.712140168925072	9.758897066116333
0.67683555101543	0.6980939564865295	9.82889699935913
0.7128232192596442	0.7189081575263654	9.85889720916748
0.711677181319401	0.734100859838189	9.938897132873535
0.7062085365309337	0.7083378805885633	9.958897113800049
0.7059275514735118	0.7068148657569624	9.998897075653076
0.7062895378421435	0.7104245503585838	10.028897047042847
0.7060222054173647	0.7093037222736285	10.058897018432617
0.7060052258668218	0.7119623733723937	10.098896980285645
0.7177862015543572	0.6975781387973846	10.158897161483765
0.7186690027744281	0.6969151239179298	10.198897123336792
0.7181694313023825	0.6966226859227851	10.228897094726562
0.7190409403447805	0.6958808298016507	10.258897066116333
0.7191095095771406	0.6956092134798063	10.29889702796936
0.7200265044121925	0.6935223245243165	10.32889699935913
0.7214572063491053	0.691861864426188	10.35889720916748
0.721988900906521	0.692488495579043	10.398897171020508
0.7227899449218906	0.6933539576079965	10.428897142410278
0.723747850605463	0.6962522062982587	10.458897113800049
0.7257409163864563	0.6965800119280176	10.498897075653076
0.7268232038903434	0.6965200519037986	10.528897047042847
0.7276565083469524	0.69622026256579	10.558897018432617
0.7303054192643508	0.6984383018032968	10.598896980285645
0.7573485536938456	0.7012511591343005	10.628897190093994
0.7604506356269933	0.6994328270793737	10.658897161483765
0.7598053417163025	0.7010515152275469	10.698897123336792
0.758337065813172	0.7009584775904829	10.728897094726562
0.757333724614227	0.6993347064920904	10.758897066116333
0.7560517583891188	0.6996273679377101	10.79889702796936
0.7541597286129578	0.6984962710372057	10.82889699935913
0.7544182609367128	0.6986914106986983	10.85889720916748
0.7542103439521348	0.7024417742668495	10.898897171020508
0.7538913904902484	0.7015203116709227	10.928897142410278
0.7530019770454357	0.7005030359858557	10.958897113800049
0.7528586606516535	0.6998799002183994	10.998897075653076
0.7530898034521907	0.6992204928186392	11.028897047042847
0.7532236801092712	0.6997826368955796	11.058897018432617
0.7539879060747744	0.6987825079385376	11.098896980285645
0.7549605307057741	0.7009233857350271	11.128897190093994
0.7551479529877446	0.7007332142930387	11.158897161483765
0.7545903541644595	0.7021684492604976	11.198897123336792
0.7559121104678048	0.702927225199326	11.228897094726562
0.7563839128802039	0.7038667956400854	11.258897066116333
0.7572288859486678	0.7008322064424929	11.29889702796936
0.7579070940064571	0.6998958151370971	11.32889699935913
0.7580671520127537	0.7004257253122889	11.35889720916748
0.7582691106254804	0.7016755775358665	11.398897171020508
0.7590687798044706	0.7030316208565952	11.428897142410278
0.7604280423172113	0.7009589583465607	11.458897113800049
0.798474535253573	0.710008786792409	11.528897047042847
0.797394414721345	0.7110890839363287	11.558897018432617
0.7961883728683419	0.7131570901110419	11.598896980285645
0.7940735915795405	0.711507411554515	11.628897190093994
0.7923425102784523	0.7100726485527509	11.658897161483765
0.7910841009515733	0.7091541359511401	11.698897123336792
0.7920490396628336	0.708543279693631	11.728897094726562
0.7917018385039201	0.7094876786869782	11.758897066116333
0.7919327818834945	0.7084897225214571	11.79889702796936
0.7920171625138526	0.7066743765586108	11.82889699935913
0.7913239875670796	0.7085667600509948	11.85889720916748
0.790386768939578	0.7067201516527015	11.898897171020508
0.813722089351749	0.7122784091259625	11.928897142410278
0.8173279461559706	0.7161046242401844	11.958897113800049
0.8165132573160472	0.7181833001151382	11.998897075653076
0.8148945156316046	0.7171732763167332	12.028897047042847
0.8148142881327348	0.7149386049327816	12.058897018432617
0.8142229923054561	0.7134382330024236	12.098896980285645
0.8143962606836938	0.714549718096721	12.128897190093994
0.814337362070411	0.7157582016899069	12.158897161483765
0.8148619592295244	0.7147401094299614	12.198897123336792
0.8149794150445155	0.7159711965305039	12.228897094726562
0.8149542347839611	0.7156039214314621	12.258897066116333
0.8148370346079256	0.7168299570542865	12.29889702796936
0.8142423581812528	0.7191502214155038	12.32889699935913
0.812386784280276	0.7226590301313974	12.35889720916748
0.8016126546950415	0.7278362085712471	12.398897171020508
0.8010993755303719	0.7314389544478048	12.428897142410278
0.7999956010066422	0.7348132726892715	12.458897113800049
0.7983045993470784	0.7374466319757221	12.498897075653076
0.7977818110156243	0.7386002323275839	12.528897047042847
0.7968612891000127	0.7382263064964754	12.558897018432617
0.7920365316623972	0.7304794990233229	12.598896980285645
0.7940821030771217	0.7388174449924885	12.628897190093994
0.7956801612486997	0.7401414342998281	12.658897161483765
0.7946245233515385	0.7401818819463307	12.698897123336792
0.7941585857194248	0.7399401535732589	12.728897094726562
0.7938880712308849	0.7384836915356521	12.758897066116333
0.7938902085164142	0.7378341168336696	12.79889702796936
0.793637657610177	0.7372805854773956	12.82889699935913
0.7941356157497106	0.7349771351200145	12.85889720916748
0.7943840349641497	0.7352799078719716	12.898897171020508
0.7952353928501861	0.7367686869351963	12.928897142410278
0.7956832324786359	0.7375184948309265	12.958897113800049
0.796127048057878	0.7371807729425659	12.998897075653076
0.7962278671691682	0.7360721216905249	13.028897047042847
0.7966817317265517	0.7370601689414861	13.058897018432617
0.7965860180213842	0.7364152751233286	13.098896980285645
0.7966386312533912	0.7349439319143503	13.128897190093994
0.7971097658090209	0.734753967153974	13.158897161483765
0.7955014417965266	0.7307814890280918	13.198897123336792
0.7701520120436657	0.7070617137245953	13.228897094726562
0.7707023262417743	0.7070043684212046	13.258897066116333
0.7707398254151164	0.7055317529429869	13.29889702796936
0.7715491536547232	0.7053474199439955	13.32889699935913
0.7723245181720745	0.7057562250710853	13.35889720916748
0.7723834525203852	0.7051177527919078	13.398897171020508
0.7720857390279174	0.7026902923401718	13.428897142410278
0.7725991286370566	0.7016368671141087	13.458897113800049
0.7735451269513192	0.7007688849955659	13.498897075653076
0.7772042571877708	0.7313042187765898	13.528897047042847
0.7776424146655383	0.7169747921898002	13.568897008895874
0.7779767376997233	0.7132114830146128	13.598896980285645
0.778003883285883	0.7163761535000867	13.628897190093994
0.7773237310221334	0.7169910009013261	13.658897161483765
0.7772066509931951	0.718151120036054	13.698897123336792
0.7770548486438227	0.7181051736332928	13.728897094726562
0.7762996667854913	0.7192837164442089	13.758897066116333
0.7765866145424646	0.7181978214536054	13.79889702796936
0.7771470267856245	0.7178169895045582	13.82889699935913
0.7770715665614629	0.7184943908697945	13.85889720916748
0.7779663137123723	0.7189694894062455	13.898897171020508
0.7763762373172216	0.7182710834218148	13.928897142410278
0.7745405408280025	0.7488872574115877	13.958897113800049
0.7724562338766134	0.7200812559037042	13.998897075653076
0.7683990591345679	0.700009874928802	14.028897047042847
0.7686343626336848	0.7024700034530728	14.058897018432617
0.7685744393962337	0.7020532594161432	14.098896980285645
0.769406444974966	0.703250409822537	14.128897190093994
0.7699869569826738	0.7023811126342338	14.158897161483765
0.7704266218553831	0.7009690823578206	14.198897123336792
0.7706317479363324	0.7004285989594068	14.228897094726562
0.7714939404569313	0.702795376126862	14.258897066116333
0.7712977895085699	0.7037548863290763	14.29889702796936
0.7701041388951644	0.7049328654654158	14.32889699935913
0.7696257772861788	0.7034365704476834	14.35889720916748
0.7692491146113027	0.7030435981421643	14.398897171020508
0.7693052843973786	0.7015351905555194	14.428897142410278
0.7692185849806199	0.703608924352572	14.458897113800049
0.7691457644887127	0.7049864769677514	14.498897075653076
0.7695396551473327	0.7056038771603788	14.528897047042847
0.7688260972865564	0.7070385146427682	14.558897018432617
0.7683329267813752	0.7101444933301443	14.598896980285645
0.7678270534844334	0.7109684092751389	14.628897190093994
0.7678273864896016	0.7095498046130836	14.658897161483765
0.7675563766698645	0.708392088203404	14.698897123336792
0.7671819789016721	0.7089078258769731	14.728897094726562
0.8086930129239753	0.7457459823200595	14.79889702796936
0.8100459242915128	0.7470889250888667	14.82889699935913
0.8087800698305074	0.7498152800010486	14.85889720916748
0.8045440136695217	0.7437297428191817	14.898897171020508
0.8043004703114599	0.744049038191595	14.928897142410278
0.8041001972842391	0.7441551566122008	14.958897113800049
0.8038584999554823	0.7468696689627196	14.998897075653076
0.8038245264178093	0.7440725014947901	15.028897047042847
0.8035695751601137	0.7446802637835264	15.058897018432617
0.804809418753604	0.7433809675992987	15.098896980285645
0.8059638664138836	0.7419508289250409	15.128897190093994
0.8056486962777412	0.7421494288363655	15.158897161483765
0.8063067993178091	0.73879815767419	15.198897123336792
0.8058067018837989	0.7375305664221734	15.228897094726562
0.8059085960728585	0.7345709578595738	15.258897066116333
0.8058213788818387	0.7341989708364942	15.29889702796936
0.8058994452237139	0.733402320312224	15.32889699935913
0.8046570789221168	0.7344324177146743	15.35889720916748
0.7938904749332706	0.7289563992256057	15.398897171020508
0.7940376137056692	0.750984307486663	15.428897142410278
0.7944276932139066	0.7474264856539711	15.458897113800049
0.7939955141296549	0.7468829117508199	15.498897075653076
0.7930310094101423	0.7458555688797233	15.528897047042847
0.7931891808696867	0.7460235850429264	15.558897018432617
0.7924178446765013	0.7468049681694503	15.598896980285645
0.7878278116386004	0.7525571677955698	15.628897190093994
0.7754904753615806	0.7709575968297698	15.658897161483765
0.7748546329656492	0.7750143832890828	15.698897123336792
0.7737572909595425	0.7766446697813482	15.728897094726562
0.773229262094723	0.7775159569435456	15.758897066116333
0.7733117543224477	0.7799018361108899	15.79889702796936
0.7726898574066781	0.7799406211982292	15.82889699935913
0.7723876902530533	0.7794816289233603	15.85889720916748
0.7726833659940906	0.7788120477194476	15.898897171020508
0.7717520797530147	0.7794274600475587	15.928897142410278
0.7718757935450012	0.7804411489374721	15.958897113800049
0.77074614861947	0.7803801180390258	15.998897075653076
0.7713601514769418	0.7807526790759404	16.028897047042847
0.7716233124657158	0.7808386513461208	16.058897018432617
0.7715800458996708	0.7776508456677046	16.098896980285645
0.7700342411745552	0.7716493622222234	16.128897190093994
0.7612271015188186	0.7346632189559814	16.158897161483765
0.7606116494650705	0.7400625400603794	16.198897123336792
0.7605666676345698	0.7388283313898281	16.228897094726562
0.7599308930242867	0.7391609705362178	16.258897066116333
0.7608525335036387	0.7381651647414786	16.29889702796936
0.7611663469248373	0.738431732551791	16.32889699935913
0.7615052063011918	0.7389660580805013	16.35889720916748
0.7613512366883213	0.7382643784861217	16.398897171020508
0.7615025105158784	0.739282123397852	16.42889714241028
0.7620198124093713	0.7380825402917519	16.45889711380005
0.7623959277808001	0.7361024507529986	16.498897075653076
0.7628859296254741	0.7329335919579918	16.528897047042847
0.7635019983887055	0.7326034702062661	16.558897018432617
0.7634318972899996	0.7299483093413024	16.598896980285645
0.76575244970772	0.7266030742040737	16.628897190093994
0.7674329793323353	0.7238501613320516	16.658897161483765
0.76775119409569	0.721717747459241	16.698897123336792
0.7677175588347217	0.7235284304670535	16.728897094726562
0.7680209687106573	0.7224114618928003	16.758897066116333
0.7671816018056024	0.7246490376598298	16.79889702796936
0.7667203337908655	0.7238642643745657	16.82889699935913
0.7669036580991813	0.7212001643480948	16.85889720916748
0.7671624531059889	0.7203729039637428	16.898897171020508
0.7671154288349998	0.7204076038738184	16.92889714241028
0.7525666036144183	0.742843775974559	16.95889711380005
0.7517592068656032	0.7419798115069604	16.998897075653076
0.7525445948846543	0.7444398875790414	17.028897047042847
0.7510378899556259	0.7466078870173487	17.058897018432617
0.7501466646598628	0.7483250609474184	17.098896980285645
0.7501236367451453	0.7496899159694591	17.128897190093994
0.7492359826293756	0.7524499404872314	17.158897161483765
0.7489222111218345	0.7526483456016099	17.198897123336792
0.7485994950147882	0.753252754132147	17.228897094726562
0.7473973235119239	0.7535628513272566	17.258897066116333
0.7741117985205886	0.7045467305825093	17.32889699935913
0.7701526244411786	0.7049205911865108	17.35889720916748
0.7715107787270221	0.7151344559499258	17.398897171020508
0.771396817316402	0.7110222053757898	17.42889714241028
0.7683195240332908	0.7050686322285871	17.45889711380005
0.7569538761257836	0.7345068471514454	17.528897047042847
0.7566864686245525	0.735228733509215	17.558897018432617
0.7558227787969533	0.7372413663918179	17.598896980285645
0.7560322413566127	0.7359830663308529	17.628897190093994
0.7546535875227371	0.7362647667667932	17.658897161483765
0.7242886956667189	0.732249337616143	17.698897123336792
0.7216135290520372	0.7282198761192601	17.728897094726562
0.7210676694439476	0.7310646347391425	17.758897066116333
0.7207522037890534	0.7339781495978122	17.79889702796936
0.7203729270279373	0.7327715367137839	17.82889699935913
0.7201932068231376	0.7326940546584276	17.85889720916748
0.7190835264859671	0.7307405106577519	17.898897171020508
0.7174745069763931	0.7290578999011991	17.92889714241028
0.7176084596170509	0.7275557323396087	17.95889711380005
0.7180456799472855	0.7271834124011353	17.998897075653076
0.7223709575008521	0.7259797701892106	18.028897047042847
0.7230015435548828	0.72694788623498	18.058897018432617
0.7221665692343481	0.7284135453094576	18.098896980285645
0.7213174249516888	0.7298601963125902	18.128897190093994
0.7205465210525083	0.7306020756478118	18.158897161483765
0.719929031368561	0.7322070049547263	18.198897123336792
0.7201377276781054	0.7298758476045093	18.228897094726562
0.7200488034920611	0.7303175197697959	18.258897066116333
0.7195737691117899	0.7316078350393227	18.29889702796936
0.7198227836791821	0.7327693843374137	18.32889699935913
0.7196657885096351	0.7317724223808839	18.35889720916748
0.7197068348264055	0.7345009835363921	18.398897171020508
0.7200589016340864	0.7345738131035481	18.42889714241028
0.7197769778094478	0.7349421756672903	18.45889711380005
0.7203969091925495	0.7345390584245901	18.498897075653076
0.7222226614623033	0.7343744238917013	18.528897047042847
0.7398995326689104	0.7531978286332695	18.558897018432617
0.7401910992148721	0.7490219763389588	18.598896980285645
0.7384490094726439	0.7495400581597403	18.628897190093994
0.7383102614887067	0.7471727657574861	18.658897161483765
0.7385986606969301	0.7502904448435772	18.698897123336792
0.7376977382359993	0.7507332894611735	18.728897094726562
0.7363946518197265	0.749444468394038	18.758897066116333
0.7356331279619899	0.7500475520883505	18.79889702796936
0.7352592056353986	0.7505441965108491	18.82889699935913
0.7365020127247494	0.7487737615476807	18.85889720916748
0.7358677666333725	0.7474310896881756	18.898897171020508
0.7361385639256283	0.7446424774420684	18.92889714241028
0.7001167252447076	0.7451493243049101	18.95889711380005
0.7143189222538366	0.7218568196097742	18.998897075653076
0.7062966150741853	0.7152445783309711	19.028897047042847
0.7149858201091221	0.7159422632639361	19.058897018432617
0.714795840623088	0.7147650507496155	19.098896980285645
0.71500153366737	0.7154807067208533	19.128897190093994
0.7154492597153744	0.7170354498053013	19.158897161483765
0.7153018305610768	0.7196442408831997	19.198897123336792
0.7353974613186306	0.7055840769890044	19.228897094726562
0.7378769696473607	0.7072481780378084	19.258897066116333
0.7371444566019826	0.7090001858864029	19.29889702796936
0.7366512331858497	0.709471369264694	19.32889699935913
0.7361337671295066	0.7102655023296285	19.35889720916748
0.7364030090300284	0.7080666697091225	19.398897171020508
0.7373707395630421	0.7070833500873231	19.42889714241028
0.7373736581855664	0.7038197938637295	19.45889711380005
0.7381582407001344	0.7044699482757032	19.498897075653076
0.738250794382423	0.7031273359346448	19.528897047042847
0.7391857264876049	0.7033004438227365	19.558897018432617
0.7397933600315515	0.704025277097147	19.598896980285645
0.7379391940973304	0.7064952129806881	19.628897190093994
0.7379613669932148	0.7054123163525585	19.658897161483765
0.7381180096965535	0.7055829709562271	19.698897123336792
0.7376289604494546	0.7053691844067139	19.728897094726562
0.7373351764433805	0.7045819128065987	19.758897066116333
0.7368170158427184	0.7048445735702662	19.79889702796936
0.7343916613091147	0.705385874743921	19.82889699935913
0.7097962016024645	0.7450090494049812	19.85889720916748
0.7070521474844951	0.7497647224588773	19.95889711380005
0.7049289735143175	0.7308024888498498	19.998897075653076
0.708085423657583	0.7385732773435583	20.028897047042847
0.7131518656387327	0.734963260101447	20.098896980285645
0.7111883094995882	0.7379373932720644	20.128897190093994
0.7106830426299555	0.7342852507329126	20.158897161483765
0.7081328516648633	0.733717185643646	20.198897123336792
0.7096877374207734	0.733701210396151	20.258897066116333
0.7079050895771867	0.7358866290643539	20.29889702796936
0.708346146454822	0.7357368791730854	20.32889699935913
0.7085102160379655	0.7389369776055498	20.35889720916748
0.7084424944673827	0.7408084757069461	20.398897171020508
0.7080176583566651	0.7428767909164459	20.42889714241028
0.706480740242019	0.746226669699033	20.45889711380005
0.7065482572794949	0.7481291744851567	20.498897075653076
0.7057914346727638	0.748146917227541	20.528897047042847
0.7048679423758022	0.7468984825424196	20.558897018432617
0.7053877925464598	0.7458894622558604	20.598896980285645
0.7059818560611386	0.7440506234574029	20.628897190093994
0.7083916423510537	0.7504933472646466	20.658897161483765
0.7101182291733785	0.7560277126383078	20.698897123336792
0.7106587472655759	0.757337594646	20.728897094726562
0.7117842912369093	0.7592944577320556	20.758897066116333
0.7132484385750512	0.7558809128625332	20.79889702796936
0.713587582468267	0.7567011984428818	20.82889699935913
0.7132432551460101	0.757214341067812	20.85889720916748
0.7143367935050082	0.7564036683710047	20.898897171020508
0.7138108490637203	0.7584459914000562	20.92889714241028
0.7141162192474881	0.7599972488690759	20.95889711380005
0.7151725369651643	0.7623626981994268	20.998897075653076
0.7145520179928062	0.7710917696744976	21.028897047042847
0.7141760208877166	0.7737395177726408	21.058897018432617
0.7137265342421494	0.7754743952183827	21.098896980285645
0.7145297796056732	0.7778310507821594	21.128897190093994
0.7148896413163889	0.7790216987458968	21.158897161483765
0.7158405520443442	0.7804635401944371	21.198897123336792
0.7164868782365477	0.7817724427498824	21.228897094726562
0.7164142458955369	0.7808933900991548	21.258897066116333
0.7164753888613453	0.7812605791298319	21.29889702796936
0.7165717006738279	0.7833777341761485	21.32889699935913
0.7167255479814246	0.7840555371166626	21.35889720916748
0.7159768888596385	0.7858992684423867	21.398897171020508
0.7147325342689191	0.7860916859235729	21.42889714241028
0.7132320567859969	0.7851773015447445	21.45889711380005
0.7133845233220767	0.7832623463539111	21.498897075653076
0.7123400891878037	0.7815621584280074	21.528897047042847
0.6873249101826016	0.7362546745839028	21.558897018432617
0.6897394772368248	0.6855418260043957	21.658897161483765
0.6941822983794255	0.6933459790909061	21.698897123336792
0.6962432807725656	0.7097630492307001	21.728897094726562
0.6751620418878282	0.7734425138851323	21.758897066116333
0.6918245403457697	0.660653131168451	21.79889702796936
0.6846291477362749	0.7086955211759252	21.82889699935913
0.6913827310893186	0.7122141613524722	21.92889714241028
0.6916421481365994	0.7144343807402823	21.95889711380005
0.6921159471395333	0.7138736321841131	21.998897075653076
0.6925852201190499	0.7134920525748684	22.028897047042847
0.693233004255365	0.7108239759457252	22.058897018432617
0.693124404414912	0.7123163861202101	22.098896980285645
0.6935767505391733	0.7094745998439124	22.128897190093994
0.6933378824324383	0.7110934089315633	22.158897161483765
0.6946905257605568	0.7111297629596698	22.198897123336792
0.6951577900382757	0.7107065842998547	22.228897094726562
0.6948694520705695	0.7116277224890293	22.258897066116333
0.6954697202899504	0.7104227084483785	22.29889702796936
0.6943948335396715	0.7131564327943859	22.32889699935913
0.6937164440031282	0.7135259851997111	22.35889720916748
0.6923181494419154	0.7139051630230663	22.398897171020508
0.6922854044721656	0.7139595905558727	22.42889714241028
0.6833953248164372	0.7201553181236445	22.498897075653076
0.6828885017793174	0.7205078130152097	22.528897047042847
0.682105873750576	0.7234813445070633	22.558897018432617
0.6817245320373497	0.720415557292771	22.598896980285645
0.6821814435510422	0.719037625153512	22.628897190093994
0.6824037863086706	0.7180656410126433	22.658897161483765
0.682328449808721	0.7173134439982103	22.698897123336792
0.6821530119158093	0.7175602588805073	22.728897094726562
0.6823103458762175	0.7181527356845919	22.758897066116333
0.6813662016689869	0.7187069535542792	22.79889702796936
0.6820354999453134	0.7189905681447506	22.82889699935913
0.6823201660774945	0.7192997826176192	22.85889720916748
0.6816184391975737	0.7184384090611555	22.898897171020508
0.6807499562540154	0.7167197965624845	22.92889714241028
0.6798917508577393	0.7180156286442869	22.95889711380005
0.6797473856533525	0.7160214377267216	22.998897075653076
0.6801160326138763	0.7168277109662723	23.028897047042847
0.6799307495136702	0.7174623768857862	23.058897018432617
0.6809329697623017	0.718455281183565	23.098896980285645
0.682608991475849	0.718641714036516	23.128897190093994
0.6825255591736826	0.7185307188935415	23.158897161483765
0.6822099361006768	0.7186627650021196	23.198897123336792
0.6821281386373073	0.7175376127801113	23.228897094726562
0.6826297908576492	0.7162838065003011	23.258897066116333
0.6832427049770867	0.7180338229974816	23.29889702796936
0.6851527138321073	0.7175838342802145	23.32889699935913
0.6872277283987073	0.7219942992590018	23.35889720916748
0.6886978464034296	0.7270789020715269	23.398897171020508
0.6891642120569225	0.7283723101586205	23.42889714241028
0.6900955607057327	0.7284111457487585	23.45889711380005
0.6914858559487145	0.7296389326239235	23.498897075653076
0.6924124068942084	0.7285434875428054	23.528897047042847
0.6923293616621748	0.7315770064709384	23.558897018432617
0.6917669467407461	0.7328726491417124	23.598896980285645
0.6925016857547346	0.7337251866181524	23.628897190093994
0.6928932391801509	0.7323528614966032	23.658897161483765
0.6940043555583899	0.7322682021349902	23.698897123336792
0.6943580223362535	0.7313982233726601	23.728897094726562
0.6946403514797637	0.7322850637303752	23.76889705657959
0.6950395118045319	0.7325599145449334	23.79889702796936
0.6946558736663734	0.7323489683187344	23.82889699935913
0.6950534563151074	0.7316797155311365	23.868897199630737
0.6949842694565802	0.7321000153540623	23.898897171020508
0.6952608259522826	0.7321451423338895	23.92889714241028
0.6947977743076222	0.7325503120825073	23.968897104263306
0.6946498428405815	0.7331474072564357	23.998897075653076
0.6947636069709678	0.7324271115288186	24.028897047042847
0.6933001437459481	0.7323165421018598	24.068897008895874
0.6922377822843465	0.7312019211282716	24.098896980285645
0.6924845776238763	0.7309426565815507	24.128897190093994
0.691859756115299	0.7305636413929729	24.16889715194702
0.6915240750688438	0.7313655205832255	24.198897123336792
0.6923867280808662	0.7312725490599323	24.228897094726562
0.6935751031457145	0.7334339271578028	24.26889705657959
0.6833183946438627	0.7332681477990852	24.32889699935913
0.6726078060014207	0.7302877257217103	24.468897104263306
0.6832248320004238	0.7297052485900369	24.498897075653076
0.6745055948277686	0.7398431806692123	24.528897047042847
0.6723417072303712	0.7426572597051223	24.568897008895874
0.6672500598075721	0.7331859074940886	24.628897190093994
0.6657979042773147	0.7366765756535292	24.66889715194702
0.6642629236433389	0.7368205984700106	24.698897123336792
0.6635466657957472	0.7378452567847638	24.728897094726562
0.6624513918341787	0.739893978796603	24.76889705657959
0.6632354453954372	0.7407882420560186	24.79889702796936
0.6624151788932493	0.7419191816542119	24.82889699935913
0.6620427511964245	0.7413669188028009	24.868897199630737
0.6620804046255712	0.7432599294206256	24.898897171020508
0.6609154160692953	0.7443436634868353	24.92889714241028
0.6590710340926138	0.7472711691395232	24.968897104263306
0.6584135017139892	0.7487870112023494	24.998897075653076
0.6587051383343054	0.7516285034848308	25.028897047042847
0.6570518886403	0.7508988010996284	25.068897008895874
0.6577289495227242	0.7223388857928064	25.098896980285645
0.6488938601176726	0.7229465323437855	25.128897190093994
0.64981869594922	0.7175475659823793	25.29889702796936
0.6360110512539793	0.7324361510974777	25.368897199630737
0.6402030157343918	0.7263171566621449	25.398897171020508
0.6389649028511935	0.7289560565114229	25.42889714241028
0.638032963576421	0.7280737199272596	25.468897104263306
0.6377257153746216	0.7287050227463447	25.498897075653076
0.6369886434476224	0.7281332217882248	25.528897047042847
0.6369859300813098	0.7282755204367319	25.568897008895874
0.6424712512474896	0.725997703917036	25.598896980285645
0.6412135239552861	0.7150734481549565	25.628897190093994
0.6471324645159184	0.7358145979120279	25.66889715194702
0.645807479109526	0.7303533208194237	25.698897123336792
0.6460523159883501	0.7342336385781456	25.728897094726562
0.6463845050858316	0.7362275127002861	25.76889705657959
0.6460762450667562	0.7383792346986917	25.79889702796936
0.6449047353384746	0.7405520886700614	25.82889699935913
0.6438974960760191	0.7409674867265479	25.868897199630737
0.6426563133723888	0.7411896572906079	25.898897171020508
0.6411947454493256	0.7428744926638627	25.92889714241028
0.6411696185105199	0.7433801651190908	25.968897104263306
0.6411849588046744	0.7425103147807056	25.998897075653076
0.6408637321090637	0.7445131468308233	26.028897047042847
0.6410292761287972	0.7457579642656533	26.068897008895874
0.6406831700887576	0.7479897293647936	26.098896980285645
0.6408261942873786	0.7488506786919548	26.128897190093994
0.6403290193527257	0.7488410820568014	26.16889715194702
0.6399965703495363	0.7493904340249778	26.198897123336792
0.6393896184539501	0.7512785045379412	26.228897094726562
0.6379556386618407	0.7545451807582455	26.26889705657959
0.637260588267512	0.755527870553291	26.29889702796936
0.6371069980886227	0.755627009933308	26.32889699935913
0.636316796149222	0.7546887296506203	26.368897199630737
0.634392334027813	0.7426840206466566	26.398897171020508
0.6303378504068033	0.7379338738256633	26.498897075653076
0.6355557207551434	0.7429282467508898	26.598896980285645
0.6354170201233625	0.7425129329383003	26.628897190093994
0.6349918393849536	0.7459169298410658	26.66889715194702
0.5653368747491682	0.8806882576515749	26.698897123336792
0.6366843715874706	0.7837432790794973	26.728897094726562
0.642250750303783	0.7542276023984814	26.76889705657959
0.6341784710133945	0.7712348122228992	26.79889702796936
0.6354711177375935	0.7772877878337542	26.82889699935913
0.6352740106655861	0.7776358677346361	26.868897199630737
0.6360364647000798	0.777074549264012	26.898897171020508
0.6399919697762226	0.7830300465710945	26.92889714241028
0.6212751408745911	0.7330681877189476	26.968897104263306
0.6154302159878595	0.7307844845586019	26.998897075653076
0.6161507423674073	0.7368418296571085	27.028897047042847
0.6132159366721062	0.7264442394584811	27.068897008895874
0.6179221386209579	0.7366047617801165	27.098896980285645
0.6174973160466886	0.7254365766667662	27.128897190093994
0.6157602624989812	0.7254691038465202	27.16889715194702
0.6148457037446295	0.7266743087828683	27.198897123336792
0.61321898883876	0.72566988135476	27.228897094726562
0.5935468807723779	0.7062491431210777	27.26889705657959
0.5925708962249386	0.7111244195199059	27.29889702796936
0.5954904094784743	0.7167900138513974	27.32889699935913
0.5950703533184356	0.7162908234550847	27.368897199630737
0.5949773134538598	0.7174003718285907	27.398897171020508
0.5946034700673897	0.7162982796110262	27.42889714241028
0.5945931672575349	0.7124964569400274	27.468897104263306
0.5958814843616534	0.711023568844787	27.498897075653076
0.5957739300280391	0.7101316733122709	27.528897047042847
0.5964562341286282	0.7075288655667649	27.568897008895874
0.5970850599894806	0.7069756435357745	27.598896980285645
0.5962934355144597	0.7059771785320073	27.628897190093994
0.5965986298544499	0.7035694639844349	27.66889715194702
0.5965765648454581	0.7045124420596843	27.698897123336792
0.5971981339379162	0.7046609631841927	27.728897094726562
0.5969518984746996	0.7047827035892099	27.76889705657959
0.5974272719785131	0.7033128635447028	27.79889702796936
0.596841913118839	0.7041871794807816	27.82889699935913
0.5972771466388944	0.7044324419686653	27.868897199630737
0.5973324305439585	0.7048692302804174	27.898897171020508
0.5972438392350184	0.7061115088757752	27.92889714241028
0.5983843836655017	0.704023090420521	27.968897104263306
0.5983588797253505	0.7052844847297784	27.998897075653076
0.6139429716957107	0.7215805217433127	28.068897008895874
0.6127573680049462	0.7191254681905374	28.098896980285645
0.6133821294011071	0.7183286249883106	28.128897190093994
0.613163438786732	0.7183505329646852	28.16889715194702
0.6128841240334983	0.7188908190755486	28.198897123336792
0.612771176840457	0.7179982491464695	28.228897094726562
0.6134006203975045	0.7150214439621555	28.26889705657959
0.6136468550021428	0.7168627206632412	28.29889702796936
0.613996993947392	0.7196794414199027	28.32889699935913
0.6147453715092014	0.718449838687672	28.368897199630737
0.6161202510112191	0.7157861422776599	28.398897171020508
0.636715776385521	0.7323451131880082	28.42889714241028
0.626937550397136	0.7393015981561353	28.468897104263306
0.625883610026921	0.738866940614838	28.498897075653076
0.6259372655333398	0.7382471070585038	28.528897047042847
0.6263699074495912	0.7362483550983343	28.568897008895874
0.6252793062822728	0.7363274080552243	28.598896980285645
0.5822249310941743	0.7321465442987865	28.66889715194702
0.5787497422953719	0.7217308428854644	28.698897123336792
0.5624746820405881	0.7597063907454085	28.79889702796936
0.5785230395319368	0.7465920759551125	28.898897171020508
0.5772453910407773	0.7240610378172503	28.92889714241028
0.5792399141108325	0.7210899639575176	28.968897104263306
0.5795239158987646	0.7225805720064553	28.998897075653076
0.572719954241373	0.732090633743132	29.028897047042847
0.5622745265525327	0.6908782224403185	29.068897008895874
0.5378646584412727	0.7781261201084019	29.098896980285645
0.569187017277462	0.7070973903756239	29.128897190093994
0.5687947156899806	0.7085504132814459	29.16889715194702
0.5749291802044718	0.7128255135712818	29.198897123336792
0.6089567170988097	0.7225969218914352	29.228897094726562
0.6058436918196043	0.7246635151562283	29.26889705657959
0.6024624284544281	0.7298046466999794	29.32889699935913
0.5944868466448008	0.7229153156740425	29.368897199630737
0.5968403355011417	0.728877346808283	29.398897171020508
0.5961611530406415	0.7293053403761283	29.42889714241028
0.5948424416701111	0.7303643401677655	29.468897104263306
0.593990217968075	0.7304260802595957	29.498897075653076
0.5944379233675365	0.7289771964619917	29.528897047042847
0.5934290048395507	0.7307630551448688	29.568897008895874
0.5929904682640325	0.7314752841788944	29.598896980285645
0.5929150838278102	0.7310707244547695	29.628897190093994
0.5925577915536898	0.7309653648065813	29.66889715194702
0.5921358754603431	0.7339930286670999	29.698897123336792
0.5912754692294292	0.7356033581664351	29.728897094726562
0.590059765593767	0.7345677311244747	29.76889705657959
0.5902111869770555	0.7360357795255599	29.79889702796936
0.592306497710187	0.7325426533744553	29.82889699935913
0.5918260500512036	0.7339871396396809	29.868897199630737
0.5927927203355066	0.7356228697260144	29.898897171020508
0.5918048051491543	0.7361214666667751	29.92889714241028
0.5914872750116514	0.7360651566091718	29.968897104263306
0.5980435786636912	0.7375360868790526	29.998897075653076
0.5982118392693563	0.7307029539918375	30.028897047042847
0.5979453382828559	0.7310605685589099	30.128897190093994
0.6007632844018629	0.7451869179422571	30.16889715194702
0.600160223627008	0.7474429298131435	30.198897123336792
0.6008380779077207	0.7478684053563721	30.228897094726562
0.601699968555611	0.7441374543143621	30.26889705657959
0.6009630068480188	0.7439211712189703	30.29889702796936
0.6007671368928376	0.7397787299213623	30.32889699935913
0.6009741627792766	0.7365578364813449	30.368897199630737
0.6012574276941237	0.7343608236541345	30.398897171020508
0.6022077855622722	0.7340554395686409	30.42889714241028
0.6023336688367641	0.7311997327642207	30.468897104263306
0.6029534092858155	0.7302839263280132	30.498897075653076
0.6037658763652098	0.7296752597868019	30.528897047042847
0.6048944770588239	0.7282537593104793	30.568897008895874
0.6063550515765308	0.7278591549866615	30.598896980285645
0.6073203990586019	0.7273206413479698	30.628897190093994
0.6082223997037451	0.7261738413349377	30.66889715194702
0.6092031767810193	0.7241168682982748	30.698897123336792
0.6069743007472304	0.7310818220668596	30.728897094726562
0.6154337521940758	0.732624046856806	30.76889705657959
0.6145391105444065	0.7357620238591777	30.79889702796936
0.6143586041269173	0.7354018571387393	30.82889699935913
0.6140067543606904	0.7334976434205186	30.868897199630737
0.613860912226137	0.7322272599088102	30.898897171020508
0.603259679717698	0.7324347001483827	30.92889714241028
0.6035189262167177	0.759516149223555	30.998897075653076
0.5971118723841121	0.7135184251157833	31.028897047042847
0.601677668003403	0.7254014493646923	31.068897008895874
0.5813752168229012	0.7819307203937315	31.098896980285645
0.5955778389307465	0.7081680898339794	31.128897190093994
0.597501367469805	0.7271139389192068	31.16889715194702
0.598094146927638	0.7282889109412575	31.228897094726562
0.5983325741292723	0.743186910413514	31.29889702796936
0.5968289355794267	0.721704940696062	31.368897199630737
0.5936489590226383	0.7264613835284224	31.398897171020508
0.5985310311301182	0.7289697467423036	31.468897104263306
0.5585766016265824	0.8472460343152504	31.498897075653076
0.6032090108651059	0.72235304005748	31.528897047042847
0.5780305483615157	0.6868358278493504	31.66889715194702
0.5835452153628438	0.73182895049133	31.698897123336792
0.5874152781529292	0.7534915017527548	31.728897094726562
0.5818225216654297	0.7203277559587377	31.79889702796936
0.5824738853272143	0.7241172526351292	31.82889699935913
0.5814160237556234	0.7252273359272667	31.868897199630737
0.5815662629746695	0.7227001815091311	31.898897171020508
0.5806204216100378	0.7223532368452465	31.92889714241028
0.5801352904555793	0.7235875806170929	31.968897104263306
0.5793308417920807	0.725232150940182	31.998897075653076
0.5791690160403142	0.7248948796343877	32.02889704704285
0.5792290521199474	0.7257375662096471	32.068897008895874
0.5788319708994185	0.7244030279413645	32.098896980285645
0.5786167390906585	0.7267401883058894	32.128897190093994
0.5783893179390003	0.7253512896801565	32.16889715194702
0.5781447460810464	0.7262469215541199	32.19889712333679
0.5779967088601183	0.7266028193292937	32.22889709472656
0.5826033353972875	0.714529789784274	32.29889702796936
0.5547370225469049	0.6856672776270354	32.36889719963074
0.5677940750467391	0.7168680958987604	32.42889714241028
0.5640681113352419	0.7295665184061498	32.52889704704285
0.5606798677734869	0.710474763731373	32.568897008895874
0.5632891486587669	0.7063476479955209	32.628897190093994
0.5615611210201613	0.7108325560041645	32.69889712333679
0.5636446463682272	0.7199707866400802	32.72889709472656
0.5625216388336807	0.7190676122594938	32.76889705657959
0.5615506010837279	0.7215603594440696	32.79889702796936
0.5604685333578105	0.7226621652140495	32.82889699935913
0.5586046553479245	0.7230146562102848	32.86889719963074
0.5580291617926185	0.7233815346025899	32.89889717102051
0.556380235406356	0.7244332335315145	32.92889714241028
0.5553911663399334	0.7276468033820682	32.968897104263306
0.5548670759752085	0.7432580550777567	32.998897075653076
0.551563313678195	0.7410211487438417	33.02889704704285
0.5523974223373055	0.737049879633176	33.068897008895874
0.5525061396796555	0.718418362053153	33.098896980285645
0.5519096397746809	0.7169064401955603	33.16889715194702
0.5486051418330542	0.756053422595497	33.26889705657959
0.5561259427311251	0.7191671230109323	33.29889702796936
0.555585209272809	0.7236041194288646	33.32889699935913
0.553729437068314	0.7264814665836337	33.36889719963074
0.5529304334719	0.7245099605591906	33.39889717102051
0.5508648285254	0.725641373960164	33.42889714241028
0.5395325538602267	0.7211037360872207	33.52889704704285
0.5422042475039107	0.7424765924938664	33.598896980285645
0.5468336256354831	0.7305249484505291	33.66889715194702
0.546505472287698	0.7316772008006908	33.69889712333679
0.5496855045977818	0.7338056044684036	33.72889709472656
0.5480637065967499	0.7324109193501577	33.76889705657959
0.5474901947161952	0.7320610587937373	33.79889702796936
0.5478423024671554	0.729484601757993	33.82889699935913
0.5469360362304446	0.7271522542362188	33.86889719963074
0.5469871280442741	0.728868778988269	33.89889717102051
0.5464243523583564	0.7281818233272878	33.92889714241028
0.5462300241880528	0.7266472843772651	33.968897104263306
0.5464075731671977	0.7270805484914962	33.998897075653076
0.5462528556274494	0.7276877513863509	34.02889704704285
0.5449430425934763	0.7236773145624847	34.068897008895874
0.5449457998441134	0.7228994484958723	34.098896980285645
0.5450833489259782	0.7209706314750534	34.13889718055725
0.5462634021284641	0.7194238358275473	34.16889715194702
0.5466473616251886	0.7208156664376603	34.19889712333679
0.5474924652485287	0.7200089865275953	34.22889709472656
0.5474058660299459	0.7214879850990736	34.26889705657959
0.5472080075179134	0.7195648527248846	34.29889702796936
0.548046618362528	0.7203121740558621	34.33889698982239
0.5485896751727971	0.7177316014191427	34.36889719963074
0.5488768826285909	0.7175744644767165	34.39889717102051
0.5489355721313587	0.7164212243550334	34.42889714241028
0.5495106139234849	0.7186981339803518	34.468897104263306
0.5501322287759258	0.7185408344065549	34.498897075653076
0.5589958605984007	0.7605675312221961	34.52889704704285
0.5597755624168185	0.7569855802287723	34.568897008895874
0.5716940143055852	0.7352195087804239	34.598896980285645
0.5624326680599807	0.7330304105370079	34.628897190093994
0.5652247584384011	0.7347930306702636	34.66889715194702
0.5780650473935414	0.7315251600325777	34.69889712333679
0.5591269303525207	0.7332278088473938	34.72889709472656
0.5619189046249586	0.736171525480017	34.79889702796936
0.5759839257673994	0.7269127171671136	34.83889698982239
0.571079772421075	0.740989491413212	34.86889719963074
0.569590181206746	0.7181109341760696	34.938897132873535
0.5846601704808032	0.7427365500162333	34.968897104263306
0.5829809894595237	0.7439481307551653	35.068897008895874
0.5563375381812623	0.7262778342368745	35.098896980285645
0.5680825967041315	0.715562728595306	35.13889718055725
0.5736845353163704	0.7432256860793097	35.16889715194702
0.5728559528597222	0.7400234420805999	35.19889712333679
0.5731238144540061	0.7416776521823398	35.23889708518982
0.5443962921664068	0.7397711245514622	35.26889705657959
0.5336888724046995	0.7342801782941913	35.29889702796936
0.5350342069810843	0.7522767243746136	35.33889698982239
0.5326547564551386	0.7878393153538198	35.36889719963074
0.5346308859924597	0.733691033000123	35.438897132873535
0.5376540168263227	0.7397001665131269	35.468897104263306
0.5372544960376708	0.7427392270556746	35.498897075653076
0.5367647539450483	0.7462724767398558	35.5388970375061
0.5303489765404344	0.7097329076289173	35.568897008895874
0.5289599928896831	0.7146933631073344	35.598896980285645
0.5263892724301321	0.6897311695670291	35.63889718055725
0.5321252799843579	0.7210980574004762	35.66889715194702
0.5337721309886766	0.7206357681805547	35.79889702796936
0.5296475779906712	0.7044995094618949	35.83889698982239
0.5302272230773457	0.691267195954984	35.938897132873535
0.5268928912793982	0.6833904577771036	35.968897104263306
0.5309322362914511	0.7108984969504518	35.998897075653076
0.5294947147551209	0.6927911210305381	36.0388970375061
0.5209869451479701	0.7160889751582931	36.098896980285645
0.5212556167280854	0.7125191150162145	36.16889715194702
0.5194388018780112	0.7147373988714794	36.19889712333679
0.5180468803822762	0.7192413635077538	36.26889705657959
0.5168371220134498	0.7101571278466532	36.29889702796936
0.5164404369243323	0.7132484649485873	36.33889698982239
0.5160155108554507	0.7147474268649311	36.36889719963074
0.5165138292370813	0.7161665938273464	36.39889717102051
0.5168471418782051	0.7174529380283798	36.438897132873535
0.5170710557921269	0.7164802980323715	36.468897104263306
0.5159476183908132	0.7153865449098197	36.498897075653076
0.545172084560242	0.7518772276938798	36.568897008895874
0.5387862818380015	0.793963107801015	36.598896980285645
0.5450537351786365	0.7546889479124493	36.66889715194702
0.5436122817863607	0.7471890501347074	36.69889712333679
0.5428608536427334	0.7355557970135423	36.73889708518982
0.5429684108749727	0.7614812577183119	36.76889705657959
0.5409392963903157	0.7513206828928733	36.79889702796936
0.5402763973798719	0.7433633826932113	36.83889698982239
0.5408235983856325	0.7449647316892493	36.86889719963074
0.5354497898588755	0.7287701518410327	36.89889717102051
0.5327910744315992	0.7162664095217426	36.938897132873535
0.5343025699908048	0.7371581696742191	36.968897104263306
0.5355132024679401	0.7268726722716569	36.998897075653076
0.5479513304639541	0.7441607070104627	37.39889717102051
0.5450300723378121	0.7448820197273868	37.438897132873535
0.5367224181124782	0.714822768669721	37.5388970375061
0.5383109071335453	0.7408940089931456	37.568897008895874
0.5393818629326287	0.7444088252780493	37.598896980285645
0.5424381869092895	0.6947457291891369	37.63889718055725
0.5417093699948018	0.6716787687788399	37.66889715194702
0.5427754022784959	0.676666444494238	37.69889712333679
0.5436247762969549	0.683004372421264	37.73889708518982
0.5431968136742531	0.6774890117172567	37.76889705657959
0.5445741012497096	0.6777846793795479	37.79889702796936
0.5464734019925256	0.6873099162050258	37.83889698982239
0.5463091123721648	0.6846312626461898	37.86889719963074
0.5439511719021178	0.6941372087449111	37.938897132873535
0.5388764685418734	0.6845649018172109	37.968897104263306
0.5382585218373769	0.6912961999422689	37.998897075653076
0.5371878656562974	0.687211800868945	38.0388970375061
0.5203703527584655	0.7926986047826805	38.068897008895874
0.5371685861625802	0.6810063507267106	38.098896980285645
0.5367785995582547	0.6819900160702876	38.13889718055725
0.5389434392222676	0.6843620236437417	38.16889715194702
0.5435451533029072	0.6964567914914115	38.19889712333679
0.5434131734172805	0.6905035968378112	38.23889708518982
0.5439162978902377	0.6812552434456977	38.26889705657959
0.5430719621369944	0.6858459794886714	38.29889702796936
0.5452227898806099	0.6899241916626131	38.33889698982239
0.5453753352268397	0.6920740787164125	38.36889719963074
0.5470926413726183	0.6893521038231883	38.39889717102051
0.5473279679602223	0.6868827609914563	38.438897132873535
0.5472560101698667	0.6877301382874289	38.468897104263306
0.5474607618167668	0.6884402893429298	38.498897075653076
0.5478873763497143	0.6884962473351692	38.5388970375061
0.5468120484092558	0.687802073342945	38.568897008895874
0.5459272640316878	0.6884916906684615	38.598896980285645
0.5472317070587762	0.687807416105249	38.63889718055725
0.5453469755256042	0.6877972057779094	38.66889715194702
0.5437220673178317	0.6895107687978977	38.69889712333679
0.5431213677665118	0.6902893949879993	38.73889708518982
0.5263455859943739	0.6851559984546289	38.79889702796936
0.5262637039019058	0.6904175829495524	38.83889698982239
0.5183635377846588	0.729288947379982	38.86889719963074
0.5241951291455884	0.6905431437583007	38.89889717102051
0.5240880764821532	0.6851179177899164	38.998897075653076
0.5353823822851029	0.6964439198079366	39.098896980285645
0.5252870077409886	0.6826939394462003	39.19889712333679
0.5270067913687038	0.693892521981222	39.36889719963074
0.5299118273290289	0.6905617478447685	39.39889717102051
0.5292240777872387	0.6918439307816896	39.438897132873535
0.530197854169463	0.7191160708264528	39.5388970375061
0.5206857212515107	0.7504519586929137	39.76889705657959
0.5551955355961473	0.6837318136887213	39.86889719963074
0.5678073681086495	0.725211331281581	39.89889717102051
0.5411477145854291	0.7456906355933772	39.938897132873535
0.5471165845817856	0.6737309424994862	39.968897104263306
0.5501036896159684	0.6857876727689918	39.998897075653076
0.5465418880755308	0.6625171136892037	40.068897008895874
0.5364135606808677	0.7586432822304191	40.13889718055725
0.5489451630493095	0.676025318934158	40.19889712333679
0.5555700765718861	0.7010415621761267	40.29889702796936
0.5468278038400495	0.6980802548865708	40.36889719963074
0.5486265601748523	0.68771748178818	40.39889717102051
0.5491318519906703	0.6912465354009917	40.438897132873535
0.544423941476095	0.6867786125386572	40.468897104263306
0.5462981619157707	0.7019034321483396	40.498897075653076
0.5478036318020943	0.6959135257905905	40.5388970375061
0.5407376542763236	0.7551533979311776	40.568897008895874
0.5460421780586273	0.7021023243242506	40.598896980285645
0.5446680180794135	0.701066208794776	40.66889715194702
0.5467398611817027	0.7158379045106256	40.69889712333679
0.5465889055117517	0.7087954930746295	40.86889719963074
0.5405347040980838	0.6868633085035647	40.89889717102051
0.5431530578620585	0.7046707352948708	40.938897132873535
0.5405442146837787	0.7075371341129801	40.968897104263306
0.4771183718771033	0.8785964479643115	40.998897075653076
0.5188060340052453	0.6765305629861699	41.068897008895874
0.522414351064088	0.6937940864028553	41.098896980285645
0.5191523056845326	0.6776877837481479	41.13889718055725
0.5190039794765227	0.6787159993561452	41.16889715194702
0.5192927938926205	0.6803512156041063	41.19889712333679
0.518858199696002	0.6789708069663443	41.23889708518982
0.5201988471567175	0.6832026585733278	41.26889705657959
0.5209501214045246	0.6881703273833628	41.29889702796936
0.521213800068732	0.6897720130408449	41.33889698982239
0.521640593724194	0.6932202674915939	41.36889719963074
0.5217170132524458	0.6944364206823602	41.39889717102051
0.5211552014080331	0.6954341696990822	41.438897132873535
0.5200642053790403	0.6963143664543383	41.468897104263306
0.5202195795334287	0.6966468043929361	41.498897075653076
0.5191635689084927	0.6959427563917354	41.5388970375061
0.5186881058433042	0.6946865310810432	41.568897008895874
0.5193035488069649	0.6956624841656407	41.598896980285645
0.5190196362339925	0.6979240035011013	41.63889718055725
0.5213190530943105	0.6899832377333809	41.66889715194702
0.5358291506035338	0.7243468979586603	41.69889712333679
0.5266968228515448	0.7239463333941303	41.83889698982239
0.5182203070848758	0.6867555697010853	41.89889717102051
0.5221914324425024	0.6879445780186496	41.938897132873535
0.5250517375492889	0.7291339139536449	42.068897008895874
0.5269829405614445	0.7117182999092548	42.098896980285645
0.5246791680539116	0.7196954238586194	42.13889718055725
0.5240615800078597	0.7132051431219623	42.16889715194702
0.5237546419036565	0.7164564080894033	42.19889712333679
0.5216198111089491	0.7037252276032266	42.23889708518982
0.5195646171835294	0.7108858325045211	42.29889702796936
0.5184460103635914	0.7096075686662808	42.39889717102051
0.5326845925957042	0.7113083355352905	42.438897132873535
0.5372941273626055	0.728077826753182	42.468897104263306
0.5345581845150957	0.7232418209813836	42.498897075653076
0.5335900961374176	0.7244575733928524	42.5388970375061
0.5316023516900605	0.7166588859336739	42.568897008895874
0.5316226528326319	0.7173067149887059	42.63889718055725
0.5302031882442563	0.7165000983753163	42.66889715194702
0.5292836646499393	0.7175982904296259	42.69889712333679
0.5294741900673885	0.7171627409878899	42.73889708518982
0.5293050260213771	0.713381231175087	42.76889705657959
0.5291808074466688	0.7133040944051381	42.79889702796936
0.5294764446194721	0.712437790743757	42.83889698982239
0.5291540119011143	0.7114734324255465	42.86889719963074
0.5286700293890513	0.7119521324176307	42.89889717102051
0.5281753523462376	0.7148214740518504	42.938897132873535
0.5282926706737604	0.71593796853759	42.968897104263306
0.5342908717524658	0.7415000495689468	43.0388970375061
0.53021563243372	0.7338624218125425	43.068897008895874
0.5339015680206555	0.7436898638753907	43.13889718055725
0.5339589772812242	0.7447057868586382	43.16889715194702
0.5338890523585343	0.7455214752225304	43.19889712333679
0.5340826220458581	0.7444906748030626	43.23889708518982
0.5333384686330027	0.7428652356947663	43.26889705657959
0.5329421034157509	0.7408971304506996	43.29889702796936
0.5329271761322874	0.7374277111375077	43.33889698982239
0.5332376634857727	0.7381088459505595	43.36889719963074
0.5336127350012715	0.7391443278307782	43.39889717102051
0.533540120499731	0.7404820652817741	43.438897132873535
0.5341671448073771	0.742208148466785	43.468897104263306
0.534021521185724	0.7439226577854791	43.498897075653076
0.5343066356788161	0.7452479728007131	43.5388970375061
0.5328712217279518	0.7652625494274697	43.568897008895874
0.5306268232107335	0.7631192691343451	43.598896980285645
0.5333196355150358	0.790608900917221	43.63889718055725
0.5329511137605127	0.7822749592726229	43.66889715194702
0.532736175224652	0.7707836554064909	43.69889712333679
0.5333226004973716	0.7735671609593884	43.73889708518982
0.5304697348073337	0.7742207872917264	43.76889705657959
0.5288808849833183	0.773517629767177	43.79889702796936
0.5275749009121752	0.7754063504215266	43.83889698982239
0.5268045026462381	0.7756979417634533	43.86889719963074
0.5258871757183977	0.7749519367549683	43.89889717102051
0.5255273235401532	0.7719173873753833	43.938897132873535
0.5249128191838728	0.7688505426428068	43.968897104263306
0.524617069853602	0.7680396728196234	43.998897075653076
0.5247796010055372	0.767948223020412	44.0388970375061
0.525806491060963	0.7684870305415238	44.068897008895874
0.525961783069148	0.7692131320781679	44.098896980285645
0.5262474552033711	0.769149262044949	44.13889718055725
0.5265407922178077	0.767814361584725	44.16889715194702
0.54304002895109	0.7771588210819649	44.19889712333679
0.54032788053222	0.7638754053819278	44.23889708518982
0.5431065209319372	0.7873134307590711	44.26889705657959
0.5419628119649562	0.791533794694242	44.29889702796936
0.5437831770053118	0.7802202274151858	44.33889698982239
0.5434216437674908	0.7811680226797754	44.36889719963074
0.5435156283479925	0.7823378461996433	44.39889717102051
0.5428944719763574	0.7833601352631843	44.438897132873535
0.542259245344164	0.7872795406824483	44.468897104263306
0.5420157690925997	0.788752198477555	44.498897075653076
0.5426847759645728	0.7912017498545547	44.5388970375061
0.5420564436250772	0.7906493869541855	44.568897008895874
0.5426980189647077	0.7907964215043028	44.598896980285645
0.543005522317218	0.7906144507823041	44.63889718055725
0.5445160059121797	0.7889647560979264	44.66889715194702
0.5520524035225965	0.7618518587399091	44.73889708518982
0.5533718424421572	0.7721690829189377	44.76889705657959
0.5536499270704759	0.7778210312375375	44.79889702796936
0.5542442143862442	0.7837491791365284	44.83889698982239
0.5548144196866722	0.784816656192052	44.86889719963074
0.5556814817145506	0.7837460924109134	44.89889717102051
0.5566927579924669	0.7849573486834842	44.938897132873535
0.556915191432662	0.7878128980569388	44.968897104263306
0.5565007016682726	0.7914132844423102	44.998897075653076
0.5955229277748179	0.7850184593310561	45.068897008895874
0.5954281987999845	0.7798333621060707	45.098896980285645
0.5945784564626616	0.7790040718187052	45.13889718055725
0.595830581056721	0.778826952173447	45.16889715194702
0.596977700821208	0.7778062625330959	45.19889712333679
0.5982448933409846	0.7768992007358831	45.23889708518982
0.6007344533063966	0.7750215693502507	45.26889705657959
0.6026259658695876	0.7761404986641339	45.29889702796936
0.6058536689915954	0.7753094382494176	45.33889698982239
0.6161597508707756	0.7692453926337528	45.39889717102051
0.6200705632046599	0.7738448527753259	45.438897132873535
0.6250704216443999	0.7847238239031346	45.498897075653076
0.6123749519505676	0.7512176271724729	45.568897008895874
0.6123988500562364	0.7478808820913552	45.598896980285645
0.6105761750269871	0.7615640365295241	45.63889718055725
0.6177063758652218	0.7420118875398487	45.66889715194702
0.6097269575209575	0.7575009740591013	45.69889712333679
0.6095852679228037	0.7682755307844129	45.73889708518982
0.6087900078915627	0.764594499151974	45.76889705657959
0.609468207805985	0.7578588594689976	45.79889702796936
0.6100914288009749	0.7582222997223121	45.83889698982239
0.6151435372131007	0.7577047425592759	45.86889719963074
0.6165705768830538	0.766749136157607	45.89889717102051
0.6133127386581194	0.769215556142028	45.938897132873535
0.6132640432917204	0.78182771111033	45.968897104263306
0.671371677497637	0.7848994395940707	46.0388970375061
0.6615193692224676	0.7842755798467569	46.16889715194702
0.6703613813166233	0.7725794479185443	46.19889712333679
0.6680653061041896	0.7833612219335753	46.23889708518982
0.6722053126649427	0.7657012534530083	46.29889702796936
0.6663810400635818	0.7737035623606766	46.33889698982239
0.6681135111626233	0.7775483413090863	46.36889719963074
0.6673493336767857	0.7803662226687472	46.39889717102051
0.6544834723552899	0.7833110365844298	46.498897075653076
0.6313186997901934	0.7796069901489675	46.5388970375061
0.628309117309518	0.7925276536394391	46.568897008895874
0.6298682382619495	0.788661854749255	46.598896980285645
0.6324242559100216	0.786459208679307	46.63889718055725
0.6246830287786802	0.7855137395314683	46.66889715194702
0.623854887903944	0.7809182059147346	46.69889712333679
0.6224066133585232	0.7811435395798156	46.73889708518982
0.6214052547133904	0.7852025781812302	46.76889705657959
0.6201780709846583	0.7856150647563455	46.79889702796936
0.6205374512742626	0.7840355506037056	46.83889698982239
0.6203670653141595	0.7839206086742817	46.86889719963074
0.6374427920129949	0.8175600232658956	46.89889717102051
0.6342641097098267	0.792220897034238	46.968897104263306
0.6345871890030923	0.7939943927454352	46.998897075653076
0.6341120622791452	0.7950167219193655	47.0388970375061
0.6334145354990063	0.793762837604934	47.068897008895874
0.6324740188666446	0.7962421532314538	47.098896980285645
0.6310338246262599	0.7964304018010374	47.13889718055725
0.6299509721410549	0.7997182079497986	47.16889715194702
0.6289292136381215	0.8004561170970921	47.19889712333679
0.6287806096968652	0.7970565844258355	47.23889708518982
0.6344919830383553	0.788030816629893	47.26889705657959
0.636798916031066	0.7920689340554833	47.29889702796936
0.6376132615296882	0.7904404570648212	47.33889698982239
0.6379556324368129	0.7886972223751169	47.36889719963074
0.6377536768751895	0.7892073982554094	47.39889717102051
0.6381847811982928	0.7876454457436222	47.438897132873535
0.6380925761414918	0.7856990014238536	47.468897104263306
0.6387234226023617	0.7833052801980672	47.498897075653076
0.6391375880903037	0.7799978080723766	47.5388970375061
0.6396617345335749	0.7796966157104674	47.568897008895874
0.6393046325140763	0.7801072566277081	47.598896980285645
0.6387440204965749	0.7787110481833917	47.63889718055725
0.6388140111325313	0.7783915012204344	47.66889715194702
0.6387582739184061	0.7764225539246803	47.69889712333679
0.6390403750598492	0.7749908429798853	47.73889708518982
0.6406849639460592	0.7775897471886765	47.76889705657959
0.6409029490356518	0.7758026185640036	47.79889702796936
0.6410872875203669	0.7768788879479226	47.83889698982239
0.6414425379638697	0.7758309396133817	47.86889719963074
0.6419147930962488	0.7791216576864227	47.89889717102051
0.6417782353776773	0.7796671187567269	47.938897132873535
0.6421236300209953	0.7796858206909232	47.968897104263306
0.642090706400004	0.7808269634613509	47.998897075653076
0.6421609389998632	0.7826934161363092	48.0388970375061
0.6417976373443978	0.7815592859706486	48.068897008895874
0.641256697897863	0.7819844300155359	48.098896980285645
0.6405876718341298	0.7822706263511046	48.13889718055725
0.6401981485268713	0.7843630794586891	48.16889715194702
0.639630959759542	0.784629513450272	48.19889712333679
0.639207102370861	0.7839456493446888	48.23889708518982
0.6398284284076478	0.7843201131755133	48.26889705657959
0.6401126212898138	0.7816420955763933	48.29889702796936
0.6406434739086919	0.7840646649402602	48.33889698982239
0.6414740077232399	0.781768358650882	48.36889719963074
0.6418713472360718	0.783069697328409	48.39889717102051
0.6414470292761453	0.7826768372568482	48.438897132873535
0.6427017526110849	0.784820840119048	48.468897104263306
0.6399805995986899	0.7859984232643515	48.498897075653076
0.6262573318029555	0.8181355616819774	48.5388970375061
0.6204281563377271	0.828839241632215	48.568897008895874
0.6284539365677404	0.7992161349882995	48.598896980285645
0.628450935423546	0.8010513347771874	48.63889718055725
0.6280752090886972	0.8066520984764468	48.66889715194702
0.6288624609303302	0.804046733834487	48.69889712333679
0.6295692487531377	0.8035283094447448	48.73889708518982
0.6444856879605475	0.7787589665715218	48.83889698982239
0.6445144870424948	0.7808188314264483	48.86889719963074
0.6441131914363882	0.7827201015297475	48.89889717102051
0.6440626326407093	0.7829946906934384	48.938897132873535
0.6438466741455747	0.7845654013530646	48.968897104263306
0.6445190485654795	0.7834333601302403	48.998897075653076
0.6460585743753952	0.7857409249897639	49.0388970375061
0.6462272382246903	0.7861545392576516	49.068897008895874
0.6554133224680851	0.7876265788077481	49.098896980285645
0.654305216531769	0.7885445254637311	49.13889718055725
0.6552663794191348	0.7896962399767115	49.16889715194702
0.6567226113546931	0.7925007376100955	49.19889712333679
0.6565759938645959	0.7934370124335342	49.23889708518982
0.6558620936685078	0.7926496485872947	49.26889705657959
0.656650089857616	0.7931923061695823	49.29889702796936
0.6566868015560581	0.7962997273584177	49.33889698982239
0.6558222524952099	0.799709020380889	49.36889719963074
0.6549165604564866	0.7990103274938961	49.39889717102051
0.6541343553247138	0.8002877731100672	49.438897132873535
0.6546780373508126	0.7979396234331864	49.468897104263306
0.6552526434767092	0.7966537368915855	49.498897075653076
0.6558196114099555	0.7961895929016721	49.5388970375061
0.6563088174653421	0.7939344897466104	49.568897008895874
0.6563617182787029	0.7917070314155386	49.598896980285645
0.6556672932164668	0.7931215346925822	49.63889718055725
0.6557774398269208	0.7910420904651004	49.66889715194702
0.6556855901870066	0.7886329960469726	49.69889712333679
0.6550624469195857	0.7882186850826994	49.73889708518982
0.6562630472821392	0.78714465033653	49.76889705657959
0.6570534752076707	0.7874034073081668	49.79889702796936
0.6573675332174155	0.7878058579518509	49.83889698982239
0.6577902227197114	0.7881664566960533	49.86889719963074
0.6582656064279735	0.7887168646336674	49.89889717102051
0.6669258602630841	0.7917699272251966	49.938897132873535
0.6723527297759717	0.788122461523264	49.998897075653076
0.674263983201809	0.7890110445448826	50.0388970375061
0.6729990485281956	0.7928651145591235	50.068897008895874
0.6725603820028375	0.7943715264788117	50.098896980285645
0.6720038352656232	0.796202804846221	50.13889718055725
0.6714352450129878	0.7973776983637908	50.16889715194702
0.6694073329586733	0.7966741115326201	50.19889712333679
0.6681442136184311	0.7944706455961527	50.23889708518982
0.6665586133095981	0.7927212414985411	50.26889705657959
0.665353188165112	0.7916160206542208	50.29889702796936
0.6648214121060271	0.78890595047506	50.33889698982239
0.6659876130917673	0.786761724003001	50.36889719963074
0.6668196187617056	0.7852382799354004	50.39889717102051
0.6671919748387891	0.7806135503046167	50.438897132873535
0.6674199464066033	0.7807026707385252	50.468897104263306
0.6685919827249185	0.780577264595305	50.498897075653076
0.6697029053655125	0.7824314768898551	50.5388970375061
0.6842954893962916	0.7845581297738105	50.568897008895874
0.6875124665794757	0.8215035293036633	50.63889718055725
0.6875655531998983	0.7994867890214453	50.66889715194702
0.6859253677553099	0.7908070117778091	50.69889712333679
0.6835165474259626	0.825314026423875	50.73889708518982
0.692483637451904	0.7861503046156603	50.76889705657959
0.6748851848933719	0.770260398637259	50.79889702796936
0.6727637696776242	0.8183785087108401	50.938897132873535
0.6848319421507176	0.7897555001309372	50.968897104263306
0.6792919830301534	0.7866841760605247	50.998897075653076
0.679200962339066	0.7897311104849615	51.0388970375061
0.678013226398074	0.7945621154568123	51.068897008895874
0.6769963670208043	0.794601671915943	51.098896980285645
0.6760277230751518	0.7953351211578807	51.13889718055725
0.6760631456241113	0.7937794220077152	51.16889715194702
0.6921403785146348	0.8030792126379327	51.23889708518982
0.698869894632712	0.7958992652633367	51.26889705657959
0.6917649625585658	0.792193927595118	51.29889702796936
0.6871226664895199	0.7700494956652294	51.33889698982239
0.7002662689625513	0.7375298671972131	51.36889719963074
0.6877848691506931	0.7910888581523008	51.438897132873535
0.6920474703564236	0.8101527945485562	51.468897104263306
0.6869730591201068	0.798073057341706	51.498897075653076
0.6928669567376479	0.8212249358147877	51.568897008895874
0.6906973936389391	0.788356331088766	51.598896980285645
0.6946959235705149	0.8072757916409928	51.63889718055725
0.6988306731073647	0.7976288230267695	51.66889715194702
0.6968976875207686	0.7991156226752641	51.69889712333679
0.6963747163273902	0.7977991603681573	51.73889708518982
0.6962433674492786	0.7967444496240496	51.76889705657959
0.6966663667629984	0.7944984140052812	51.79889702796936
0.6968769575433353	0.7931866563116124	51.83889698982239
0.6971557536171774	0.79413856309394	51.86889719963074
0.697022805217615	0.7939966220067528	51.89889717102051
0.6964491972210634	0.7948474265892954	51.938897132873535
0.6966725546489809	0.7963732818628506	51.968897104263306
0.6963111096808391	0.7979779817056314	51.998897075653076
0.6967923488996924	0.7973561334614279	52.0388970375061
0.69318635577918	0.793676217210398	52.068897008895874
0.6835295046280914	0.8003356013212708	52.098896980285645
0.6847730201394894	0.7869028794024451	52.13889718055725
0.6857118117780244	0.7861509893147108	52.16889715194702
0.685456921679046	0.7863012513440546	52.19889712333679
0.6853486522955671	0.7892923335167907	52.23889708518982
0.6855162283565551	0.7887262897950255	52.26889705657959
0.6846364524652753	0.7896879168593479	52.29889702796936
0.6840629962627557	0.7896534136393105	52.33889698982239
0.6841674508115327	0.7894221946151526	52.36889719963074
0.6849109763167466	0.7878787147061759	52.39889717102051
0.6849579192184828	0.7871730165934778	52.438897132873535
0.6858526102832165	0.7895771632221755	52.468897104263306
0.6852974255685309	0.7914118694562156	52.498897075653076
0.6854622874429267	0.7947466399403295	52.5388970375061
0.6869756062526979	0.7930118961400306	52.568897008895874
0.686742261078845	0.7963688722472143	52.598896980285645
0.6869753052156871	0.7978755265420582	52.63889718055725
0.6865792015997817	0.7974011054764898	52.66889715194702
0.6862579193915959	0.8020368989584855	52.69889712333679
0.6861049399156188	0.8025068096930136	52.73889708518982
0.6855193304074477	0.8023948316193239	52.76889705657959
0.7017011004901372	0.7602419036239597	52.79889702796936
0.6982982138924201	0.7616495823641882	52.83889698982239
0.6958462504221072	0.7648806894838258	52.86889719963074
0.693624519082569	0.7671810140849495	52.89889717102051
0.6926489060123717	0.7686950318107224	52.938897132873535
0.6904767713197252	0.7692393227043525	52.968897104263306
0.6889489469608018	0.7706527860364565	52.998897075653076
0.68817551031597	0.7732176707737128	53.0388970375061
0.6809401339976526	0.7607165501099122	53.068897008895874
0.6537297861695343	0.7523406704399245	53.13889718055725
0.6583752193954497	0.746495027868102	53.16889715194702
0.6574973150325976	0.7333179793548671	53.19889712333679
0.6597210239691376	0.7478590626427607	53.23889708518982
0.6936877536167417	0.7469161477373848	53.29889702796936
0.7022384413087633	0.7408326470415458	53.33889698982239
0.6969443649422024	0.7432356705907047	53.36889719963074
0.7199918043042597	0.7430926837683117	53.39889717102051
0.717152584012379	0.7409312660400013	53.438897132873535
0.7208353634148132	0.7671937836785266	53.468897104263306
0.7359866352046535	0.7639839306441742	53.568897008895874
0.72608750921928	0.7482932968357696	53.598896980285645
0.7298370989683246	0.7697455756066921	53.63889718055725
0.7305754510635645	0.7555034664531158	53.66889715194702
0.7297474884525674	0.7520122963622339	53.73889708518982
0.7296140771025061	0.7505444569477755	53.76889705657959
0.7220661243017396	0.7568667496746089	53.938897132873535
0.7196742289992929	0.7629659640973677	54.0388970375061
0.7205285814986189	0.7878026931721486	54.068897008895874
0.7220067269572187	0.7647338753905595	54.16889715194702
0.7075777496034339	0.7664111403947879	54.26889705657959
0.5695249509479505	1.0548826861066178	54.468897104263306
0.5732392507694467	1.0333357041655833	54.498897075653076
0.3979644188043978	1.1549272270983033	54.69889712333679
0.6883036657052445	0.5296448523911944	55.598896980285645
