COORDENADA X	 COORDENADA Y	 TEMPO
0.4323559243828279	0.190150157199274	0.034705400466918945
0.4326145450885605	0.1890108049596137	0.06470537185668945
0.43273333209666165	0.18953536455964864	0.1047053337097168
0.4325775110360637	0.18791463703883873	0.1347053050994873
0.43174625114455495	0.18852062198557207	0.1647052764892578
0.48136764530003057	0.2616899898804657	0.20470523834228516
0.5966265310396258	0.6265827747958438	0.2447052001953125
0.5848394312422447	0.6583296572647614	0.3247053623199463
0.579883333094429	0.6589912322939346	0.3847053050994873
0.5596873075697393	0.6948042809529668	0.4147052764892578
0.5558777717356793	0.698808269825597	0.4347052574157715
0.5520889058452974	0.7040158416363806	0.464705228805542
0.5494161329327952	0.7037871647160763	0.4947052001953125
0.5484762147925776	0.7058821587743559	0.5247054100036621
0.5477230281280984	0.7043576230140498	0.5647053718566895
0.7622813834798626	0.7250495206646306	0.6247053146362305
0.7609030657794039	0.7264970205734752	0.6647052764892578
0.7577082134822356	0.7277917898129767	0.6947052478790283
0.7557824898864882	0.727923026632341	0.7247052192687988
0.7532507921684739	0.7277239302042199	0.7647054195404053
0.7106064539084262	0.7099906533216088	0.7947053909301758
0.7067840819068961	0.705755477483963	0.8347053527832031
0.7050840788559596	0.7075291488490522	0.8647053241729736
0.7013169333454955	0.7055565875188416	0.8947052955627441
0.6589012269029483	0.698980903923653	0.9247052669525146
0.6565484705742407	0.6979377455528283	0.964705228805542
0.656945507698466	0.6965216027266796	0.9947052001953125
0.6572640008874308	0.6977094292887533	1.034705400466919
0.6567764212832107	0.6996393825234294	1.0647053718566895
0.6550774561239596	0.7014108182419939	1.09470534324646
0.6560079616531634	0.6967338815824393	1.1247053146362305
0.6539477451337724	0.6982496390210771	1.1647052764892578
0.6529666517315562	0.696834604203901	1.1947052478790283
0.6532583201822193	0.6949057254425401	1.2347052097320557
0.6534480557862622	0.6826655179376525	1.2647054195404053
0.6307055399867685	0.4850120955820323	1.2947053909301758
0.6355002244057321	0.4859587068314128	1.3247053623199463
0.6367266697998584	0.4849428292734277	1.3647053241729736
0.6360891998300063	0.48591807016881194	1.3947052955627441
0.6341732016003707	0.48421045653493033	1.4247052669525146
0.6347229044642323	0.485596256993339	1.464705228805542
0.635077072796993	0.48693494529272724	1.4947052001953125
0.6562517167297974	0.49560220257098925	1.524705410003662
0.6606048653083461	0.3092394749078723	1.5647053718566895
0.6608278403997778	0.3076368561058201	1.59470534324646
0.660493549221167	0.30878380490370333	1.6347053050994873
0.6590690564902298	0.3087436539573963	1.6647052764892578
0.6582442832745105	0.3089860923442669	1.6947052478790283
0.65772782175017	0.3072750905600402	1.7347052097320557
0.6564972145372449	0.3081569775329485	1.7647054195404053
0.656778321485147	0.3073582694536778	1.7947053909301758
0.656691109869258	0.30867245580582925	1.8347053527832031
0.6555914014993921	0.30892178446299917	1.8647053241729736
0.6693601658303873	0.2938368532657642	1.8947052955627441
0.6829014283633618	0.2749257099025664	1.9347052574157715
0.68138978845001	0.27379944546056106	1.964705228805542
0.6804919260040904	0.2736240966040044	1.9947052001953125
0.6796942520133168	0.275069645573166	2.034705400466919
0.6784709301430888	0.2761218844635425	2.0647053718566895
0.6829653118505161	0.27535642525949144	2.09470534324646
0.7304869251738634	0.28638994457702827	2.1347053050994873
0.7267774326696199	0.2848119833491549	2.164705276489258
0.7243547638247405	0.2862103455823331	2.1947052478790283
0.7233212830472823	0.28581378851243294	2.2347052097320557
0.7220525449006233	0.2865747852165181	2.2647054195404053
0.7218940618781163	0.28613910091916284	2.294705390930176
0.7207583418179334	0.28575572633368834	2.334705352783203
0.7208348870463761	0.2855011734618289	2.3647053241729736
0.7213436416933938	0.28598429242375745	2.394705295562744
0.7280324068180581	0.2852128253609996	2.4347052574157715
0.7642158858892517	0.30754186550313395	2.464705228805542
0.7618025278607765	0.30564694686292104	2.4947052001953125
0.7626007229429292	0.3065028799986204	2.534705400466919
0.7621610878555977	0.30662231983031596	2.5647053718566895
0.7617631164866536	0.30677923843908356	2.59470534324646
0.7618525870660682	0.30717273616540103	2.6347053050994873
0.7623244207238227	0.3083034148102901	2.664705276489258
0.762282029965984	0.3089822346401645	2.6947052478790283
0.7619595517499314	0.3092075761823409	2.7347052097320557
0.7620811355497066	0.31086351860392175	2.7647054195404053
0.7632214181138234	0.3114584523123587	2.794705390930176
0.8052084271565308	0.3562819614867373	2.834705352783203
0.8026286033494423	0.3563839873350586	2.8647053241729736
0.8023348597058721	0.35870110336486305	2.894705295562744
0.8026588735728302	0.36006446447824614	2.9347052574157715
0.8022618407874819	0.36070525856077096	2.964705228805542
0.8015216739554157	0.36287500574669385	2.9947052001953125
0.8012476902044733	0.3646143468231664	3.034705400466919
0.8015316267652556	0.36481605832807257	3.0647053718566895
0.8085219467942525	0.37135784021424395	3.09470534324646
0.824603979016881	0.4047405270017726	3.1347053050994873
0.822867684240258	0.4008651205383672	3.164705276489258
0.8215051148854922	0.4029099181717864	3.1947052478790283
0.8204039345430676	0.40354215591430803	3.2347052097320557
0.8201917544869188	0.40523554022200775	3.2647054195404053
0.8167514525083329	0.4047516182242592	3.294705390930176
0.816679067124534	0.4059971246671915	3.334705352783203
0.8159042371668223	0.4049336147505212	3.3647053241729736
0.8155787843988921	0.4054086432358772	3.394705295562744
0.8413880213282727	0.45554908817660117	3.4347052574157715
0.8409294372998538	0.4582668605933706	3.464705228805542
0.8392312657231015	0.460258031731667	3.4947052001953125
0.8384043537438151	0.4603693347086656	3.534705400466919
0.8383713501196993	0.45966017367794787	3.5647053718566895
0.837607970295101	0.4600427264088056	3.59470534324646
0.8377661155032299	0.4594484584333755	3.6347053050994873
0.8370176346297705	0.4578146974165478	3.664705276489258
0.8366333990419782	0.4576305061289079	3.6947052478790283
0.8376371603314621	0.4575011065609233	3.7347052097320557
0.8377328238899936	0.4562768248242838	3.7647054195404053
0.8387722215960376	0.4560650605757417	3.794705390930176
0.8390647926768307	0.45520706152076007	3.834705352783203
0.832107190571545	0.4981584744559345	3.8647053241729736
0.8319982809765476	0.5070265722313361	3.894705295562744
0.8312179425563551	0.5116716861550225	3.9347052574157715
0.8300310364378632	0.5121426941888382	3.964705228805542
0.8291661084990319	0.5127361588029388	3.9947052001953125
0.8284665136925479	0.5121661147894553	4.034705400466919
0.8285085228488196	0.5127394878263576	4.0647053718566895
0.8282894133353161	0.5122089120729311	4.09470534324646
0.8283392951642188	0.5117956474745087	4.134705305099487
0.8257474709395448	0.5105352758541538	4.164705276489258
0.8045397294041479	0.5238784172275989	4.194705247879028
0.8042133575485411	0.5222672717791274	4.234705209732056
0.803872631266302	0.5226426493946326	4.264705419540405
0.8039977029115816	0.521646150753778	4.294705390930176
0.7817912329981236	0.5293548061268392	4.334705352783203
0.7785228774650235	0.5300761180126027	4.364705324172974
0.7772696561313108	0.5328814013544654	4.394705295562744
0.7767466686439185	0.5325565784544308	4.4347052574157715
0.776114704312651	0.5340072324097226	4.464705228805542
0.7770060984288493	0.5320079408267865	4.4947052001953125
0.7769767224684898	0.5336202538759207	4.534705400466919
0.7733031072776606	0.5344932653306237	4.5647053718566895
0.7440731298031933	0.511516333202657	4.59470534324646
0.7447356557825251	0.509477549654173	4.634705305099487
0.7439944460270155	0.5149350002052584	4.664705276489258
0.7443491597084249	0.5157932718023398	4.694705247879028
0.7444100440683769	0.51747491905798	4.734705209732056
0.7446805918402439	0.5178486743093621	4.764705419540405
0.7449787490750669	0.5212282686763328	4.794705390930176
0.7460200254797934	0.5205447374109597	4.834705352783203
0.7450783050704113	0.5220059958403773	4.864705324172974
0.7446367460574558	0.5207032627886626	4.894705295562744
0.7441129525279102	0.5198593913988038	4.9347052574157715
0.7446731627449585	0.5209262551981573	4.964705228805542
0.7444750276795262	0.5194598141604254	4.9947052001953125
0.7447382253880334	0.5203151802694144	5.034705400466919
0.7444548868143014	0.5207049894769844	5.0647053718566895
0.7437947033027762	0.5199568698588503	5.09470534324646
0.7083579537368084	0.4906765480903525	5.134705305099487
0.7072155756553036	0.4890648249303307	5.164705276489258
0.7071614544930956	0.4914061862075721	5.194705247879028
0.7071296871370154	0.492250082933864	5.234705209732056
0.7073954566639136	0.49388364632706716	5.264705419540405
0.7066571694733155	0.49475475957182763	5.294705390930176
0.7072987917361301	0.49568529020092394	5.334705352783203
0.7079713695268246	0.49446581368743314	5.364705324172974
0.7081912972639091	0.4950107386839309	5.394705295562744
0.705402665785983	0.4942955015243607	5.4347052574157715
0.6760606144647104	0.4933451009896957	5.464705228805542
0.6761100115164375	0.48936105183287926	5.4947052001953125
0.676674616897392	0.4904332526899806	5.534705400466919
0.6762477669109339	0.4925716763717679	5.5647053718566895
0.6765241247355042	0.49287308564616467	5.59470534324646
0.6771473417605459	0.4947919680598727	5.634705305099487
0.6767277758647736	0.4956557600876336	5.664705276489258
0.653715523206789	0.5040147118289487	5.694705247879028
0.6541957064947105	0.5050839142350597	5.734705209732056
0.653819703411296	0.5066323827420232	5.764705419540405
0.6527882480398309	0.5077656363440048	5.794705390930176
0.65206645450703	0.5067196726988561	5.834705352783203
0.6516174721979009	0.5086811037844263	5.864705324172974
0.6519792017212886	0.5110863457626195	5.894705295562744
0.652026664393948	0.5116655830729624	5.9347052574157715
0.6270014982860309	0.5065523115957873	5.964705228805542
0.6259552138026085	0.5085683033819178	5.9947052001953125
0.6241037617460568	0.5120588120320162	6.034705400466919
0.6235976278526522	0.514814858935592	6.0647053718566895
0.6231390304615229	0.5167896978369153	6.09470534324646
0.6103575647539562	0.5098845518633429	6.134705305099487
0.5985120047095668	0.49970102539157385	6.164705276489258
0.5975124939320867	0.5008983011932274	6.194705247879028
0.5962640440836909	0.503413305695305	6.234705209732056
0.5968327718558771	0.5064516445148781	6.264705419540405
0.5989758880383332	0.5073428120114882	6.294705390930176
0.6008504186055565	0.5087732972819912	6.334705352783203
0.601231692516627	0.5091561677401708	6.364705324172974
0.5971184516094606	0.50919308145322	6.394705295562744
0.5793822327317348	0.49131151155584085	6.4347052574157715
0.5798660059802917	0.49122430271144124	6.464705228805542
0.5782888890621929	0.4926783687428198	6.4947052001953125
0.578665714670412	0.494072761010761	6.534705400466919
0.5790036416130742	0.4948457124199579	6.5647053718566895
0.5792965562536792	0.4952964953005721	6.59470534324646
0.5799013022634053	0.4952539680579335	6.634705305099487
0.5676249246666563	0.4718730619016342	6.664705276489258
0.5645439459578134	0.465319634806016	6.694705247879028
0.5646906780944496	0.46623106186089774	6.734705209732056
0.5637267740935431	0.4682077857613198	6.764705419540405
0.5626512501122763	0.46661087976657717	6.794705390930176
0.563202774238558	0.46687634871249184	6.834705352783203
0.5636513527186741	0.46710146401191854	6.864705324172974
0.5648118699701473	0.4677874795973229	6.894705295562744
0.5640662166779546	0.46836312971271915	6.9347052574157715
0.5634704453593035	0.4699063228549109	6.964705228805542
0.5623407770561462	0.4703401514357624	6.9947052001953125
0.562048789512728	0.47129687834666023	7.034705400466919
0.5620018688943167	0.4713070557136994	7.0647053718566895
0.561221250885486	0.4720354129724689	7.09470534324646
0.5712255171147418	0.43167843541957895	7.134705305099487
0.5709065738103092	0.4275421394702707	7.164705276489258
0.5712075754674966	0.42723910875189525	7.194705247879028
0.5700272583741854	0.42718312434269545	7.234705209732056
0.5706271923963188	0.4260954213856075	7.264705419540405
0.5707539697015114	0.4239704429067329	7.294705390930176
0.5707138956196011	0.4241889291895933	7.334705352783203
0.5717407578211462	0.42455140750536174	7.364705324172974
0.5711979241832816	0.4241943753144422	7.394705295562744
0.5716399318629551	0.4236591627738754	7.4347052574157715
0.572220304473879	0.4231434370789831	7.464705228805542
0.5813892362008812	0.3762015167148032	7.4947052001953125
0.5822863446090332	0.37773681627160893	7.534705400466919
0.583546933049208	0.37740967299307304	7.5647053718566895
0.5839897826379724	0.3774614535304378	7.59470534324646
0.5841477422704483	0.3770455345335814	7.634705305099487
0.5829874051332664	0.3744696771261495	7.664705276489258
0.5835981220060454	0.3724877317865389	7.694705247879028
0.5829771262857377	0.3695095576882982	7.734705209732056
0.5833952798579616	0.36824495407682173	7.764705419540405
0.5829482441221895	0.36788252687955125	7.794705390930176
0.5830391950607586	0.36815142133988965	7.834705352783203
0.5843829152979138	0.36679611721757144	7.864705324172974
0.6124635501482534	0.3200638655963936	7.894705295562744
0.6109123516654085	0.3187811509799816	7.9347052574157715
0.6099029639264487	0.31848205708705785	7.964705228805542
0.6094039578173267	0.31808292182787146	7.9947052001953125
0.6093127644041552	0.31854504791755367	8.034705400466919
0.6090010480176239	0.316466996268227	8.06470537185669
0.6082271640323326	0.3159397780180724	8.09470534324646
0.6080701134264092	0.3162106935412239	8.134705305099487
0.6085091562088262	0.31457462775258477	8.164705276489258
0.6093421228057901	0.3151692214824468	8.194705247879028
0.6098583773425973	0.31506273999227175	8.234705209732056
0.6103799465323105	0.31586222280372594	8.264705419540405
0.6292118999837455	0.28114125663613027	8.294705390930176
0.6284754130063809	0.27737454128569256	8.334705352783203
0.6282955282044488	0.2762463960387621	8.364705324172974
0.626723256957342	0.2767940508908441	8.394705295562744
0.6255014727756906	0.27808936837163284	8.434705257415771
0.6257099370158911	0.2770061492071353	8.464705228805542
0.6254805365011842	0.2775187626834582	8.494705200195312
0.6263603283519137	0.27925516904003245	8.534705400466919
0.6252828958140361	0.28002291394837747	8.56470537185669
0.629474547632067	0.28928627865100714	8.59470534324646
0.6422331847581213	0.31596811825474896	8.634705305099487
0.6413496719143621	0.3123430466335289	8.664705276489258
0.6411452129432146	0.31531566823041984	8.694705247879028
0.6400982935918889	0.31480864696967054	8.734705209732056
0.6397697096690321	0.31665806228509197	8.764705419540405
0.6391586430972385	0.3186822960458471	8.794705390930176
0.6394344991666281	0.3190329797174865	8.834705352783203
0.6394054322299162	0.32030740975138206	8.864705324172974
0.6386815358216751	0.3209805133735405	8.894705295562744
0.6350292459782815	0.32162847186527893	8.934705257415771
0.6093180543064077	0.3497333676183295	8.964705228805542
0.6088350495203974	0.348513053705323	8.994705200195312
0.6074979585488699	0.3497205195776622	9.034705400466919
0.6066750881624279	0.3503083649723135	9.06470537185669
0.6064341775227576	0.35046963049701546	9.09470534324646
0.6512495246140142	0.31171619477897017	9.134705305099487
0.6476200842074321	0.316911758132119	9.164705276489258
0.64761156333979	0.3154457914744411	9.194705247879028
0.6479727800182875	0.3142931265514233	9.234705209732056
0.6479402632753188	0.3131477442870394	9.264705419540405
0.647651856624027	0.3124635919673307	9.294705390930176
0.6483227616125676	0.3132246596764	9.334705352783203
0.6494525071482299	0.3141956971160662	9.364705324172974
0.6494736157205839	0.31336102689259104	9.394705295562744
0.6495305014205794	0.3133394378483225	9.434705257415771
0.6495729730861056	0.3142085822792868	9.464705228805542
0.6492945595492722	0.31390507975672544	9.494705200195312
0.6484060856698132	0.31553309163799725	9.534705400466919
0.6322517356258783	0.3361394146283747	9.56470537185669
0.6317846839052536	0.3374226839122711	9.59470534324646
0.629777322314674	0.33905841211407567	9.634705305099487
0.6286153830767479	0.33918945821637114	9.664705276489258
0.6274040385859984	0.34110707983783667	9.694705247879028
0.6258058520446143	0.341249026928084	9.734705209732056
0.6242435724938551	0.34127339896917896	9.764705419540405
0.6218564358430619	0.3437681396125304	9.794705390930176
0.6060230021418567	0.37334198583846223	9.834705352783203
0.604719882555381	0.3729284680633322	9.864705324172974
0.6044791246328145	0.37693081971678605	9.894705295562744
0.6039828527317505	0.3775530170649927	9.934705257415771
0.6045613190552148	0.37828418347752374	9.964705228805542
0.6044334713260053	0.37875583473092167	9.994705200195312
0.6046803435978073	0.38030247269037204	10.034705400466919
0.6038100772078469	0.3820216684444516	10.06470537185669
0.6027041795869342	0.38296595809082334	10.09470534324646
0.5921595077544477	0.40888693353226624	10.134705305099487
0.5915850693605551	0.4068252076145724	10.164705276489258
0.5911325020829715	0.407745953124946	10.194705247879028
0.5902081787272431	0.40835575086404635	10.234705209732056
0.5896004441984931	0.40993269946010874	10.264705419540405
0.5897776742459462	0.40986548225573327	10.294705390930176
0.589422441366323	0.4087883734724459	10.334705352783203
0.5898864845117617	0.40862601975010815	10.364705324172974
0.5900343470762953	0.4083134858386632	10.394705295562744
0.5902197758100522	0.40760053981418776	10.434705257415771
0.5904535077242207	0.40643676724235245	10.464705228805542
0.5908120485575858	0.40584913278109996	10.494705200195312
0.591077328448323	0.4086924820855239	10.534705400466919
0.5910497556709577	0.40784316417907873	10.56470537185669
0.5814908571799499	0.4331452786975399	10.59470534324646
0.5815894614977719	0.43555720772215256	10.634705305099487
0.581490148575983	0.43866987992368867	10.664705276489258
0.5816081313547109	0.4399331588373696	10.694705247879028
0.5811956862005795	0.44305275339335365	10.734705209732056
0.5807990678395257	0.4435212650824735	10.764705419540405
0.5810201970133256	0.44379571864047035	10.794705390930176
0.5797048283861274	0.44475628915442705	10.834705352783203
0.5802222730702338	0.44425368034876783	10.864705324172974
0.579682034854478	0.44468235478614315	10.894705295562744
0.5795827688823336	0.4463740929264342	10.934705257415771
0.5826582354641162	0.47224819066562385	10.964705228805542
0.58198382982046	0.47343881509837693	10.994705200195312
0.581997170361008	0.4740298129010944	11.034705400466919
0.5829011121373947	0.4743520814390549	11.06470537185669
0.5828213065142328	0.47501658586377465	11.09470534324646
0.5828044671481145	0.4768612654167799	11.134705305099487
0.5828376370375357	0.47773323511231486	11.164705276489258
0.5831588675016544	0.4793182684291123	11.194705247879028
0.5826357962651261	0.47977257877095775	11.234705209732056
0.5822432623138593	0.4796261658786471	11.264705419540405
0.5912503541320181	0.4735675729128544	11.294705390930176
0.6227087454643991	0.49453768041089813	11.334705352783203
0.6208819778202987	0.49172088715736145	11.364705324172974
0.6203417045195303	0.4939894017827503	11.394705295562744
0.6202323165771968	0.4953813897002927	11.434705257415771
0.6198887769966923	0.49510352105155675	11.464705228805542
0.6183788015437004	0.49545442853370714	11.494705200195312
0.6190349337985802	0.49375714452398933	11.534705400466919
0.6189682904348178	0.49296092222763943	11.56470537185669
0.620788625909591	0.49163928524858663	11.59470534324646
0.6504233866981621	0.4930695491009619	11.634705305099487
0.6484555354797321	0.49076485053664515	11.664705276489258
0.6471340100133656	0.4929077284936923	11.704705238342285
0.6466035799569234	0.4934157710110018	11.734705209732056
0.6460574295625451	0.4940464920529451	11.764705419540405
0.6452149775626905	0.494734663568263	11.794705390930176
0.6457489397436831	0.4941909148674547	11.834705352783203
0.6461530431818948	0.4926202783240153	11.864705324172974
0.6462865442275019	0.4917140020840903	11.904705286026001
0.6838701367405315	0.46670205479623594	11.934705257415771
0.6828466001460395	0.4621107007433663	11.964705228805542
0.6826680473028738	0.4620689802531203	12.004705429077148
0.683193831145281	0.464294501857062	12.034705400466919
0.6838954935888337	0.46385884695226515	12.06470537185669
0.6842220292673246	0.4644927688243731	12.104705333709717
0.6842021628326591	0.46509924340418346	12.134705305099487
0.683725625285025	0.46484041507854396	12.164705276489258
0.6840680909368106	0.46596094878112526	12.204705238342285
0.6833211582966277	0.46673518426142707	12.234705209732056
0.6837844802741484	0.4676961251336707	12.264705419540405
0.6832344125125396	0.46846030255759896	12.304705381393433
0.6835219415547056	0.4700011677813792	12.334705352783203
0.6840034155804138	0.47041003296961287	12.364705324172974
0.6841471700651771	0.472194510687974	12.404705286026001
0.6844906328511696	0.47275532633707523	12.434705257415771
0.6832964460317936	0.4736844107476909	12.464705228805542
0.6820503690660172	0.47443980812602393	12.504705429077148
0.6816047163396097	0.47369690140803733	12.534705400466919
0.6808977794593183	0.4743343584064354	12.56470537185669
0.6801902531022258	0.4752799617109529	12.614705324172974
0.6794192972379495	0.474780856029063	12.644705295562744
0.712859830545289	0.455394464177116	12.664705276489258
0.7167410843114076	0.4497332947177955	12.704705238342285
0.7171489486861033	0.4500532649007679	12.734705209732056
0.7165554536581044	0.45006276271585494	12.764705419540405
0.7153408123748441	0.4502349727080246	12.804705381393433
0.7162851198986828	0.45027345661581036	12.834705352783203
0.7164569332701878	0.4494868958769124	12.864705324172974
0.7170516795684287	0.44789331434227003	12.904705286026001
0.71696110776933	0.44768021061956054	12.934705257415771
0.7173229302461519	0.44846113936830756	12.964705228805542
0.717441707612198	0.4477688433145321	13.004705429077148
0.7170326229961691	0.4485862372207349	13.034705400466919
0.7164809514168935	0.4507083511205311	13.06470537185669
0.7160622266178398	0.45234975388722753	13.104705333709717
0.7154818322836767	0.4534287302112295	13.134705305099487
0.7139784472880039	0.4536996862890103	13.164705276489258
0.7115381231205211	0.4637234962627855	13.204705238342285
0.7091598783507568	0.4679241461354561	13.234705209732056
0.7087331117780564	0.47116170974558164	13.264705419540405
0.7079342824152438	0.4719416007127304	13.304705381393433
0.7072069573048622	0.47181580595326333	13.334705352783203
0.7074902310557029	0.4715002986297252	13.364705324172974
0.7070775635163923	0.47003417811729037	13.404705286026001
0.7062341378723141	0.46864632879358964	13.434705257415771
0.7063300376577302	0.4698057113721522	13.464705228805542
0.7068974668433966	0.46968567491317537	13.504705429077148
0.707644455944702	0.4694889950925236	13.534705400466919
0.7467734078023971	0.4870698203412567	13.56470537185669
0.7480581316848006	0.49101527999624883	13.604705333709717
0.7479593205105749	0.4931733628077411	13.634705305099487
0.7474203591028301	0.4935173251463546	13.664705276489258
0.7466032512081316	0.49578143303082006	13.704705238342285
0.7471352705631215	0.4953730265058066	13.734705209732056
0.7483573388566467	0.4951745841814866	13.764705419540405
0.7483928170584772	0.4967307544347952	13.804705381393433
0.7486099584892016	0.49660572631893696	13.834705352783203
0.7494335075242647	0.4960238268713178	13.864705324172974
0.7277590762569137	0.4846793628585909	13.904705286026001
0.7271304170645119	0.4833344002116501	13.934705257415771
0.727163956573386	0.48507563586766633	13.964705228805542
0.7271069797532236	0.48445698352909694	14.004705429077148
0.7279148559234677	0.48348168971827954	14.034705400466919
0.7292922151763691	0.48379850881029024	14.06470537185669
0.7324338374864642	0.4822218479620729	14.104705333709717
0.7703036515021149	0.473021265525153	14.134705305099487
0.7688095396571492	0.4721061921230087	14.164705276489258
0.7693828350740363	0.4726182539351993	14.204705238342285
0.7694121197613656	0.4713860762164731	14.234705209732056
0.7704489985029802	0.47122820671335874	14.264705419540405
0.7721354002601044	0.4706139142524923	14.304705381393433
0.7726967906171647	0.47078411209234866	14.334705352783203
0.7727091799992082	0.4701864242512603	14.364705324172974
0.7738005297551073	0.4696404565621822	14.404705286026001
0.7832294600608027	0.4228604123255126	14.434705257415771
0.7824040901950274	0.4116921773959225	14.464705228805542
0.781210181441987	0.40657676721898284	14.504705429077148
0.7796905332916378	0.40429924838707243	14.534705400466919
0.7791008526746218	0.4031746707642796	14.56470537185669
0.7781610394099935	0.4030370743427682	14.604705333709717
0.7775366761240906	0.40155128734871187	14.634705305099487
0.7759873812644619	0.4016129291544152	14.664705276489258
0.7742834051148273	0.4005196834837608	14.704705238342285
0.7739948711073497	0.3997085127452347	14.734705209732056
0.7733493407385589	0.4016371828022488	14.764705419540405
0.7737248254896494	0.40129912285404823	14.804705381393433
0.7723923641948707	0.4015483332305486	14.834705352783203
0.7367517026608777	0.39990250694531354	14.864705324172974
0.7322180460521216	0.4007583210411333	14.904705286026001
0.7300610715623671	0.4020776880301695	14.934705257415771
0.7290205881930515	0.40137189320230604	14.964705228805542
0.7289311121945982	0.40224954246070416	15.004705429077148
0.7285426811490168	0.40323330929634665	15.034705400466919
0.728873368278736	0.40255818872906896	15.06470537185669
0.729578310471392	0.40361920112831273	15.104705333709717
0.6823718679466039	0.36857431999024504	15.134705305099487
0.68073965482433	0.3676330377875026	15.164705276489258
0.6809961423280578	0.36670683171732327	15.204705238342285
0.6794030805840113	0.3657689693953442	15.234705209732056
0.6779735481104641	0.364559853484736	15.264705419540405
0.6768492419113313	0.3638304561065184	15.304705381393433
0.6766599420395358	0.3608783053559886	15.334705352783203
0.6760747097898419	0.3600496903232356	15.364705324172974
0.6757708540571019	0.3602596891298438	15.404705286026001
0.6754461756486805	0.3597935583910003	15.434705257415771
0.6752441674912517	0.3605056346344911	15.464705228805542
0.6728861001269251	0.3606397706234511	15.504705429077148
0.6565438079056338	0.3709557973851746	15.534705400466919
0.6569713398062124	0.37002525315637114	15.56470537185669
0.6567762663158739	0.37200371209385874	15.604705333709717
0.6570024576851516	0.3721610230877137	15.634705305099487
0.6570878069006293	0.3738966528038449	15.664705276489258
0.6574017789563947	0.37472021535110495	15.704705238342285
0.6574147937161021	0.3759702871153605	15.734705209732056
0.6567738597289676	0.3773925755017344	15.764705419540405
0.6580356751383085	0.37789933477866094	15.804705381393433
0.6577457043816426	0.379293997952623	15.834705352783203
0.6643354820749494	0.38130573340441243	15.864705324172974
0.6884904605314025	0.41121655056190287	15.904705286026001
0.6870573200893463	0.411090134488026	15.934705257415771
0.6862416245221197	0.41338320405937423	15.964705228805542
0.6862504873531963	0.4156811741902659	16.00470542907715
0.6865326077475593	0.4173098996690213	16.03470540046692
0.686627940437028	0.4164212082745829	16.06470537185669
0.6861410407680516	0.41553592997555133	16.104705333709717
0.6860185835877749	0.41327397560098866	16.134705305099487
0.6852205744750632	0.4144586702315053	16.164705276489258
0.6848078040165919	0.414161602210103	16.204705238342285
0.6841621907085754	0.4132181645299261	16.234705209732056
0.6840377747710107	0.41253211971647963	16.264705419540405
0.6636851582328647	0.4246221782367154	16.304705381393433
0.661393983008726	0.4241106605741611	16.334705352783203
0.6589987236982109	0.4270861736656941	16.364705324172974
0.6577883767928229	0.4291677881296841	16.404705286026
0.6566179256227195	0.42916486461535636	16.43470525741577
0.6565464500979356	0.4308053201204016	16.464705228805542
0.6557756104861613	0.4311192595739542	16.50470542907715
0.6548522801978138	0.4312294096029976	16.53470540046692
0.655123360932803	0.43137375434485575	16.56470537185669
0.6588771229853564	0.4304818938407165	16.604705333709717
0.7377207637610024	0.43155602072059435	16.634705305099487
0.733469133268318	0.4264353671858593	16.664705276489258
0.7310426032748253	0.4272795195126155	16.704705238342285
0.7297280593071358	0.4269155929198062	16.734705209732056
0.7289939357271445	0.4261003567003213	16.764705419540405
0.7275413602241139	0.4253795173311493	16.804705381393433
0.7261473908959174	0.4256492783975906	16.834705352783203
0.7257997235986015	0.4256673996447718	16.864705324172974
0.724562617421769	0.4244186294340953	16.904705286026
0.7237491950461561	0.4246391740938953	16.93470525741577
0.722920541570717	0.4248329974691058	16.964705228805542
0.7227257452460478	0.426372171440357	17.00470542907715
0.7223702127286891	0.4272530731960054	17.03470540046692
0.7222911376488552	0.426945632588686	17.06470537185669
0.755015355204004	0.4528289693794162	17.104705333709717
0.7565748255456132	0.4495742149859662	17.134705305099487
0.755624602915151	0.4534461045251563	17.164705276489258
0.7564739310876978	0.4532307940629903	17.204705238342285
0.7554848073162413	0.4530138297066701	17.234705209732056
0.7545403774407587	0.45293333788487383	17.264705419540405
0.7535193423723683	0.4544764313351016	17.304705381393433
0.7523884330212428	0.4552266739072078	17.334705352783203
0.7512808967352667	0.4575979426763489	17.364705324172974
0.7504488618004275	0.4571665959396368	17.404705286026
0.7503927199450162	0.45784580466777897	17.43470525741577
0.7503038170059587	0.45798863601409867	17.464705228805542
0.7495515332694899	0.4598475921185424	17.50470542907715
0.750259418808371	0.45975109774842	17.53470540046692
0.7504481623542786	0.4600451301980218	17.56470537185669
0.7506734638526128	0.4596364786024225	17.604705333709717
0.7503085019576569	0.4592701929240614	17.634705305099487
0.7515142369637381	0.4586231245675108	17.664705276489258
0.7290015106650211	0.45849501214668	17.704705238342285
0.7251491668833588	0.45970127873134015	17.734705209732056
0.723774532067218	0.4607025996154956	17.764705419540405
0.72269544518523	0.46057337451359576	17.804705381393433
0.7229440013099871	0.4607704952733306	17.834705352783203
0.722336207966273	0.4603378284098505	17.864705324172974
0.7215404902463519	0.46061944815713984	17.904705286026
0.7212850087414158	0.46010475357019903	17.93470525741577
0.7205005018234646	0.4584309996368988	17.964705228805542
0.7205347204729002	0.45752428813150964	18.00470542907715
0.7210642223727115	0.4559895140209647	18.03470540046692
0.7157085347901944	0.45445830644231405	18.06470537185669
0.7003634446438213	0.4366145464293097	18.104705333709717
0.7003448203776982	0.4365010513500689	18.134705305099487
0.7016037239713031	0.43437678034211424	18.164705276489258
0.7015617583266548	0.4344501496808229	18.204705238342285
0.7013234513400881	0.4340504819871172	18.234705209732056
0.7017488926941767	0.4336619913503265	18.264705419540405
0.7016560013875945	0.43272318911689467	18.304705381393433
0.6989973882051507	0.43140001773339137	18.334705352783203
0.6993381469528818	0.4321545456567306	18.364705324172974
0.6994784419045215	0.43175328257884665	18.404705286026
0.6991695943187637	0.4327152253705331	18.43470525741577
0.6981139608881114	0.43061628172224903	18.464705228805542
0.6971153443904109	0.431203671961121	18.50470542907715
0.6970839489629964	0.42998884959724226	18.53470540046692
0.6968965952206249	0.43019704150296695	18.56470537185669
0.6965664491561017	0.4305915940903362	18.604705333709717
0.6958718042461964	0.43133912043631917	18.634705305099487
0.6957974074928455	0.43049758885920836	18.664705276489258
0.6950717056300101	0.4314051114548904	18.704705238342285
0.6949290563395142	0.431644072336868	18.734705209732056
0.6944930755954338	0.4317331260185344	18.764705419540405
0.6948027023253255	0.43102121108780334	18.804705381393433
0.6959821535150064	0.4308336402547149	18.834705352783203
0.695003459934389	0.4294442880460046	18.864705324172974
0.6743694260356108	0.42272706486435435	18.904705286026
0.6694071008636663	0.4197528756073211	18.93470525741577
0.666090327267399	0.42074860697878336	18.964705228805542
0.6655275704425428	0.41987405841150055	19.00470542907715
0.6640578082227556	0.4196579343170846	19.03470540046692
0.6637051262113924	0.4198116762592624	19.06470537185669
0.6629359801140963	0.4201624977805113	19.104705333709717
0.6626581005598066	0.42130441911620375	19.134705305099487
0.663145129906869	0.42097705384664985	19.164705276489258
0.6619541399316311	0.41985504331405976	19.204705238342285
0.6620614904541626	0.4204240286332582	19.234705209732056
0.6615956659290555	0.41992526997232765	19.264705419540405
0.661714839414975	0.4211039112018037	19.304705381393433
0.660709571544339	0.42035332600999803	19.334705352783203
0.6606648531682112	0.4214547241141428	19.364705324172974
0.6954496901244779	0.4201525827400021	19.404705286026
0.6958384255178411	0.4192031632459407	19.43470525741577
0.6950483972033413	0.4206152239798921	19.464705228805542
0.6942608079018906	0.42242354104811664	19.50470542907715
0.6938667586098938	0.42175064626647885	19.53470540046692
0.6937647391892059	0.4213293844633602	19.56470537185669
0.6943951233493564	0.42162370005006267	19.604705333709717
0.6943478564696711	0.42210589602215154	19.634705305099487
0.6948200444936714	0.422699754676258	19.664705276489258
0.6952159329153299	0.4215135223417004	19.704705238342285
0.6959862917000812	0.4212402680167088	19.734705209732056
0.696551352413709	0.4217117402913154	19.764705419540405
0.6971466830538058	0.42308320493239693	19.804705381393433
0.6960687734051701	0.42374954953060295	19.834705352783203
0.695555826963832	0.42567394079779747	19.864705324172974
0.6946717327917895	0.4242654954882379	19.904705286026
0.6944063317884641	0.4241380907131203	19.93470525741577
0.6938655934700592	0.4239419357973676	19.964705228805542
0.6928731421653413	0.4257543264331056	20.00470542907715
0.6937446898275796	0.4268136234692174	20.03470540046692
0.6932504342041987	0.4263798874953066	20.06470537185669
0.6929309724982698	0.42813212401189643	20.104705333709717
0.6929746225724043	0.42832112280622564	20.134705305099487
0.671841211522386	0.432089302589533	20.164705276489258
0.6704995343605442	0.43257869725382975	20.204705238342285
0.669471645408162	0.43491867078938445	20.234705209732056
0.6687938395720937	0.4376629821937915	20.264705419540405
0.6677265839547434	0.43904002305103984	20.304705381393433
0.6667419709785923	0.4404856490407653	20.334705352783203
0.6660390122408588	0.44141040973872636	20.364705324172974
0.6651328198388388	0.44164069141142154	20.404705286026
0.6653736892069644	0.4411936436101333	20.43470525741577
0.6651553750973676	0.44196573181597437	20.464705228805542
0.6653648368442833	0.4427213891560993	20.50470542907715
0.6651411389318832	0.44364890656825345	20.53470540046692
0.6652542624829769	0.44249561512904423	20.56470537185669
0.6661651306414746	0.4430631717627319	20.604705333709717
0.6654874208197655	0.4434470431616689	20.634705305099487
0.6894376019218423	0.39007876180613027	20.664705276489258
0.6893781346622689	0.38804656949705846	20.704705238342285
0.6893029917894276	0.38761655336886014	20.734705209732056
0.6874185924429995	0.3862714838588277	20.764705419540405
0.6868588267222476	0.38475674868642296	20.804705381393433
0.6865147256470988	0.3825877000287889	20.834705352783203
0.6862539545886311	0.382535384785411	20.864705324172974
0.6869026497254391	0.38068870037578706	20.904705286026
0.687296789628958	0.3519658760881239	20.93470525741577
0.6822576209892582	0.29272044378445394	20.964705228805542
0.3462530962354294	0.08968394952142293	21.00470542907715
0.34591079810308045	0.08954364902515423	21.03470540046692
0.3458880308221295	0.09014957233297693	21.06470537185669
0.3461612317760609	0.08924212470420399	21.104705333709717
0.6831183317218855	0.2906196047384966	21.134705305099487
0.6831800620191627	0.2912828469892946	21.164705276489258
0.6839990300625215	0.29173064241738494	21.204705238342285
0.6899460140186296	0.29034760099920576	21.234705209732056
0.7307224719690575	0.30471498225674365	21.264705419540405
0.7290190119789146	0.30415558539169235	21.304705381393433
0.7293056631970838	0.3051950945995691	21.334705352783203
0.7291373244532807	0.30444215744577763	21.364705324172974
0.728686081824949	0.3041488741558202	21.404705286026
0.7293968500546096	0.30435765217059413	21.43470525741577
0.7296861745686075	0.30469074184373884	21.464705228805542
0.7292554477763712	0.30274294768485266	21.50470542907715
0.7299949429432405	0.30272644804949167	21.53470540046692
0.778462713496318	0.33635466448560436	21.56470537185669
0.7789680582984173	0.3401927498647886	21.604705333709717
0.7789395035188444	0.3422246902347853	21.634705305099487
0.7784816132701794	0.34404970811498026	21.664705276489258
0.7770895995630601	0.3435455320278816	21.704705238342285
0.7765070174693508	0.344034004405552	21.734705209732056
0.776204612113799	0.34315916115795925	21.764705419540405
0.7755930564022979	0.3422358201159815	21.804705381393433
0.775785154715147	0.34190660466909084	21.834705352783203
0.7759948641953912	0.34125509983976277	21.864705324172974
0.7745697567545691	0.3404285508320247	21.904705286026
0.7754969580318734	0.34106113068145855	21.93470525741577
0.7759026300227775	0.34120596753516713	21.964705228805542
0.7758972291506256	0.3399311019034379	22.00470542907715
0.7794134454131133	0.3402707007496915	22.03470540046692
0.8089336372735175	0.37357985804889876	22.06470537185669
0.8065035556936199	0.3713127840298922	22.104705333709717
0.8071882948732776	0.3712891699453424	22.134705305099487
0.8072725906878322	0.37276071495409674	22.164705276489258
0.8074502803636722	0.3720792787682212	22.204705238342285
0.8087848577284521	0.3730893135610099	22.234705209732056
0.808025750332581	0.37217626616243393	22.264705419540405
0.8086219274497567	0.3721409935180417	22.304705381393433
0.8083227141969175	0.37414033597306134	22.334705352783203
0.8085652794005664	0.3745205532685016	22.364705324172974
0.8083300391998314	0.3741936028397758	22.404705286026
0.8187444056864016	0.39203691181202655	22.43470525741577
0.8206569116757676	0.39801020751767646	22.464705228805542
0.8225634598083885	0.40184989665141896	22.50470542907715
0.8238484749208292	0.40143293760737125	22.53470540046692
0.8234340978196619	0.40126379047190386	22.56470537185669
0.8236523642441135	0.4018880981902358	22.604705333709717
0.8227084476703391	0.40291105591795356	22.634705305099487
0.8217165475051372	0.40420413587822884	22.664705276489258
0.8216447223565477	0.4039089986286314	22.704705238342285
0.8216094301143285	0.40427958526726165	22.734705209732056
0.8217928118028349	0.40380662218635555	22.764705419540405
0.8209296125180733	0.4029824701553743	22.804705381393433
0.8214477957961157	0.40285544900972586	22.834705352783203
0.8235961939167358	0.4063315939529008	22.864705324172974
0.846425761054136	0.46042157945379286	22.904705286026
0.8449668211542564	0.45874647706498783	22.93470525741577
0.8443016693845041	0.4596340393650826	22.964705228805542
0.8437310986287955	0.4599378265445444	23.00470542907715
0.8436264801929099	0.45991184065301066	23.03470540046692
0.8429573093221785	0.46074132512382626	23.06470537185669
0.8429190697108819	0.4610383312517919	23.104705333709717
0.84323667510114	0.4603670082227541	23.134705305099487
0.8431626103695355	0.4607985499857209	23.164705276489258
0.843192571882148	0.46122281775691143	23.204705238342285
0.842490986682834	0.46331743509628115	23.234705209732056
0.8329227801480723	0.5116376245063906	23.264705419540405
0.8317291764627353	0.5112571827861114	23.304705381393433
0.8311513054958493	0.5136487016554091	23.334705352783203
0.8306386951023226	0.515990078715989	23.364705324172974
0.8308791747082169	0.5172601685756387	23.404705286026
0.830719382864203	0.5176005599863626	23.43470525741577
0.830369835304056	0.5186848520623618	23.464705228805542
0.8295900767659041	0.5187169573293908	23.50470542907715
0.8265750231767774	0.5214012622545315	23.53470540046692
0.7986895039104704	0.5427540073314322	23.56470537185669
0.7991030613868183	0.5395989891778444	23.604705333709717
0.7986383300615087	0.5415842280157915	23.634705305099487
0.7983850318395144	0.5421187227344738	23.664705276489258
0.7977766557088207	0.540758259970258	23.704705238342285
0.7983492821814935	0.5408898900839737	23.734705209732056
0.7976908546799198	0.5402966911344048	23.764705419540405
0.7970311191699079	0.540941251382073	23.804705381393433
0.7961504804810501	0.5419803362219217	23.834705352783203
0.7968749018020284	0.5416801085396392	23.864705324172974
0.7970414435045662	0.5429269376240515	23.904705286026
0.796893790300349	0.5423294755612873	23.93470525741577
0.7968269792793037	0.5433212200937442	23.964705228805542
0.7768163876193886	0.5401483405496356	24.00470542907715
0.7753065191799907	0.538905387349985	24.03470540046692
0.7735559743430227	0.5402092474224491	24.06470537185669
0.7716884879070016	0.5416268075357911	24.104705333709717
0.7717830577429929	0.541411432706063	24.134705305099487
0.7710403217658229	0.5422057132187726	24.164705276489258
0.7707338479524477	0.5439095449059597	24.204705238342285
0.7706950247696399	0.5447136749666327	24.234705209732056
0.7710769122833593	0.5465955644802274	24.264705419540405
0.7716455471726584	0.5468031217649422	24.304705381393433
0.7677769590740238	0.5464180947292748	24.334705352783203
0.7469284819494377	0.5203325023549071	24.364705324172974
0.7484750781557793	0.5211523309373136	24.404705286026
0.7472159175888261	0.5222577342781741	24.43470525741577
0.7478640254143173	0.521107581081224	24.464705228805542
0.7491519744424325	0.5222284064969616	24.50470542907715
0.750120759165522	0.5221729296599219	24.53470540046692
0.751076313342161	0.5226496760546818	24.56470537185669
0.7510680900413346	0.5229835629766875	24.604705333709717
0.7519757161849784	0.5236740670432927	24.634705305099487
0.7524908077282154	0.5236311473533326	24.664705276489258
0.7529576769205426	0.5235161946064787	24.704705238342285
0.7536477957319906	0.5223269302886916	24.734705209732056
0.7541217888854307	0.5234638582312493	24.764705419540405
0.75482049233555	0.5226755524604336	24.804705381393433
0.7541550464504221	0.5240697022611578	24.834705352783203
0.7536852938148448	0.5251968087552426	24.864705324172974
0.754131576243365	0.5266159523387991	24.904705286026
0.7564917071774083	0.5279533111338253	24.93470525741577
0.7104055179381282	0.5101740810334768	24.964705228805542
0.7110947208288796	0.5098889873719812	25.00470542907715
0.7079585260121044	0.5103065072551188	25.03470540046692
0.7061147825897744	0.5092857194264709	25.06470537185669
0.7042214853641805	0.5092481775594291	25.104705333709717
0.7030893945558376	0.5105711851347552	25.134705305099487
0.7021280982898794	0.5099660281016325	25.164705276489258
0.7020546336669643	0.5101734511056151	25.204705238342285
0.7014967875406108	0.5096739831686303	25.234705209732056
0.7010090350398926	0.5102874413037253	25.264705419540405
0.7014987395060612	0.5078990631383842	25.304705381393433
0.7018212074710126	0.5062913663804164	25.334705352783203
0.7014244792740767	0.505076756969072	25.364705324172974
0.7016321304555997	0.5024502877531783	25.404705286026
0.7005166269724673	0.5016003496064626	25.43470525741577
0.7000887502003933	0.500887181648637	25.464705228805542
0.6996140286109135	0.4992890244574074	25.50470542907715
0.697984980761126	0.49660331786583256	25.53470540046692
0.6911966508656626	0.49601901445255403	25.56470537185669
0.6698434898685894	0.5168998680227435	25.604705333709717
0.6685227377888934	0.5138157377211897	25.634705305099487
0.6666338599100037	0.51460398271992	25.664705276489258
0.6653918360365517	0.5150765182251185	25.704705238342285
0.6641383744544118	0.5153590172432749	25.734705209732056
0.6644052561407194	0.5140333113478875	25.764705419540405
0.6636395177807194	0.5138391381090677	25.804705381393433
0.6632443017240289	0.5124460082711645	25.834705352783203
0.6629039211389974	0.5117087017965416	25.864705324172974
0.6635367059528695	0.5108635742512758	25.904705286026
0.6648668755352387	0.5097226064344926	25.93470525741577
0.6649654936741713	0.5096729127730207	25.964705228805542
0.6655263812649959	0.5086401410408723	26.00470542907715
0.6660061440113253	0.5074083454657535	26.03470540046692
0.6665416592890743	0.5067781237013652	26.06470537185669
0.6665855340202841	0.508763053274162	26.104705333709717
0.6670245253859562	0.506625168832507	26.134705305099487
0.667414420423636	0.5084887451916583	26.164705276489258
0.66622715966443	0.5095573497639072	26.204705238342285
0.6644401758185644	0.5117143404893885	26.234705209732056
0.6475815885219708	0.5228624483198536	26.264705419540405
0.6463475357478613	0.5280507541430198	26.304705381393433
0.6432592029233246	0.530513000566559	26.334705352783203
0.6429194569257554	0.5329409044423034	26.364705324172974
0.6420195782874067	0.5354821590274197	26.404705286026
0.6415495059755009	0.5370265733373717	26.43470525741577
0.6405942607354086	0.5378869580613403	26.464705228805542
0.6409358195689424	0.5370573810635926	26.50470542907715
0.6404952814261506	0.5373586480659305	26.53470540046692
0.6160233357219682	0.5364279051177152	26.56470537185669
0.6146958607048251	0.5334703279233947	26.604705333709717
0.614151686016597	0.5351707022112561	26.634705305099487
0.6137897771672686	0.5357649204160959	26.664705276489258
0.6133186729361049	0.5371394946247054	26.704705238342285
0.6136908409986126	0.5372751010107006	26.734705209732056
0.6141140829929426	0.5380780488430403	26.764705419540405
0.6134411458031374	0.5378661078183055	26.804705381393433
0.6124861823124326	0.5398827587958652	26.834705352783203
0.6059121600733963	0.5389742582203494	26.864705324172974
0.5913524183866485	0.5217590350660851	26.904705286026
0.5898632849640183	0.523995689914814	26.93470525741577
0.5897555365162924	0.5238441409802348	26.964705228805542
0.5896789147907391	0.5253266090002626	27.00470542907715
0.5893722166817945	0.5254593069214347	27.03470540046692
0.590374466398285	0.5254477394816307	27.06470537185669
0.575012803123846	0.5053306677953463	27.104705333709717
0.566813180720427	0.48690798669698554	27.134705305099487
0.5663649889303781	0.4868988934151148	27.164705276489258
0.5657816836696169	0.48747929298994735	27.204705238342285
0.5661046829813384	0.4889193136176504	27.234705209732056
0.5659444372031078	0.48906668760620176	27.264705419540405
0.566288257916596	0.48907871938212055	27.304705381393433
0.5669040437934663	0.4901559522127197	27.334705352783203
0.5658394631718705	0.49107862244973854	27.364705324172974
0.566262555698181	0.49067213778387575	27.404705286026
0.5668568646827492	0.4902448681048536	27.43470525741577
0.5670195590428206	0.49129576001594216	27.464705228805542
0.5672554087065826	0.49032871010799944	27.50470542907715
0.5680810914745378	0.4885567616036646	27.53470540046692
0.607373625701064	0.42894321147520503	27.56470537185669
0.6073947781743009	0.41616462589360587	27.604705333709717
0.6064782126754058	0.41449712222461643	27.634705305099487
0.6045518621848928	0.4169254906102374	27.664705276489258
0.6041617186979827	0.41633789527083676	27.704705238342285
0.6030361560489629	0.4152946102518363	27.734705209732056
0.6032348032192419	0.41536150218822593	27.764705419540405
0.6087557489305941	0.41213860975531375	27.804705381393433
0.6277032376558106	0.4136778680111722	27.834705352783203
0.6285375339449943	0.4126376013745933	27.864705324172974
0.6280904588662677	0.4148695102113863	27.904705286026
0.6302131172265892	0.4180243102304694	27.93470525741577
0.6320286051138592	0.4191484024528154	27.964705228805542
0.6311514918426756	0.41959107019263503	28.00470542907715
0.6310965053040514	0.4206345675636659	28.03470540046692
0.6306365959369143	0.4211062630504824	28.06470537185669
0.6304271011976874	0.42273403689133104	28.104705333709717
0.629443445136428	0.42424302823449733	28.134705305099487
0.6281349807730303	0.4245302588723787	28.164705276489258
0.6270148870683796	0.42472502413483476	28.204705238342285
0.6230889255471136	0.42794882405275203	28.234705209732056
0.6140096162671809	0.45809636114609975	28.264705419540405
0.6131652668864606	0.45721016012258375	28.304705381393433
0.6109571593705341	0.4576251238900014	28.334705352783203
0.6106477335676882	0.4577816607957726	28.364705324172974
0.6100382523618564	0.4580511897731214	28.404705286026
0.6090585733447896	0.4583546902816572	28.43470525741577
0.609340275066881	0.4568905444001634	28.464705228805542
0.6085383314096477	0.4563564692070042	28.50470542907715
0.6594991552463284	0.39624587924470334	28.53470540046692
0.6582826782593096	0.39249678673938015	28.56470537185669
0.6569806231263748	0.391195289514383	28.604705333709717
0.6570475001021805	0.3897775524390881	28.634705305099487
0.657728709567326	0.3884931806247211	28.664705276489258
0.6583872736571879	0.38806860212684524	28.704705238342285
0.6589836854379548	0.3876158463149841	28.734705209732056
0.6582211341007572	0.38608426523609557	28.764705419540405
0.6591518184569044	0.3853470552623572	28.804705381393433
0.6594002372489477	0.3869943500242458	28.834705352783203
0.6596971710886814	0.386788993038572	28.864705324172974
0.6600226620024385	0.3855471064304807	28.904705286026
0.6177346096463455	0.3362331045467232	28.93470525741577
0.6159137455677336	0.3336917234904065	28.964705228805542
0.615937658849509	0.33258850638028925	29.00470542907715
0.615071357695507	0.3298688946040977	29.03470540046692
0.6152820180891312	0.327682144520407	29.06470537185669
0.6150333769539262	0.3255049408350321	29.104705333709717
0.6146795655812167	0.3234429752447323	29.134705305099487
0.6183171105577265	0.32227235722219905	29.164705276489258
0.6917384800241455	0.3634400072074325	29.204705238342285
0.6876685679467961	0.363232664898803	29.234705209732056
0.6864576638994799	0.3646980628132634	29.264705419540405
0.6852600220769971	0.36437337015732774	29.304705381393433
0.6854778491479683	0.3650954117710234	29.334705352783203
0.6858431714265686	0.36635797114656704	29.364705324172974
0.6851770360414775	0.3757037692579764	29.404705286026
0.6862217945997339	0.4336715765435343	29.43470525741577
0.6854970246466351	0.43266828507088917	29.464705228805542
0.6838769902414524	0.43376762381053574	29.50470542907715
0.6827585078441407	0.4355819996331128	29.53470540046692
0.6812827308102126	0.4369959306424333	29.56470537185669
0.67989538528295	0.43783800788622357	29.604705333709717
0.6792551655356895	0.43739025811129345	29.634705305099487
0.6780159252358112	0.4381449181356951	29.664705276489258
0.6776280064229585	0.4375911183893664	29.704705238342285
0.6774755313594316	0.4380388496097381	29.734705209732056
0.6784437850366264	0.4373787589178562	29.764705419540405
0.678202730084242	0.43601011122479205	29.804705381393433
0.6778246983161351	0.43668113293253996	29.834705352783203
0.6776905170235071	0.4370806047925691	29.864705324172974
0.6780727097188346	0.43932338011784	29.904705286026
0.6826530540147445	0.43784348210207974	29.93470525741577
0.6864238415806684	0.43850123253859696	29.964705228805542
0.6887800279224632	0.44732786595561325	30.00470542907715
0.6746383620522496	0.44564277076659964	30.03470540046692
0.6644311464349265	0.444696236222428	30.06470537185669
0.6620851262396211	0.4441043302171067	30.104705333709717
0.659271249936703	0.4441874045559805	30.134705305099487
0.6558160936187218	0.44399528906110947	30.164705276489258
0.6531281503098906	0.4420294417871345	30.204705238342285
0.6506589829561328	0.441519684975391	30.234705209732056
0.6504106083307852	0.4408052175109879	30.264705419540405
0.6498242292954377	0.43961108717408315	30.304705381393433
0.6477813617773811	0.4388696641892625	30.334705352783203
0.6472453040396938	0.4366816047979922	30.364705324172974
0.6468757162698571	0.4344452121626618	30.404705286026
0.6473192927709258	0.4344372444315154	30.43470525741577
0.6475373357662323	0.4327458158473284	30.464705228805542
0.6473630117765888	0.4307474210663958	30.50470542907715
0.6473101550762707	0.42914626690860996	30.53470540046692
0.6481149772214606	0.4280032430837098	30.56470537185669
0.6477187913583758	0.4280311938893478	30.604705333709717
0.6471327671875478	0.4278539778186751	30.634705305099487
0.6472488312356579	0.4294730014394558	30.664705276489258
0.6459531891470986	0.43001765051446006	30.704705238342285
0.6452856931647046	0.42980402748741303	30.734705209732056
0.6446919305573554	0.43191846565033565	30.764705419540405
0.6433482377709561	0.4326627150147947	30.804705381393433
0.643172023817755	0.43064655809400426	30.834705352783203
0.6428288279390828	0.4303638663916683	30.864705324172974
0.6437461946460914	0.42915390112024365	30.904705286026
0.6425879534569252	0.4291295596774473	30.93470525741577
0.6429034652428186	0.42910791945346183	30.964705228805542
0.6431302094025324	0.4280248499973982	31.00470542907715
0.6428386792403711	0.42761788457261735	31.03470540046692
0.6421839282703153	0.42841988979017237	31.06470537185669
0.6421260816540815	0.43074482120898716	31.104705333709717
0.6416550108634197	0.43181615475867624	31.134705305099487
0.6417261411052726	0.42822101284918657	31.164705276489258
0.6411144421395364	0.43094548050883674	31.204705238342285
0.6405610675324303	0.429897320230178	31.234705209732056
0.6401304770796378	0.43049196271496726	31.264705419540405
0.6385500728454376	0.4312586046753096	31.304705381393433
0.6394169580817377	0.43343301061696843	31.334705352783203
0.6391463023858998	0.43330904308059637	31.364705324172974
0.638892521424378	0.43335857762839003	31.404705286026
0.638676601721224	0.4322551357997754	31.43470525741577
0.6385093659074217	0.43262231022894415	31.464705228805542
0.639500420444305	0.43394744891158465	31.50470542907715
0.6385680063267128	0.4348490211518455	31.53470540046692
0.6391564284082648	0.43495150214975764	31.56470537185669
0.6398502630589743	0.43554590878198923	31.604705333709717
0.6398913847335291	0.4380709107806156	31.634705305099487
0.6399108915911798	0.4381263261896279	31.664705276489258
0.639509965562214	0.4385422737641643	31.704705238342285
0.6400449128152534	0.4403952892549038	31.734705209732056
0.6405360238103568	0.43973974203318683	31.764705419540405
0.6405978165642011	0.4391801473938572	31.804705381393433
0.6400079323387705	0.4413293276702272	31.834705352783203
0.6398599345451976	0.4407555665695791	31.864705324172974
0.6405958141299183	0.4426022322982792	31.904705286026
0.6412566886612094	0.44334291125334524	31.93470525741577
0.6417824308189252	0.4432246742393969	31.964705228805542
0.6417578209477905	0.44490327815921943	32.00470542907715
0.6410949863272567	0.44494253270565154	32.03470540046692
0.6402845651233322	0.445242638457088	32.06470537185669
0.6395572358176357	0.4464885025878729	32.10470533370972
0.6384932095272838	0.4461206922709531	32.13470530509949
0.6395225915623399	0.4463206049388633	32.16470527648926
0.6391643449257695	0.4456631083241324	32.204705238342285
0.6389899530767563	0.44473877832797065	32.234705209732056
0.639085299495408	0.44332138924845477	32.264705419540405
0.6390941206196361	0.44183898899318114	32.30470538139343
0.6398022933029914	0.44258566580024494	32.3347053527832
0.6397546110567881	0.44080015697658476	32.364705324172974
0.6886400912292261	0.4275811215208888	32.404705286026
0.7046616662171248	0.43266972769433737	32.43470525741577
0.7069265758007571	0.4231389340287383	32.46470522880554
0.7089119010588325	0.4210942122000801	32.50470542907715
0.7070145220786562	0.4189035886654601	32.53470540046692
0.7055775628714795	0.4193949322706744	32.56470537185669
0.7041690807039457	0.41829896138239403	32.60470533370972
0.7029659510127084	0.4177707105399589	32.63470530509949
0.7012832555049732	0.416144361375851	32.66470527648926
0.7007369193054239	0.4155014224189931	32.704705238342285
0.701850763458016	0.4147837952010508	32.734705209732056
0.7009326477946934	0.4144961468893969	32.764705419540405
0.699123382177647	0.41254432061278723	32.80470538139343
0.6992545967077622	0.41396429308726684	32.8347053527832
0.6986965149531941	0.41302267630006634	32.864705324172974
0.6982183293104772	0.4135343415935338	32.904705286026
0.6967632951146929	0.4134136132848879	32.93470525741577
0.6955361004286763	0.41424281870287255	32.96470522880554
0.6952125822585389	0.414507060670681	33.00470542907715
0.6950334427597706	0.4143135559903484	33.03470540046692
0.6939624590619736	0.41500171642681655	33.06470537185669
0.6922189532673073	0.4140484523428435	33.10470533370972
0.6916122740639165	0.41434896342370003	33.13470530509949
0.6910105575163236	0.41579736198382344	33.16470527648926
0.6898799335034551	0.4148946582471382	33.204705238342285
0.6894801809207013	0.41653067131431887	33.234705209732056
0.6887823828283236	0.41645798847558396	33.264705419540405
0.6886801972246326	0.41561619161378915	33.30470538139343
0.6890757998238479	0.41610278603915873	33.3347053527832
0.6895355026242432	0.4174629695726798	33.364705324172974
0.6883094011269331	0.41628852838450664	33.404705286026
0.687689636131116	0.4163369945962299	33.43470525741577
0.6881480137121775	0.41707296318106285	33.46470522880554
0.6876748521585944	0.4166449782833118	33.50470542907715
0.6875765288518751	0.41840934192077345	33.53470540046692
0.6866413198614432	0.4184943143424981	33.56470537185669
0.6872678963542257	0.41865401738986735	33.60470533370972
0.6866392855995781	0.41868034409267557	33.63470530509949
0.6859988711753906	0.41822762759068327	33.66470527648926
0.6852385950728602	0.4188767881479704	33.704705238342285
0.6833917739823978	0.4180381991153913	33.734705209732056
0.6827282811081088	0.4178208643458003	33.764705419540405
0.6824859723540675	0.4187617210147198	33.80470538139343
0.6810939541731933	0.42095446236171674	33.8347053527832
0.6811941065058702	0.41934592870239273	33.864705324172974
0.6806341932239921	0.41902616069303844	33.904705286026
0.680041685852484	0.4187798006647784	33.93470525741577
0.6793409110576647	0.41910477156015397	33.96470522880554
0.646368911045228	0.42259737096765004	34.00470542907715
0.6437451229586486	0.42444206451475586	34.03470540046692
0.6413249910783052	0.42553178983513174	34.06470537185669
0.6405861103650989	0.4254964011131001	34.10470533370972
0.6396014983143723	0.4248258800103432	34.13470530509949
0.6407564500600331	0.4265187927767686	34.16470527648926
0.6398664509892694	0.42642506802008673	34.204705238342285
0.6417994044780486	0.4269052022040234	34.234705209732056
0.6422135602774209	0.4274706708973608	34.264705419540405
0.643090092126202	0.4272273264295585	34.30470538139343
0.6437042506292421	0.4276260026120599	34.3347053527832
0.6424951273900195	0.4280484838319448	34.364705324172974
0.6430210878557066	0.42901199379488925	34.404705286026
0.6431379239009388	0.42887566979493913	34.43470525741577
0.6416089321397553	0.4292447899074024	34.46470522880554
0.6417804265989931	0.430738638186245	34.50470542907715
0.6403893006613274	0.4309280880487254	34.53470540046692
0.6395735446661945	0.4321223732038925	34.56470537185669
0.6391052746869148	0.4329266358955616	34.60470533370972
0.6379891425936113	0.4334819279519835	34.63470530509949
0.6366610840637217	0.4338688015276848	34.66470527648926
0.6359792969202682	0.43523870197132014	34.704705238342285
0.6359430428988472	0.43559744622795177	34.734705209732056
0.6361174127080277	0.437842388080737	34.764705419540405
0.6408828822633749	0.4368963733401727	34.80470538139343
0.6652880032831048	0.44101807868240744	34.8347053527832
0.6704692214009281	0.4376619282416266	34.864705324172974
0.6695344891243651	0.43250763134945736	34.904705286026
0.6644573219698127	0.430220023122893	34.93470525741577
0.6587519614802789	0.42583007812357243	34.96470522880554
0.655529963599407	0.42501569147031054	35.00470542907715
0.6536122743925835	0.42272202812751725	35.03470540046692
0.6519274471455877	0.4225029328241415	35.06470537185669
0.6513141768263134	0.42119631779156547	35.10470533370972
0.6499752559033081	0.4190827450681145	35.13470530509949
0.6493339364553814	0.41811632518713104	35.16470527648926
0.6479496073956471	0.41672893073458894	35.204705238342285
0.6467557880870439	0.4139308495382764	35.234705209732056
0.6477395100648843	0.41337496196020057	35.264705419540405
0.6487078251298645	0.41338903112995723	35.30470538139343
0.6501292211161629	0.4121840540215283	35.3347053527832
0.6499877556711442	0.4102369955021991	35.364705324172974
0.6490887062856435	0.40809637784135205	35.404705286026
0.648230639905948	0.41013008175921434	35.43470525741577
0.6477863072096908	0.40985294207133693	35.46470522880554
0.646347484171559	0.4076917242197613	35.50470542907715
0.6454314255737359	0.40822147679444026	35.53470540046692
0.6449442920398907	0.4068676396723357	35.56470537185669
0.6431109369093169	0.40569693677482815	35.60470533370972
0.6421438405219239	0.4063424084151193	35.63470530509949
0.6412981855255719	0.4062304698533353	35.66470527648926
0.6392823685386381	0.4059042258896288	35.704705238342285
0.6378402552834593	0.4051721426050298	35.734705209732056
0.6362961462869213	0.40556715403056065	35.764705419540405
0.6365982411471478	0.4048871954166037	35.80470538139343
0.635400308729347	0.40515049465563896	35.8347053527832
0.6340418651817478	0.40444609611807725	35.864705324172974
0.6343847618394021	0.4044275432396016	35.904705286026
0.6340158341940937	0.40484222846215906	35.93470525741577
0.6329903549832643	0.4037524131834083	35.96470522880554
0.6334042027183688	0.40516227029245055	36.00470542907715
0.6335953579872108	0.4046236540440737	36.03470540046692
0.6338524667414223	0.4047325632834708	36.06470537185669
0.6336032901029985	0.40586108723354997	36.10470533370972
0.6326714566122086	0.406569914907762	36.13470530509949
0.6329250276202016	0.4060879314853347	36.16470527648926
0.6331519613655106	0.40811861219742895	36.204705238342285
0.6375853103970981	0.40584755546204637	36.234705209732056
0.6683464885221057	0.4217499850921349	36.264705419540405
0.6984351930807132	0.45818177228137363	36.30470538139343
0.7137788016904186	0.485581608067094	36.3347053527832
0.716471779507653	0.48444418895252983	36.364705324172974
0.711602176792536	0.48008105284144564	36.404705286026
0.7049940292238984	0.47766040431433676	36.43470525741577
0.7005161903546362	0.4764574984781106	36.46470522880554
0.6970497525505619	0.47558534732567004	36.50470542907715
0.6955271987123478	0.4751081033770335	36.53470540046692
0.6924929698420341	0.4730820093956281	36.56470537185669
0.6906415689658986	0.47221669916627695	36.60470533370972
0.6905252149544209	0.4700915873628661	36.63470530509949
0.6889435329377541	0.4680819686922852	36.66470527648926
0.6885518618524107	0.46735753969848004	36.704705238342285
0.6884511553558345	0.46641918332575905	36.734705209732056
0.687780487143155	0.4641910297952379	36.764705419540405
0.6880450175783788	0.4638679238091684	36.80470538139343
0.6885893830680109	0.46180992448311	36.8347053527832
0.6880510197984804	0.46179515582175523	36.864705324172974
0.687866333166144	0.46310496499860987	36.904705286026
0.6883272870223872	0.4632206490223642	36.93470525741577
0.6880528775599334	0.46343511001677024	36.96470522880554
0.6876075031300963	0.4640297021533645	37.00470542907715
0.6859770757417357	0.4640084945269892	37.03470540046692
0.6857789833843007	0.46496262462577326	37.06470537185669
0.6852238639867393	0.46524102690644964	37.10470533370972
0.6849545869540303	0.4650783235322358	37.13470530509949
0.6843599189689733	0.4663084670522746	37.16470527648926
0.683673833463886	0.4651011911658183	37.204705238342285
0.6827735519331241	0.4655385192360379	37.234705209732056
0.6836779233406933	0.46529528656330904	37.264705419540405
0.6824962766464422	0.4663789624326135	37.30470538139343
0.6818620711400104	0.4659020117773052	37.3347053527832
0.6820145234447308	0.4643904132295282	37.364705324172974
0.6810757556848216	0.46521806044083913	37.404705286026
0.6798490422841469	0.4638354433000059	37.43470525741577
0.680457366409959	0.46377765783381497	37.46470522880554
0.6804476284618596	0.4626273886667272	37.50470542907715
0.6813749929089629	0.4632662894807799	37.53470540046692
0.6804668985851172	0.4619363749193389	37.56470537185669
0.6805625405419675	0.4628472869780555	37.60470533370972
0.6809117766068572	0.4632926460959502	37.63470530509949
0.6813758340395065	0.46283843625625604	37.66470527648926
0.6817157762813766	0.4629241340136314	37.704705238342285
0.6822504440000297	0.4636303763769749	37.734705209732056
0.681825546796206	0.46383740096236004	37.764705419540405
0.6824363742065456	0.46520693301223165	37.80470538139343
0.682682900470287	0.46495817820424046	37.8347053527832
0.6829020599528233	0.4657924606639786	37.864705324172974
0.6829049620110993	0.4670489631916981	37.904705286026
0.6834210603849206	0.4667379561285915	37.93470525741577
0.6831210065166021	0.4678412259081119	37.96470522880554
0.6822384930508499	0.46707766919553095	38.00470542907715
0.6820985560874862	0.46693947397352	38.03470540046692
0.6816358142973638	0.4677975674130995	38.06470537185669
0.6825374774358252	0.4689766794071253	38.10470533370972
0.683061258139232	0.46846259931748063	38.13470530509949
0.6819486695659529	0.4692198328716048	38.16470527648926
0.6824717959055068	0.4699618019555158	38.204705238342285
0.6823902605704598	0.47053053723326616	38.234705209732056
0.6832465224070954	0.47113550669085386	38.264705419540405
0.6824918988536596	0.4707330584564946	38.30470538139343
0.6829014404153603	0.46928682549791123	38.3347053527832
0.682639682795664	0.46867205196045436	38.364705324172974
0.683677284497889	0.4688068515059718	38.404705286026
0.6836144334848049	0.4706593890041124	38.43470525741577
0.6821312864152687	0.46863472270642526	38.46470522880554
0.6826612048435833	0.47041752939153825	38.50470542907715
0.682679146060485	0.47069041792572663	38.53470540046692
0.6825863673788127	0.47261652502849594	38.56470537185669
0.6865784413880786	0.4733113425089708	38.60470533370972
0.6839858460978272	0.513480759187617	38.63470530509949
0.6746186038322204	0.5794221577346508	38.66470527648926
0.6636976545979881	0.6232814122600003	38.704705238342285
0.6504600141119211	0.6248044557407151	38.734705209732056
0.6363225312072961	0.6180124207959061	38.764705419540405
0.6264362129692094	0.6186878544361251	38.80470538139343
0.622671237969039	0.618902523126234	38.8347053527832
0.6194759708350812	0.61982964272413	38.864705324172974
0.6163085096090604	0.6185312157549534	38.904705286026
0.6173437994724251	0.6237938299656324	38.93470525741577
0.5316383575147482	0.7262857187493414	38.96470522880554
0.2543743798874546	0.8642481957223896	39.10470533370972
0.36401967914551736	1.7640530247588617	39.234705209732056
0.4706556399710163	2.0143862001418764	39.264705419540405
0.6184291942323635	2.2431038997277803	39.30470538139343
0.8108552675300962	2.4437437967337496	39.3347053527832
0.8576564299376574	2.4956622178150627	39.364705324172974
0.8570005492774759	2.5032227008201198	39.404705286026
0.850672488274862	2.5086789681009396	39.43470525741577
0.8446791315236474	2.514558112433563	39.46470522880554
0.8385938418351602	2.510836032855634	39.50470542907715
0.8363980542655081	2.51456204372602	39.53470540046692
0.8298106009303934	2.50982261439179	39.56470537185669
0.8279864730743051	2.5051773030242357	39.60470533370972
0.827003542042676	2.5063598925670605	39.63470530509949
0.8237534078251569	2.49838872319051	39.66470527648926
0.8198610281899508	2.4874877515070706	39.704705238342285
0.817651774603311	2.48466082790534	39.734705209732056
0.8220276001863034	2.4760396121512485	39.764705419540405
0.8611237125371964	2.450710596551295	39.80470538139343
0.5871212284612382	0.5891261000378378	39.93470525741577
