COORDENADA X	 COORDENADA Y	 TEMPO
0.5751774992328244	0.6656711740652835	0.0027539730072021484
0.5743625826406852	0.664540605691244	0.04275393486022949
0.5737092785094158	0.6635913403369915	0.08275389671325684
0.5732105550671487	0.6636319042512739	0.11275410652160645
0.5724310586329954	0.6624991666638782	0.14275407791137695
0.570676979906762	0.6601971769804776	0.17275404930114746
0.5701546618896278	0.6592171487164514	0.20275402069091797
0.5674076554130234	0.6604220668299527	0.25275397300720215
0.5674214926212756	0.6613207133848897	0.2927539348602295
0.5346898048383036	0.708723917669712	0.33275389671325684
0.5246455733704978	0.7142877441796516	0.39275407791137695
0.5231053892192019	0.7136780038463254	0.4327540397644043
0.7416480880977706	0.7051376627773943	0.5027539730072021
0.7405458422256774	0.709951394983881	0.5327539443969727
0.7392719938126854	0.7115322839811669	0.57275390625
0.7377350231266212	0.711170373804498	0.6027541160583496
0.7366778223579867	0.7110956845804614	0.6327540874481201
0.7363391337352633	0.710777130895401	0.6727540493011475
0.7361317874560203	0.7113819116763117	0.702754020690918
0.7348362572945494	0.7123412647430908	0.7327539920806885
0.6535157527415046	0.7107478595375211	0.7727539539337158
0.6493992947367957	0.7109002798976766	0.8027539253234863
0.6447319629622567	0.7132912816439967	0.8327538967132568
0.642456645731776	0.7131319701793953	0.8727540969848633
0.6413256225809656	0.7135339178889404	0.9027540683746338
0.6412534601448572	0.7140160579743638	0.9327540397644043
0.6009274309248266	0.5428033744635696	0.9727540016174316
0.6046020885466691	0.4477802710883061	1.0027539730072021
0.6054684079272358	0.44753086875756337	1.0327539443969727
0.6069158638353556	0.4429581176358319	1.07275390625
0.6064450078843465	0.44117576856307555	1.1027541160583496
0.607177215805906	0.4405822682152218	1.1327540874481201
0.6071788025137386	0.440467267239236	1.1727540493011475
0.6077841000324357	0.43984004956997763	1.202754020690918
0.6086867836645508	0.4397979542818348	1.2327539920806885
0.6091958140028011	0.43925941235877564	1.2727539539337158
0.6105987312533602	0.43764132102316217	1.3027539253234863
0.6101632187291814	0.3624767702783823	1.3327538967132568
0.6113007840970321	0.3631829565306474	1.3727540969848633
0.6122315618795767	0.36386347091417465	1.4027540683746338
0.6125462572262556	0.3641057435101871	1.4327540397644043
0.6123780378545945	0.36415804626303944	1.4727540016174316
0.6125908013865261	0.3646495782513466	1.5027539730072021
0.5252387334754499	0.3172476069217794	1.57275390625
0.5257938921281374	0.31972658908496604	1.6027541160583496
0.5245839612857459	0.32154084732399796	1.6327540874481201
0.5228698803781571	0.32358878087258347	1.6727540493011475
0.5209240849491487	0.32581278189408597	1.702754020690918
0.5154715256428809	0.32548689780125245	1.7327539920806885
0.5021287707394257	0.3316757555504803	1.7727539539337158
0.5012949925818526	0.3309361166788725	1.8027539253234863
0.500101614953736	0.33075151928528446	1.8327538967132568
0.49880028754300487	0.33195780949993536	1.8727540969848633
0.49795655545970424	0.3309899907420794	1.9027540683746338
0.4964044118622915	0.330832699419056	1.9327540397644043
0.4961246879448304	0.32860553004987797	1.9727540016174316
0.4999976302285832	0.32898221136625255	2.002753973007202
0.5489276026303663	0.31968821652513923	2.0327539443969727
0.5458990848622406	0.3183549528036994	2.07275390625
0.5453161337594431	0.32027600960281644	2.1027541160583496
0.5445561375790091	0.3204104967608439	2.13275408744812
0.5446649870477296	0.320310394339262	2.1727540493011475
0.5439402226080954	0.32010352033957135	2.202754020690918
0.543539682446134	0.32128549215105257	2.2327539920806885
0.5446105747759453	0.3215186256147021	2.272753953933716
0.5451439357804138	0.3218484065794789	2.3027539253234863
0.5441876215556402	0.32253895455149156	2.332753896713257
0.5451227975339622	0.32085321251556387	2.3727540969848633
0.5442565439277661	0.32139658777091085	2.402754068374634
0.5438046237939153	0.31990914092329603	2.4327540397644043
0.5440355655123585	0.3202892538047251	2.4727540016174316
0.5902339679880351	0.32701822461710894	2.502753973007202
0.5877087905062645	0.32525670397181167	2.5327539443969727
0.587105838767007	0.32647917965398116	2.57275390625
0.5875864381759347	0.32626464109690506	2.6027541160583496
0.5876875542957184	0.3254018403212443	2.63275408744812
0.5875156603159382	0.32305282637608923	2.6727540493011475
0.5866586611190358	0.32265128669640075	2.702754020690918
0.5872142801761566	0.32143743615049014	2.7327539920806885
0.5878710441898776	0.322754566462076	2.772753953933716
0.5980234163565468	0.31568921448053894	2.8027539253234863
0.6162263006700369	0.30993728290479594	2.832753896713257
0.6146179355015489	0.31050650608953256	2.8727540969848633
0.6156565775286129	0.30979334871669184	2.902754068374634
0.6152054078820147	0.3100702958357875	2.9327540397644043
0.6154203048741539	0.30961399829906355	2.9727540016174316
0.6148514376098153	0.3095390137936696	3.002753973007202
0.6149793003587106	0.310578916965959	3.0327539443969727
0.6149079255316177	0.31021398185795895	3.07275390625
0.6146378394254105	0.3107650953801508	3.1027541160583496
0.6150191772906185	0.31001008557019316	3.13275408744812
0.6564792035645659	0.30984012220925766	3.1727540493011475
0.6541393831570657	0.3093565190340951	3.202754020690918
0.6544479913792862	0.3097179162610858	3.2327539920806885
0.6550960368766168	0.3104684174797074	3.272753953933716
0.6540268039785951	0.31069530226584313	3.3027539253234863
0.6541039584750983	0.31086083440034623	3.332753896713257
0.6539140685789911	0.3111763565993788	3.3727540969848633
0.6545192416499265	0.311075770928246	3.402754068374634
0.6537731568400508	0.3121028663632027	3.4327540397644043
0.6529488048354953	0.3126467412408784	3.4727540016174316
0.6545704668743525	0.31194833345117234	3.502753973007202
0.6877543548294397	0.3122952576964585	3.5327539443969727
0.6849194030001144	0.3104800577636133	3.57275390625
0.6834876798533956	0.31124153983376435	3.6027541160583496
0.6817903052480216	0.3110756506308376	3.63275408744812
0.6808665591648577	0.31225144156593637	3.6727540493011475
0.6794773959844181	0.3132639344822418	3.702754020690918
0.6786491107287669	0.3120414238123503	3.7327539920806885
0.677293027658659	0.3110237971951002	3.772753953933716
0.6765838455493968	0.31191240964729683	3.8027539253234863
0.6761143782296989	0.31061203867344356	3.832753896713257
0.7142452994221006	0.31046041661510754	3.8727540969848633
0.7138159013028053	0.3107680058384565	3.902754068374634
0.7140213750419202	0.3104565791991397	3.9327540397644043
0.7138456259340057	0.31058479120952487	3.9727540016174316
0.7139728660978636	0.3112508897471333	4.002753973007202
0.7141318891970417	0.31153630843761076	4.032753944396973
0.7139723089011236	0.31177231639011344	4.07275390625
0.7140401725542762	0.311514013934372	4.10275411605835
0.7144233180886833	0.3119303204619011	4.13275408744812
0.7153200602053463	0.3127796384847957	4.1727540493011475
0.7178143571774441	0.3102101449044479	4.202754020690918
0.7665848048527042	0.30839981234118885	4.2327539920806885
0.7646780717723288	0.30940414239636294	4.272753953933716
0.7633670855786395	0.3111410044803643	4.302753925323486
0.7631034506855385	0.31312178240474214	4.332753896713257
0.7611718184953032	0.312702970460475	4.372754096984863
0.7605232564797989	0.3111821164282124	4.402754068374634
0.7907688033477164	0.3390750533504616	4.432754039764404
0.8080107311438957	0.3655289215781647	4.472754001617432
0.8070775766962374	0.3661511870740921	4.502753973007202
0.8062913388780302	0.36617060100382526	4.532753944396973
0.8049979910825382	0.3663035392395842	4.57275390625
0.8049834338518688	0.3663132800483765	4.60275411605835
0.8040791295007108	0.36472249561768183	4.63275408744812
0.8043610155983755	0.3638847679821083	4.6727540493011475
0.8041225202410645	0.366868334746692	4.702754020690918
0.8065756944657663	0.3649451311589781	4.7327539920806885
0.8103136498736301	0.36221779134862386	4.772753953933716
0.811301949686166	0.36221028694409	4.802753925323486
0.8115613475563849	0.36252683887548526	4.832753896713257
0.811351906574758	0.3630781654463071	4.872754096984863
0.8111393567469679	0.3633219204745309	4.902754068374634
0.7744065487667721	0.3655290094739307	4.932754039764404
0.7746331738863171	0.3663548620351163	4.972754001617432
0.774388699464158	0.36770424095232224	5.002753973007202
0.7742365446125623	0.36759261266476173	5.032753944396973
0.7748328917216883	0.3670776300829837	5.07275390625
0.7740014513115633	0.3685611096120089	5.10275411605835
0.7744326559916437	0.36804291300285513	5.13275408744812
0.7748593197158639	0.3686819662431871	5.1727540493011475
0.7747232588028858	0.36943291341338325	5.202754020690918
0.7743340357867096	0.3679585349354974	5.2327539920806885
0.7681259669789862	0.36893734848573506	5.272753953933716
0.7514854269149439	0.3762966271045777	5.302753925323486
0.7500634023488862	0.3760643412300768	5.332753896713257
0.7493245927467415	0.37805984767552386	5.372754096984863
0.7492043068929156	0.3797329145482206	5.402754068374634
0.7482967494958975	0.37794427523916946	5.432754039764404
0.7477972710755615	0.37765658990515644	5.472754001617432
0.7479519773809038	0.3775293957205509	5.502753973007202
0.7478825441111567	0.376444066342098	5.532753944396973
0.749162799132998	0.3764468151669417	5.57275390625
0.7341958077104066	0.36642641925809794	5.60275411605835
0.732288198300183	0.3642710045406181	5.63275408744812
0.7319066034368902	0.36245431465404226	5.6727540493011475
0.7322858361791629	0.3616146013557417	5.702754020690918
0.733402509097523	0.3604002948100469	5.7327539920806885
0.7337252606200247	0.3617449584229891	5.772753953933716
0.7259880701537614	0.35895627071739855	5.802753925323486
0.7186360958665978	0.35737410751447746	5.832753896713257
0.7165744633512994	0.357696905736912	5.872754096984863
0.7149934528264079	0.3570946839827061	5.902754068374634
0.7143906533788182	0.35722669561406123	5.932754039764404
0.7142923387569897	0.35776714690706696	5.972754001617432
0.7117906722655716	0.3585294693942933	6.002753973007202
0.6913107063943741	0.37165168747337757	6.032753944396973
0.6901234110266669	0.3720843743011023	6.07275390625
0.6903362239085897	0.3728454651138182	6.10275411605835
0.6902049239364946	0.3737036371551976	6.13275408744812
0.6879195740086489	0.3725789989180061	6.1727540493011475
0.6866776395845742	0.37147349522835593	6.202754020690918
0.685558425581983	0.37221196493248965	6.2327539920806885
0.6853492940176619	0.36829021051003674	6.272753953933716
0.6845931755499779	0.3699222215882336	6.302753925323486
0.6842973806831796	0.370557342324307	6.332753896713257
0.6836489204472089	0.3719951213173947	6.372754096984863
0.6825563644878396	0.37211243160498997	6.402754068374634
0.682603046711137	0.3714559472187301	6.432754039764404
0.6824976273585988	0.3707540942035747	6.472754001617432
0.6817259359325253	0.3692700247176163	6.502753973007202
0.6597862226378861	0.3664175201464845	6.532753944396973
0.6589748028657375	0.3659999825237258	6.57275390625
0.6589585022032796	0.36493948135389065	6.60275411605835
0.6589353305680453	0.36520985933306754	6.63275408744812
0.6595874497145275	0.3647640522568122	6.6727540493011475
0.6594790402257422	0.36568458823857736	6.702754020690918
0.6600050427720499	0.3655661025819266	6.7327539920806885
0.6603196657255014	0.36618986457180164	6.772753953933716
0.6606375706412903	0.36660533282883073	6.802753925323486
0.6601238875627565	0.3663020255436126	6.832753896713257
0.6527372271744932	0.36638941737922553	6.872754096984863
0.6382885612109787	0.3724491500232219	6.902754068374634
0.6377599656384991	0.37159375905897163	6.932754039764404
0.6372923366174859	0.371331986251161	6.972754001617432
0.6364748863922902	0.37167973390035075	7.002753973007202
0.636409360923626	0.37221294219062473	7.032753944396973
0.6352337342965475	0.37222741332167114	7.07275390625
0.6354550621423317	0.3726966382741566	7.10275411605835
0.6353050538912943	0.3726068895000343	7.13275408744812
0.6343778461497971	0.3723336210643192	7.1727540493011475
0.6345612920091718	0.3711992688148659	7.202754020690918
0.633069000544118	0.37404682800847816	7.2327539920806885
0.6191599455809121	0.37374403871147455	7.272753953933716
0.6189040684717719	0.3733273392158224	7.302753925323486
0.6187121771647877	0.37434667428379403	7.332753896713257
0.6184229891529721	0.3735148415588126	7.372754096984863
0.6179329614285941	0.3742086387801065	7.402754068374634
0.6187939483596916	0.3736624295097555	7.432754039764404
0.618533283923512	0.3732708263401912	7.472754001617432
0.6194161385730386	0.3732457825302775	7.502753973007202
0.6195899349912822	0.3718533081965552	7.532753944396973
0.6208183510624675	0.3729236822236583	7.57275390625
0.6177841718866491	0.37258792721132644	7.60275411605835
0.5984582373151945	0.36789786561092064	7.63275408744812
0.5990254264466831	0.36757182080965034	7.6727540493011475
0.5983284960236739	0.36848812188279517	7.702754020690918
0.5989053936992216	0.3683079196723148	7.7327539920806885
0.5989329840016955	0.36854655116284946	7.772753953933716
0.5985171288342235	0.36835224998847654	7.802753925323486
0.5991561415100356	0.36753084088260235	7.832753896713257
0.5736890894288689	0.35994337289117406	7.872754096984863
0.5743262326251407	0.3610931663576108	7.902754068374634
0.5737566688588417	0.3615387372533765	7.932754039764404
0.5736346585996679	0.3603964579538831	7.972754001617432
0.573594367751685	0.35892505178402107	8.002753973007202
0.5732092913949121	0.3579455806982296	8.032753944396973
0.5730870034683068	0.3578835966061203	8.07275390625
0.5735380907613945	0.35701327511266173	8.10275411605835
0.5707086448550632	0.3566223042311407	8.13275408744812
0.5561452404134591	0.35241698415438033	8.172754049301147
0.5563997920768319	0.3538968568674311	8.202754020690918
0.5568078508644978	0.3528639536550447	8.232753992080688
0.5566789153649987	0.35415779842615425	8.272753953933716
0.5568071427944149	0.35532559531537583	8.302753925323486
0.5567120180674204	0.3558650205602063	8.332753896713257
0.5577264271609763	0.35589719800786335	8.372754096984863
0.5590209621905813	0.35517293517454057	8.402754068374634
0.5547397762811416	0.3549256677863185	8.432754039764404
0.5338695403560318	0.35317953282846254	8.472754001617432
0.5344681324679273	0.35320467080525636	8.502753973007202
0.5349606219916767	0.3535284636047832	8.532753944396973
0.535340643570638	0.3539230143514556	8.57275390625
0.5359002401691257	0.35416192275560404	8.60275411605835
0.5368938472855037	0.35506004812305497	8.63275408744812
0.5377721979395831	0.35510683863919273	8.672754049301147
0.538222409982414	0.35567474885025113	8.702754020690918
0.5390024245128128	0.356506395738176	8.732753992080688
0.5389566742095827	0.35798267266393397	8.772753953933716
0.532752826931463	0.35684339871522397	8.802753925323486
0.510552709382418	0.3640883621319629	8.832753896713257
0.5100224921421119	0.36471751519240675	8.872754096984863
0.5089544719669085	0.36442139755688546	8.902754068374634
0.5085108850592619	0.365162374145339	8.932754039764404
0.508054565149907	0.3654634705010474	8.972754001617432
0.508436782896111	0.3666533867112789	9.002753973007202
0.5078074878573311	0.3667530139978879	9.032753944396973
0.5066288721924148	0.3657935876596936	9.07275390625
0.5060682905842596	0.3642921384370005	9.10275411605835
0.505893653734153	0.3641072571069123	9.13275408744812
0.5060478492362417	0.3646170345739638	9.172754049301147
0.510642422383996	0.3632369481469061	9.202754020690918
0.5555795636896033	0.39293920455047665	9.232753992080688
0.5533809470323066	0.39247094596573084	9.272753953933716
0.5518329789553983	0.3933885826524303	9.302753925323486
0.5499799274328891	0.3946238999767855	9.332753896713257
0.5497452454116158	0.39576043739585315	9.372754096984863
0.5491970105603721	0.3968124187569175	9.402754068374634
0.5485652906271526	0.3953772029768181	9.432754039764404
0.5483046928017749	0.3948275275209284	9.472754001617432
0.5486200721428395	0.39439520840214926	9.502753973007202
0.549467079973407	0.39425516211685	9.532753944396973
0.5504835275791863	0.3933186645214903	9.57275390625
0.5516175700991873	0.3934221795259593	9.60275411605835
0.5515739679846713	0.394281544024871	9.63275408744812
0.5540447913690076	0.39214930187336455	9.672754049301147
0.5792509683750806	0.3892748082499615	9.702754020690918
0.5782461856619949	0.38851031411836506	9.732753992080688
0.5772286233900193	0.39034508302852494	9.772753953933716
0.5771744823780937	0.390530744302828	9.802753925323486
0.5760620712922144	0.3904113525574491	9.832753896713257
0.5754561879142994	0.39164607100876503	9.872754096984863
0.5787692952091978	0.3896053227779652	9.902754068374634
0.6025795105838185	0.39138051107442	9.932754039764404
0.6009652257057997	0.3887863692021097	9.972754001617432
0.6005335418350578	0.389802800493721	10.002753973007202
0.6005697999866272	0.3908696751616657	10.032753944396973
0.5996023887515135	0.39004752837757056	10.07275390625
0.5996758093381681	0.3886592016458881	10.10275411605835
0.5991441401887738	0.38789353363752377	10.13275408744812
0.5994620360425014	0.38920596979089767	10.172754049301147
0.6143287166438004	0.38735455793244183	10.202754020690918
0.32854961331485943	0.1749392158999212	10.232753992080688
0.33051208032244056	0.1774907586167261	10.272753953933716
0.3315893155887588	0.17958702464139184	10.302753925323486
0.33160674460003764	0.18101907261514402	10.332753896713257
0.6156700149940489	0.39615714514433986	10.372754096984863
0.6151996235288344	0.39521459124804936	10.402754068374634
0.6150848897195607	0.39520314793649597	10.432754039764404
0.61476307677435	0.39501061946560373	10.472754001617432
0.6182767749811797	0.3935466091075194	10.502753973007202
0.6493065288624826	0.3883749456874829	10.532753944396973
0.6477112985463119	0.385622055166805	10.57275390625
0.6484442829911143	0.3871128714066578	10.60275411605835
0.649017250736805	0.38754248747858755	10.63275408744812
0.6482910642550828	0.3883910889702563	10.672754049301147
0.6482883484384818	0.3878430485513551	10.702754020690918
0.6483110837331529	0.3889932514565713	10.732753992080688
0.6480253587405607	0.39103341335631603	10.772753953933716
0.648359672254395	0.3920000134923134	10.802753925323486
0.649033215558652	0.39255749874148166	10.832753896713257
0.6499515336688347	0.39394230092664007	10.872754096984863
0.6502483620950141	0.3932802641719872	10.902754068374634
0.6502790820282455	0.39378129894091457	10.932754039764404
0.648791754536089	0.39354421060072026	10.972754001617432
0.6683057444451681	0.3974314619248609	11.002753973007202
0.6695569402685158	0.39758118610289905	11.032753944396973
0.6697439166025522	0.4002285820822067	11.07275390625
0.66829893478925	0.4008761023491314	11.10275411605835
0.6677527043800684	0.40029977642235387	11.13275408744812
0.6676932567358446	0.40549679916304526	11.172754049301147
0.6681600679745369	0.40399964237789815	11.202754020690918
0.6679379784099595	0.4051194794882947	11.232753992080688
0.668927305593034	0.4045617581322127	11.272753953933716
0.6852230652458918	0.4026472153033249	11.302753925323486
0.6855511228363043	0.40465765098221146	11.332753896713257
0.6849606302744794	0.4050964389281352	11.372754096984863
0.6841433369305556	0.40537446277684097	11.402754068374634
0.6844167457761846	0.40518677955033655	11.432754039764404
0.6839464096245615	0.40593184861597525	11.472754001617432
0.6842816838765967	0.40581391038578707	11.502753973007202
0.6829863427676951	0.4060512627560671	11.532753944396973
0.6828867753021104	0.4072866895950615	11.57275390625
0.6833614424951946	0.4069833604892707	11.60275411605835
0.6830396359853895	0.4075506840062284	11.63275408744812
0.6827063097511791	0.40831645486002244	11.672754049301147
0.683172149322685	0.4079405279480619	11.702754020690918
0.6826650201113001	0.4080869655500811	11.732753992080688
0.6837584320181024	0.4083737230446541	11.772753953933716
0.6837996835921016	0.40798676994430055	11.802753925323486
0.6839719979153532	0.4084422395139403	11.832753896713257
0.684194080338426	0.40818215183407375	11.872754096984863
0.6997679817899027	0.40351096299280803	11.902754068374634
0.7209171777913902	0.4083215380636105	11.952754020690918
0.7213515575777337	0.4084355738216752	11.972754001617432
0.7209073936715231	0.4099089772421568	12.002753973007202
0.7205446773251484	0.40913227854915546	12.032753944396973
0.7208139068648651	0.4094489936899875	12.07275390625
0.7204246083452834	0.4110042148369981	12.10275411605835
0.7211985115492204	0.4120118847530703	12.13275408744812
0.7199905455585431	0.4111667028133684	12.172754049301147
0.7196139659354595	0.41202033693516255	12.202754020690918
0.7329414285962833	0.414476539215918	12.232753992080688
0.7393852618913882	0.416060861931624	12.272753953933716
0.7425043751674322	0.41916374319525396	12.302753925323486
0.7427107142323276	0.42070216676668715	12.332753896713257
0.7428287438425194	0.42031222996374373	12.372754096984863
0.7428146440981569	0.4216149272035755	12.402754068374634
0.7430689592386726	0.42178843377633146	12.432754039764404
0.7417960454622399	0.4225630990915208	12.462754011154175
0.7407539843815102	0.4228655968559793	12.502753973007202
0.7405405569130327	0.42278646939576425	12.532753944396973
0.7402457162895234	0.4241066851296122	12.57275390625
0.7395701291357578	0.4244628822821742	12.60275411605835
0.7436272611369351	0.42448315138981196	12.63275408744812
0.7849091509885301	0.4493278234513822	12.672754049301147
0.7830612973419401	0.4478961065536649	12.702754020690918
0.7830199463385096	0.4490614780151219	12.732753992080688
0.7827939108432941	0.4495218483175807	12.772753953933716
0.78293520522084	0.449742343352528	12.802753925323486
0.7829196280692283	0.4493338826108514	12.832753896713257
0.7822122740047897	0.44960457672979237	12.872754096984863
0.7816598501711113	0.44687620045604526	12.902754068374634
0.7813613863096466	0.44675612250112423	12.932754039764404
0.7513783297508838	0.44619146763697454	12.972754001617432
0.7465527366932625	0.44484556327519803	13.002753973007202
0.7445052461082634	0.4443700164781233	13.032753944396973
0.7436541059687676	0.44411307121710614	13.07275390625
0.7425721799783699	0.4447472185117705	13.10275411605835
0.7416744205169448	0.4455484042690386	13.13275408744812
0.7405512060198698	0.44577348239260534	13.172754049301147
0.740210602906328	0.4454037002932827	13.202754020690918
0.7405802399227599	0.4442023444820941	13.232753992080688
0.7402044056320471	0.4456500978435181	13.272753953933716
0.7404544071108595	0.44607388540618803	13.302753925323486
0.7410742376396695	0.44682010872972894	13.332753896713257
0.7417261094672893	0.4458322209006351	13.372754096984863
0.7389272409247364	0.44655937366549836	13.402754068374634
0.7191273227734953	0.44444483227790627	13.432754039764404
0.7199939908478155	0.444926746841588	13.472754001617432
0.7198546136087991	0.44373994737309674	13.502753973007202
0.7188827429665401	0.4443208712945507	13.532753944396973
0.7178135672709802	0.4433520113439088	13.57275390625
0.7181159069069408	0.44207820857744223	13.60275411605835
0.7171091843714347	0.44096805535446787	13.63275408744812
0.6970180744663371	0.4306377588203977	13.672754049301147
0.6975104972388381	0.4288905646782614	13.702754020690918
0.6971557650118072	0.42718584267934956	13.732753992080688
0.6961467316340635	0.42617347406788336	13.772753953933716
0.6963505287704497	0.4265217042937659	13.802753925323486
0.6969392442423394	0.42832563818960706	13.832753896713257
0.6966739335581522	0.42584756858027656	13.872754096984863
0.6968166140539861	0.42598016330007216	13.902754068374634
0.6962288656205127	0.4266676572518525	13.932754039764404
0.6961983166873701	0.4274070779705788	13.972754001617432
0.6956094790016617	0.42774620291804594	14.002753973007202
0.6948912687959118	0.4284377513999731	14.032753944396973
0.6934606256233924	0.4294863097555602	14.07275390625
0.6941382329422073	0.4294306685970371	14.10275411605835
0.6721363457024394	0.4238781743230068	14.13275408744812
0.6707413195419593	0.4236641138405809	14.172754049301147
0.6690235208617238	0.4244882102447781	14.202754020690918
0.6678501059228883	0.42566498541619807	14.232753992080688
0.6673148285787033	0.4257957867086336	14.272753953933716
0.6670148267296995	0.42595830786291633	14.302753925323486
0.666596705126141	0.4263404996436231	14.332753896713257
0.6662956083643533	0.4254080692494791	14.372754096984863
0.6665274291705748	0.42540265169004515	14.402754068374634
0.6657679629396138	0.4261313510366726	14.432754039764404
0.6350521657327047	0.4264550542482878	14.472754001617432
0.615732699427383	0.4286217590429799	14.502753973007202
0.615502144671348	0.4270829678660218	14.532753944396973
0.6137552162066249	0.42781582998061796	14.57275390625
0.6126294346508964	0.4275660030982091	14.60275411605835
0.6129862250037461	0.4278057741547661	14.63275408744812
0.6131878588466537	0.4269488488156994	14.672754049301147
0.6131264111733543	0.4259882459878025	14.702754020690918
0.6129081717128385	0.4249485977340963	14.732753992080688
0.6187587955913313	0.42169426999656684	14.772753953933716
0.6424672594751107	0.4233081207210588	14.802753925323486
0.6423005033119787	0.4231208342611251	14.832753896713257
0.6419039661945869	0.4224798543901959	14.872754096984863
0.6418276652299867	0.4234090599624208	14.902754068374634
0.6411594410799306	0.4230293411210976	14.932754039764404
0.6422464086978918	0.42395589789295934	14.972754001617432
0.6410330296867713	0.42401618391374074	15.002753973007202
0.6397792300233229	0.42451857634862933	15.032753944396973
0.6201263695677204	0.4201294321540112	15.07275390625
0.6204759829064144	0.4203829313987024	15.10275411605835
0.6197091795098338	0.42118292520779177	15.13275408744812
0.6189666230205999	0.42155776363749486	15.172754049301147
0.6184152499871889	0.42307136217171365	15.202754020690918
0.6188694719075021	0.423207665046792	15.232753992080688
0.6180101234117011	0.42369034721347837	15.272753953933716
0.6189217140752971	0.4253986972564873	15.302753925323486
0.6185490544050805	0.42524902897823535	15.332753896713257
0.585978565190152	0.41411023662587126	15.372754096984863
0.5859103648594847	0.41529593242500784	15.402754068374634
0.5849077527899219	0.41550769688826317	15.432754039764404
0.5843460414430178	0.4154191303750928	15.472754001617432
0.5835869852145885	0.415892419934455	15.502753973007202
0.5829208311337957	0.41489514666149163	15.532753944396973
0.5820217833845757	0.4148021168615184	15.57275390625
0.5813859659591257	0.41338676105744016	15.60275411605835
0.5814888927244776	0.4133552520415554	15.63275408744812
0.582438605253966	0.4184696708599607	15.672754049301147
0.5827999582720734	0.4243335548394576	15.702754020690918
0.5824904970228105	0.4248328463870106	15.732753992080688
0.5825866306246625	0.4248751993862283	15.772753953933716
0.5832104760177115	0.42578096549502015	15.802753925323486
0.5823196944671323	0.4255339072576365	15.832753896713257
0.5821113782280014	0.4248548756244092	15.872754096984863
0.5824123113397889	0.42563053950357416	15.902754068374634
0.5825997013501797	0.4264295252404466	15.932754039764404
0.581944593707354	0.42709347263978925	15.972754001617432
0.5808272480498013	0.4286078848014645	16.002753973007202
0.5661935839051728	0.43257733342758015	16.032753944396973
0.5671086064407395	0.4337709462204174	16.07275390625
0.5663049108835286	0.43718483740716435	16.10275411605835
0.5658135046054599	0.4389106777945652	16.13275408744812
0.5654688155779075	0.4399078000971312	16.172754049301147
0.5651498356796708	0.4399864975271856	16.202754020690918
0.5581214754618404	0.4371359792236457	16.23275399208069
0.554975459055717	0.437422280261964	16.272753953933716
0.5541711956601545	0.43628743535269854	16.302753925323486
0.5534396034701488	0.4357857261318736	16.332753896713257
0.5541172845448433	0.4350725208624577	16.372754096984863
0.5536397874031149	0.43537268975883353	16.402754068374634
0.5546500569296008	0.43510948486223533	16.432754039764404
0.5536786034404151	0.43430261871188514	16.47275400161743
0.5542636172794356	0.43487740861274626	16.502753973007202
0.5541637761212677	0.4332139025091617	16.532753944396973
0.5542614771152407	0.4315803292248128	16.57275390625
0.5546335665134802	0.4318111089824596	16.60275411605835
0.5542780748599047	0.43220456052769796	16.63275408744812
0.5542474442987582	0.4306758692562138	16.672754049301147
0.5876096181227637	0.43623141221436573	16.702754020690918
0.5850071786580838	0.43479060793232044	16.73275399208069
0.5848862042609659	0.4376802184447718	16.772753953933716
0.5838823968665061	0.43916279686067927	16.802753925323486
0.5836670520497436	0.44009851930248056	16.832753896713257
0.5823520370895412	0.4403341087274557	16.872754096984863
0.5824285367029928	0.439636803548888	16.902754068374634
0.5812192056663227	0.440246905267664	16.932754039764404
0.31818511968649266	0.2234991770631084	16.97275400161743
0.3180038668254184	0.22525269975179604	17.002753973007202
0.31820249216452134	0.2260663716578634	17.032753944396973
0.3189193768471829	0.22754120176426243	17.07275390625
0.5801513186347269	0.44374307018025577	17.10275411605835
0.5805698365447397	0.4440242191130156	17.13275408744812
0.5809326830614421	0.4448163047402936	17.172754049301147
0.5807823683869151	0.4453975061170117	17.202754020690918
0.5814721705105378	0.4465074462707636	17.23275399208069
0.5816939409270331	0.4464153570716378	17.272753953933716
0.5819963899040375	0.447543714712497	17.302753925323486
0.5839135535607219	0.4479858454736837	17.332753896713257
0.5964987986159924	0.44962132696863233	17.372754096984863
0.643246291089141	0.45102165760913576	17.402754068374634
0.6451705984183914	0.45453908541294435	17.432754039764404
0.6421025222220399	0.45817442650846574	17.47275400161743
0.6381976799990088	0.45772524560523586	17.502753973007202
0.6365305433918593	0.4553664530758005	17.532753944396973
0.6349040595758143	0.4536270984447664	17.57275390625
0.6340627060796141	0.4525891543469367	17.60275411605835
0.6325180827305228	0.45198934891957726	17.63275408744812
0.6319038165978562	0.4507602668151266	17.672754049301147
0.6308706324179812	0.45027507299583913	17.702754020690918
0.6294734406413991	0.4504289968014815	17.73275399208069
0.6286990464455839	0.4506897389179008	17.772753953933716
0.6279601828442625	0.4495866889879266	17.802753925323486
0.6272778316231313	0.44801404316590815	17.832753896713257
0.6273409054563307	0.4483561902613499	17.872754096984863
0.6276191464274926	0.44889074546231567	17.902754068374634
0.6275837661644278	0.44844676262131256	17.932754039764404
0.6268449019353463	0.44810174428296434	17.97275400161743
0.6271314719034194	0.44701671986257474	18.002753973007202
0.6277075658025851	0.44763306656552526	18.032753944396973
0.6271563690626114	0.44647739745976	18.07275390625
0.6273067002823304	0.44720512560466136	18.10275411605835
0.6272690879683335	0.4453958290347345	18.13275408744812
0.6275943224920979	0.44330249025280694	18.172754049301147
0.6278665431149074	0.44353480445665666	18.202754020690918
0.6283337768558895	0.44369328182124096	18.23275399208069
0.6297218670803806	0.44425480767221615	18.272753953933716
0.6302660789682928	0.4438671349050089	18.302753925323486
0.6300005776354228	0.4433623317433946	18.332753896713257
0.6488287044670922	0.44187989229068303	18.372754096984863
0.6756523967693892	0.4487795977253051	18.41275405883789
0.6757101510234375	0.44913425496481546	18.432754039764404
0.6760192468086056	0.4499235882756225	18.47275400161743
0.6754827491705897	0.4497596008421062	18.502753973007202
0.6762876990853004	0.4506310862415332	18.532753944396973
0.6760963547538846	0.4511624772070304	18.57275390625
0.6763070395181754	0.4526921061371041	18.60275411605835
0.6761749893303118	0.45310294203922674	18.63275408744812
0.6766479249566659	0.4547676417659998	18.672754049301147
0.6761906203520972	0.45426698996469705	18.702754020690918
0.675722580407096	0.4552625451830368	18.73275399208069
0.6768287161091576	0.4555888093088146	18.772753953933716
0.6772441649792365	0.45596606145574803	18.802753925323486
0.677990916554402	0.45633427885138406	18.832753896713257
0.6778901294861269	0.45687153152838234	18.872754096984863
0.677448494789348	0.45606354390874787	18.902754068374634
0.6772732229466794	0.45764635680579435	18.932754039764404
0.6765560894522735	0.45846504105272456	18.97275400161743
0.6759086924252407	0.4588597706965756	19.002753973007202
0.675046648429629	0.45860793151568335	19.032753944396973
0.674094643626804	0.46003060665130335	19.07275390625
0.6733006194084925	0.46024614919307144	19.10275411605835
0.6702798605887942	0.4620078521683213	19.13275408744812
0.6403936477241918	0.440941871784007	19.172754049301147
0.6388622655573097	0.4398608099837248	19.202754020690918
0.6381470779366759	0.4396773997748168	19.23275399208069
0.6370453341084918	0.4412238089227416	19.272753953933716
0.6382393394192258	0.44128587980263495	19.302753925323486
0.6381891763111537	0.44235414672157836	19.332753896713257
0.6384559504234216	0.4434497233010906	19.372754096984863
0.638171118064	0.4439570217298039	19.402754068374634
0.6394133340427596	0.44643483726345284	19.432754039764404
0.6392896908086318	0.44673940625548725	19.47275400161743
0.6384277922196164	0.44721906508688813	19.502753973007202
0.670991898743735	0.5006726016477072	19.532753944396973
0.7105592378638054	0.5987735442246583	19.57275390625
0.7085338466934838	0.5967226977480018	19.60275411605835
0.7085866084033302	0.5991752653267023	19.63275408744812
0.7089689934831742	0.5990468306823347	19.672754049301147
0.708177921844656	0.5990092029660524	19.702754020690918
0.7084069709766077	0.5997504663075399	19.73275399208069
0.7089937743705763	0.5984012061749275	19.772753953933716
0.6643832087890611	0.4964581563614381	19.802753925323486
0.65496631315156	0.4832918873352176	19.832753896713257
0.6512018345845457	0.47977408077257105	19.872754096984863
0.6462250694301207	0.47663021966983815	19.902754068374634
0.641543698684028	0.4748053120569604	19.932754039764404
0.6398035087731845	0.47264153414417115	19.97275400161743
0.6380415286749346	0.4710496893576077	20.002753973007202
0.6358076318870561	0.4702614790049477	20.032753944396973
0.6346278762360287	0.47048812031936693	20.07275390625
0.633089445852401	0.46949518769985155	20.10275411605835
0.6333810453792977	0.4734749994581951	20.13275408744812
0.6375326867415276	0.4846179996811608	20.172754049301147
0.6395193157143545	0.4848560508940597	20.202754020690918
0.6390115957783787	0.4835664244086274	20.23275399208069
0.6387926278258418	0.48552163925691494	20.272753953933716
0.6380365188490154	0.4830223041189486	20.302753925323486
0.6367169673589539	0.483876175245555	20.332753896713257
0.6364708102849963	0.4850689738907292	20.372754096984863
0.6366052033042048	0.48562183037681594	20.402754068374634
0.6362201748718711	0.48494602655413743	20.432754039764404
0.6364354143381382	0.48623794413360466	20.47275400161743
0.6374482954955986	0.48626656295088055	20.502753973007202
0.6377007758040748	0.4855489709749529	20.532753944396973
0.6378261696433349	0.4854359959548849	20.57275390625
0.6386474943900079	0.4864962081789738	20.60275411605835
0.6409284465893653	0.4859382632478181	20.63275408744812
0.6462669232230049	0.48538936487768064	20.672754049301147
0.6427780391385944	0.49692809802896665	20.702754020690918
0.6446733965556212	0.504962845961908	20.73275399208069
0.6536906539529805	0.4839201369906174	20.772753953933716
0.6514504535830338	0.46096485139050386	20.802753925323486
0.6398617097150137	0.4501718646326812	20.832753896713257
0.6357130061522968	0.44940220080001925	20.872754096984863
0.6341434559908267	0.45062422755920595	20.902754068374634
0.6312217413707328	0.44979738084039267	20.932754039764404
0.6293160785340247	0.4484763192085589	20.97275400161743
0.6280889488929362	0.4488139549954295	21.002753973007202
0.6262591920772773	0.44801784352821056	21.032753944396973
0.6254131294187857	0.44690348870105456	21.07275390625
0.6254800048953614	0.44637499373555406	21.10275411605835
0.6246939178676247	0.4459949728938284	21.13275408744812
0.6240569382706936	0.44477510982872787	21.172754049301147
0.6242200028137239	0.4438528562655513	21.202754020690918
0.6257011054103193	0.4420226595809901	21.23275399208069
0.5984398101873053	0.45048121380378264	21.272753953933716
0.5965976363427026	0.45253868380174794	21.302753925323486
0.5939508318600856	0.45431664239794417	21.332753896713257
0.592127103576232	0.4570750332373449	21.372754096984863
0.5911077901823614	0.45684514135544824	21.402754068374634
0.5918174169472883	0.45792830965738934	21.432754039764404
0.5922036599922755	0.4599293355804563	21.47275400161743
0.5910808832681241	0.45844543971077384	21.502753973007202
0.5906949763386244	0.45728537008055564	21.532753944396973
0.5906379381905194	0.4575129706013181	21.57275390625
0.5904528330949663	0.45811161888505436	21.60275411605835
0.590315896182198	0.45776912685823146	21.63275408744812
0.589731123371375	0.45773840684709277	21.672754049301147
0.5891063099097288	0.458824699185272	21.702754020690918
0.5895180180915673	0.4583052667854155	21.73275399208069
0.5881009142169502	0.45745544143178646	21.772753953933716
0.5865155035530798	0.4582872644940969	21.802753925323486
0.5854271891246651	0.4580304549648729	21.832753896713257
0.5854501467775874	0.4585021452500122	21.872754096984863
0.5851897355749616	0.45834435316748345	21.902754068374634
0.5849768056827725	0.45851641346254146	21.932754039764404
0.584240999477166	0.45844504462958935	21.97275400161743
0.5847095818706091	0.458994200105161	22.002753973007202
0.5770296627684687	0.45558420489250534	22.032753944396973
0.571632964057725	0.45150003937573935	22.07275390625
0.5709415604206751	0.44684834430486237	22.10275411605835
0.5704031061282236	0.44456930097847625	22.13275408744812
0.570055480001985	0.44377981941815786	22.172754049301147
0.5701367815238011	0.4443473229371909	22.202754020690918
0.5706331817298064	0.44489261258837975	22.23275399208069
0.5711986610834477	0.4448877886192952	22.272753953933716
0.5715801604676451	0.4446120335303217	22.302753925323486
0.5714922563555216	0.443666285267747	22.332753896713257
0.5721258023887381	0.4435129285500186	22.372754096984863
0.5723978160015692	0.44366733864272306	22.402754068374634
0.5732926981326247	0.44459370079220817	22.432754039764404
0.5737065388443333	0.4437116408936825	22.47275400161743
0.5735494512809702	0.4443110395974519	22.502753973007202
0.5868754163294368	0.46937198824600346	22.532753944396973
0.5858966166823949	0.4678659126856841	22.57275390625
0.5864798876442364	0.4710669598357981	22.60275411605835
0.5852174479893363	0.47402208180035427	22.63275408744812
0.5852879461816262	0.4763530372739132	22.672754049301147
0.5837916644736085	0.4782590483852495	22.702754020690918
0.5831634318064012	0.478051598602487	22.73275399208069
0.5828773148165415	0.4784278850363899	22.772753953933716
0.5832930402802669	0.4798753429425887	22.802753925323486
0.5828877617140698	0.48148175560895273	22.832753896713257
0.5816123982653774	0.4532418174576569	22.872754096984863
0.6919998218929981	0.47862373061286095	22.902754068374634
0.6885233262173833	0.4778812427717024	22.932754039764404
0.6859396563135864	0.4794808642594679	22.97275400161743
0.6846802323566411	0.47936527782627353	23.002753973007202
0.6839789609170174	0.4790869933005655	23.032753944396973
0.6833609591453236	0.4790908284421855	23.07275390625
0.6829761771761983	0.47882002495356857	23.10275411605835
0.6822018151354476	0.4790798516157755	23.13275408744812
0.6821561929674121	0.47948262471954817	23.172754049301147
0.6820359594155947	0.4792921504587056	23.202754020690918
0.6812927214686141	0.4800003321213674	23.23275399208069
0.680668534941247	0.4804637172896735	23.272753953933716
0.6801713762242801	0.4807301677303081	23.302753925323486
0.6787100768805718	0.48172984046364353	23.332753896713257
0.6769766520926489	0.48307646838901463	23.372754096984863
0.6753734965238016	0.48291912880791954	23.402754068374634
0.7023649915291992	0.48521410374126045	23.432754039764404
0.7479852852699591	0.4949368054623305	23.47275400161743
0.745605182950938	0.49428733014672016	23.502753973007202
0.7442849715384603	0.4946529137934085	23.532753944396973
0.7433579547206791	0.4949543134086568	23.57275390625
0.7427562103269755	0.4940180482460853	23.60275411605835
0.7418471585316437	0.4942618848919275	23.63275408744812
0.7420231222147328	0.4931438431638085	23.672754049301147
0.741769988410189	0.4932711079476257	23.702754020690918
0.7429304883674549	0.4914691957462668	23.73275399208069
0.8072496818534306	0.48653524966326783	23.772753953933716
0.8058981225032734	0.48467042502581725	23.802753925323486
0.8062135570504109	0.4865189987600054	23.832753896713257
0.8072539999099814	0.48663417212917515	23.872754096984863
0.806411114615521	0.4869468564196114	23.902754068374634
0.8052509805700715	0.48660363025631104	23.932754039764404
0.8033193212624258	0.48652753621564954	23.97275400161743
0.8031774733284592	0.4872970774090424	24.002753973007202
0.8026094973864097	0.48645667835107337	24.032753944396973
0.8013038403638788	0.4872871422227014	24.07275390625
0.8007786086991964	0.4882504217352511	24.10275411605835
0.8016364424178481	0.48876527493866895	24.13275408744812
0.8008393186935592	0.4884738810716152	24.172754049301147
0.8010572444620457	0.48808471328765407	24.202754020690918
0.7999108594295401	0.4892934095107864	24.23275399208069
0.7468724234430736	0.4373275483044597	24.272753953933716
0.7451825242035726	0.4332163642964231	24.302753925323486
0.744043967673053	0.4339067855332583	24.332753896713257
0.7429921861859784	0.43364091442216024	24.372754096984863
0.7425692997761852	0.4344331584902892	24.402754068374634
0.741512979191599	0.4338026061610868	24.432754039764404
0.7408978234771133	0.433376938386869	24.47275400161743
0.7403188152412064	0.43382938970842766	24.502753973007202
0.7396403595343298	0.43321883060276956	24.532753944396973
0.7390056532170636	0.43287461874341754	24.57275390625
0.7388188357245333	0.43224186847701557	24.60275411605835
0.7383271849730018	0.43314867886333386	24.63275408744812
0.7381306511393845	0.43254498168974376	24.672754049301147
0.7378130043038813	0.432347667489329	24.702754020690918
0.7386170833031754	0.43213133511040497	24.73275399208069
0.715065542841906	0.40603014902466605	24.772753953933716
0.6836406063871571	0.35383913485450036	24.812753915786743
0.6855258674649866	0.3553297245520369	24.832753896713257
0.6854112637536268	0.3567004024581736	24.872754096984863
0.6863960798609503	0.3571115375776776	24.902754068374634
0.6858792652644344	0.35625485389499195	24.932754039764404
0.686517637033292	0.3570157015848679	24.97275400161743
0.6869585825932786	0.3573852802790496	25.002753973007202
0.688234658994594	0.3571799335421359	25.032753944396973
0.6894061448014128	0.3561484241846081	25.07275390625
0.6749153960611429	0.33809926133394735	25.10275411605835
0.6737017862746211	0.3359561524651302	25.13275408744812
0.6756349760017603	0.3360872081180405	25.172754049301147
0.6758156976262442	0.3363533563608627	25.202754020690918
0.677343127628728	0.3356370559503889	25.23275399208069
0.6786557768716196	0.3356409595319644	25.272753953933716
0.6793623658201029	0.33630169780877683	25.302753925323486
0.6482464632332833	0.3322064909844366	25.332753896713257
0.6467932873947397	0.33354663207565405	25.372754096984863
0.6472878277472682	0.3335678048098693	25.402754068374634
0.6470908038055011	0.3317798551393519	25.432754039764404
0.6467236428918828	0.33195274933101315	25.47275400161743
0.6475472223732427	0.3325872614973161	25.502753973007202
0.6476200453623873	0.3317777292371436	25.532753944396973
0.6475430317273	0.33139171109231375	25.57275390625
0.6473121296339769	0.3340147867476592	25.60275411605835
0.6472896790502185	0.33522245418023566	25.63275408744812
0.6480202969284178	0.33563349377002133	25.672754049301147
0.6490206413780502	0.3362037022819517	25.702754020690918
0.6478912661990917	0.33649876681199925	25.73275399208069
0.6478666151057151	0.3367185365144155	25.772753953933716
0.6483165179906023	0.3363500385950359	25.802753925323486
0.6427360021272518	0.33687901012952237	25.832753896713257
0.6405032063052516	0.33880715330543365	25.872754096984863
0.6387143554554672	0.3386865049538359	25.902754068374634
0.6389828772053562	0.33969943129522523	25.932754039764404
0.656292507771304	0.33070212364116863	25.97275400161743
0.6764869245672063	0.3333998166654233	26.002753973007202
0.6761624271558383	0.33372990909262545	26.032753944396973
0.6764017583077829	0.3336038773307459	26.07275390625
0.6771047932042302	0.3328356115210264	26.10275411605835
0.6775426208186118	0.3338427677217923	26.13275408744812
0.6772048159604085	0.33283150693435865	26.172754049301147
0.6788171027678314	0.33310211574097887	26.202754020690918
0.6785796458571395	0.3339449136710067	26.23275399208069
0.678865328888051	0.33486920371948625	26.272753953933716
0.6793139923317344	0.33179043084177917	26.302753925323486
0.6787247914550498	0.333237764013318	26.332753896713257
0.6790289931620163	0.33183231683850706	26.372754096984863
0.6777957562342038	0.3324330764910303	26.402754068374634
0.6768891194073772	0.334401885999218	26.432754039764404
0.6764930050885273	0.3363652680884404	26.47275400161743
0.6753775514030457	0.33585606012302616	26.502753973007202
0.6750524185309301	0.33741177769751174	26.532753944396973
0.6744686481013592	0.3382699993145486	26.57275390625
0.6774620184643766	0.338011898011228	26.60275411605835
0.7139055149755109	0.33696540499646244	26.63275408744812
0.7110851063091852	0.33727359305680077	26.672754049301147
0.7102664718388765	0.337880694788816	26.702754020690918
0.7095133893416602	0.33726172564982604	26.73275399208069
0.7094063000794972	0.3381018546723017	26.772753953933716
0.7092147920126004	0.336486908822975	26.802753925323486
0.7093072710780194	0.33580782968753975	26.832753896713257
0.709047066257606	0.3370412171231766	26.872754096984863
0.7093477670905698	0.3378128357992772	26.902754068374634
0.6537008228712253	0.3526060360589232	26.932754039764404
0.6563195554096877	0.3479349179537517	26.97275400161743
0.6557398985577363	0.3504374888672726	27.002753973007202
0.6528203305643441	0.3486107352447096	27.032753944396973
0.6506401689326936	0.3473115329202575	27.07275390625
0.6500362561883879	0.34702464152519213	27.10275411605835
0.6643338204406908	0.34224931009745385	27.13275408744812
0.6893076458491354	0.34191808868417606	27.172754049301147
0.6887773085224387	0.342379197441486	27.202754020690918
0.6873041730412395	0.3421340943679428	27.23275399208069
0.685714780653533	0.3412575175604916	27.272753953933716
0.6845471484696244	0.3417291947231774	27.302753925323486
0.6841702299255953	0.34142118394845505	27.332753896713257
0.6837558647621077	0.34126387462934454	27.372754096984863
0.6834878027150961	0.34145882014449286	27.402754068374634
0.6819678081702301	0.3415111827931281	27.432754039764404
0.6813318946836886	0.3405188991557582	27.47275400161743
0.6826087320025092	0.34052688870585845	27.502753973007202
0.6358865227535856	0.3336165801498939	27.532753944396973
0.6356416521703088	0.33359642363612957	27.57275390625
0.6352872090173419	0.3338672347346225	27.60275411605835
0.6340071221614305	0.3322447577622733	27.63275408744812
0.6331224018221484	0.3317568704775382	27.672754049301147
0.6325852852822674	0.3315717206047436	27.702754020690918
0.6325494999481964	0.3308075321944982	27.73275399208069
0.6318963752559602	0.33063738694988987	27.772753953933716
0.6327249425801503	0.3323520057616129	27.802753925323486
0.5672916838199293	0.33189482337159715	27.832753896713257
0.5658392337475368	0.33160253940887174	27.872754096984863
0.5638792118229597	0.33202644857199504	27.902754068374634
0.5620717605867273	0.331948467743467	27.932754039764404
0.5605611596628879	0.3316071266254863	27.97275400161743
0.5606513607590634	0.3322418485302367	28.002753973007202
0.5859624883848159	0.3327726861977094	28.04275393486023
0.5836550643708188	0.3345183048490761	28.07275390625
0.5826466908384464	0.3345301182957744	28.10275411605835
0.5820758694703642	0.3348362390282821	28.13275408744812
0.5818900259151059	0.33467682016791744	28.172754049301147
0.5803296444711048	0.33446375339759343	28.202754020690918
0.5800598711725831	0.33514855393716675	28.242753982543945
0.5523465962636607	0.3384993344626534	28.272753953933716
0.5513770151444602	0.33952485328024845	28.302753925323486
0.550400280309934	0.3400194171453195	28.342753887176514
0.550263185620288	0.33870806178694207	28.372754096984863
0.5495624955568545	0.33887952909394825	28.402754068374634
0.5506137520200153	0.33764924440994554	28.44275403022766
0.5492599101758465	0.3368385480216106	28.47275400161743
0.5222884380908699	0.34254347877748503	28.502753973007202
0.5225099360910129	0.34296323725870526	28.54275393486023
0.522492644047241	0.34324462220794677	28.57275390625
0.5224537165122538	0.3443102804009928	28.60275411605835
0.5216367927241075	0.34425281359996235	28.642754077911377
0.521319483178419	0.3451417761569241	28.672754049301147
0.5210551186773746	0.34565562675561456	28.702754020690918
0.5158543852087003	0.3455251073840845	28.742753982543945
0.4880788407856334	0.3414471106301804	28.772753953933716
0.48820032541267344	0.3407218703858428	28.802753925323486
0.4883641093668774	0.3427398748684403	28.842753887176514
0.48924617909716206	0.34375883686917325	28.872754096984863
0.4886006762487991	0.3442498027335036	28.902754068374634
0.48796336936068474	0.34282843338946073	28.94275403022766
0.48742182254833466	0.34369910872545517	28.97275400161743
0.48762095851951337	0.34401003663761864	29.002753973007202
0.4868644522542216	0.3447855498804755	29.04275393486023
0.4921727914813159	0.34870519453653476	29.07275390625
0.5214635022593972	0.3893224251535608	29.10275411605835
0.5186647767471239	0.385173770018021	29.142754077911377
0.5175270156964334	0.38815430964916076	29.172754049301147
0.5168183795828163	0.38771072193285483	29.202754020690918
0.514083850924123	0.389897835898609	29.242753982543945
0.5131409539369197	0.39016566492325844	29.272753953933716
0.5153155363282116	0.3906293748148719	29.302753925323486
0.6046918156774078	0.3857147668686586	29.342753887176514
0.6034681068128448	0.38429155615308286	29.372754096984863
0.6023818618430248	0.3860060889885527	29.402754068374634
0.6013663723229159	0.3860354542344751	29.44275403022766
0.6011547202924531	0.3862158692212119	29.47275400161743
0.60193746077422	0.38665774643507184	29.502753973007202
0.6028918109930335	0.3856335222335455	29.54275393486023
0.6021418644557179	0.3857111837073458	29.57275390625
0.5859932683968418	0.3886671000288224	29.60275411605835
0.5707401612244424	0.3932221675970691	29.642754077911377
0.5697133672149857	0.39502246207354513	29.672754049301147
0.5684325177080394	0.39663085468715503	29.702754020690918
0.5687292102174523	0.39790623894688426	29.742753982543945
0.5678155518766974	0.39840426395981976	29.772753953933716
0.7332739989701564	0.39329759769506784	29.842753887176514
0.7320425683631084	0.39458822603585125	29.872754096984863
0.7304975587756716	0.394337642889342	29.902754068374634
0.7297837983110217	0.39332267863435155	29.94275403022766
0.7300608665983457	0.39380892894332664	29.97275400161743
0.7293477456704187	0.39389829354108225	30.002753973007202
0.7300528465439666	0.3957204385304875	30.04275393486023
0.7297896464177456	0.39642232943300343	30.07275390625
0.6853553285488593	0.3968153560777946	30.10275411605835
0.6816835299088666	0.3979987652580057	30.152754068374634
0.67957909463298	0.3991020618678294	30.172754049301147
0.6785626943126072	0.40010384242053654	30.202754020690918
0.6779950403949029	0.40098369543280227	30.242753982543945
0.6774818905353769	0.402025882370952	30.272753953933716
0.6768293151228235	0.40316184144848155	30.302753925323486
0.6764603597435549	0.4028376486703009	30.342753887176514
0.6754390344027229	0.40227912468006244	30.372754096984863
0.6749581489221544	0.40162601063563347	30.402754068374634
0.6771938568921652	0.40042296432786184	30.44275403022766
0.7817589484477565	0.39356292764181544	30.47275400161743
0.7850138500388438	0.39966455754632235	30.502753973007202
0.7852044223427443	0.3973718620544644	30.54275393486023
0.7853997493521192	0.3984323409695311	30.57275390625
0.7853522670444618	0.39881607977650857	30.60275411605835
0.7848324346026737	0.3998917651922652	30.642754077911377
0.7844718689196748	0.4004476651136686	30.672754049301147
0.7844671691265404	0.40048374534139936	30.702754020690918
0.7843264102989085	0.40185888522881763	30.742753982543945
0.7840891148095235	0.40222783391618705	30.772753953933716
0.7880624515193447	0.40308608698972076	30.802753925323486
0.7700776888631556	0.4384633730693872	30.842753887176514
0.7477556373352926	0.44259872686247503	30.872754096984863
0.7364618654129632	0.4381108045511388	30.902754068374634
0.7313857964124799	0.4371676211115636	30.94275403022766
0.7267759188360579	0.4366782939593328	30.97275400161743
0.723027845402534	0.4346501487461585	31.002753973007202
0.7199918161189933	0.43352747901605626	31.04275393486023
0.7162633894945813	0.432544507630235	31.07275390625
0.7138698518363584	0.4325949429941764	31.10275411605835
0.7113962235290767	0.4330477116533553	31.142754077911377
0.7088689128044278	0.43278314857964173	31.172754049301147
0.7077224460214422	0.433624214754222	31.202754020690918
0.707158648237818	0.4316825903591786	31.242753982543945
0.7058203411860647	0.42914091184667513	31.272753953933716
0.7237116972403435	0.45260450201673896	31.302753925323486
0.7443370632084062	0.47931155310134127	31.342753887176514
0.7422860227455377	0.47561394551069713	31.372754096984863
0.7406558362970731	0.47660767560967615	31.402754068374634
0.7406368974051618	0.47760799586768915	31.44275403022766
0.740109524364221	0.47760990461058916	31.47275400161743
0.7384427575306778	0.4776405362411218	31.502753973007202
0.7380073232094349	0.47878803353410865	31.54275393486023
0.7399065395024964	0.4802553012921906	31.57275390625
0.6919116649205722	0.4758479963259176	31.60275411605835
0.6806642758541955	0.45726743503943024	31.642754077911377
0.6680172116032198	0.4559826720376701	31.672754049301147
0.6629206345136561	0.4526383054471098	31.702754020690918
0.6593068510453601	0.4524301255016136	31.742753982543945
0.6562799880163604	0.4519426018214869	31.772753953933716
0.6536582224143908	0.45169601233924717	31.802753925323486
0.6516331847263019	0.4523201149124451	31.842753887176514
0.6496604195422181	0.4527729435242754	31.872754096984863
0.6477801034694836	0.4520188769280885	31.902754068374634
0.6474753179808803	0.45051668640514064	31.94275403022766
0.6469071875986246	0.45006953157253143	31.97275400161743
0.6464924476252073	0.4499078886485864	32.0027539730072
0.6468278235921239	0.44981399562246027	32.04275393486023
0.6483399541573579	0.4506840855551774	32.07275390625
0.6479236330208931	0.4499485913634076	32.10275411605835
0.6474082001647498	0.45004783373222795	32.14275407791138
0.6469268012852815	0.44872461318119816	32.17275404930115
0.6485833770921833	0.44953428212313673	32.20275402069092
0.6448268033999152	0.4528552306961406	32.242753982543945
0.6174508784824655	0.46816934352688444	32.272753953933716
0.5993045636831088	0.4644210948399261	32.302753925323486
0.5976405289027362	0.4577120927860121	32.342753887176514
0.5934788881096995	0.4548734025061788	32.37275409698486
0.5904134317627948	0.45216692336155706	32.402754068374634
0.5883595128164784	0.45038449396411073	32.44275403022766
0.5860566337852374	0.4487574802862839	32.47275400161743
0.5843396981705017	0.44657682550862793	32.5027539730072
0.5830148778141966	0.44556992024422243	32.54275393486023
0.5819199817145236	0.44274977962041007	32.57275390625
0.5808482265072783	0.44247470560504815	32.60275411605835
0.5794995606105275	0.44209213278341764	32.64275407791138
0.5787595152948503	0.4405436326253242	32.67275404930115
0.5781550201770669	0.43947812363802946	32.70275402069092
0.5771705878189027	0.4406747148310068	32.742753982543945
0.5776612208443456	0.4414428119973774	32.772753953933716
0.5806339330988227	0.44082428327613804	32.802753925323486
0.6238114239419877	0.46630959245160225	32.842753887176514
0.6216769716671529	0.46496608526955985	32.87275409698486
0.6203077212982394	0.46680294452807414	32.902754068374634
0.6191762369583301	0.4670459278170194	32.94275403022766
0.6182788964537786	0.468490589374745	32.97275400161743
0.6183455091131663	0.47027075308037275	33.0027539730072
0.617979596284464	0.47062310913128635	33.04275393486023
0.6177558131151131	0.4702247723564144	33.07275390625
0.6182058613206212	0.4714833572252899	33.10275411605835
0.6191470965958734	0.4716883481622566	33.14275407791138
0.6197096313360285	0.47234797318613886	33.17275404930115
0.6206080309467745	0.47253549271451867	33.20275402069092
0.6212131040305343	0.47449989950453864	33.242753982543945
0.6229462169097594	0.4762899542654081	33.272753953933716
0.6255253378375574	0.47745238154245	33.302753925323486
0.6262056278593766	0.4800887969802313	33.342753887176514
0.626042638297103	0.48070870298843754	33.37275409698486
0.625162451521802	0.4803310144968026	33.402754068374634
0.6244217796229541	0.4806910608036227	33.44275403022766
0.6244005320521514	0.48037476118356337	33.47275400161743
0.623768086849667	0.47908436029489926	33.5027539730072
0.6228260749292591	0.47862888489597666	33.54275393486023
0.6227961803551988	0.4773360202832956	33.57275390625
0.6223937063231123	0.476926152478137	33.60275411605835
0.6230760271662005	0.47778958823533085	33.64275407791138
0.6227523390222794	0.4768544709393406	33.67275404930115
0.6226015755703217	0.4761825306914941	33.70275402069092
0.6226648457782573	0.4758984539305522	33.742753982543945
0.6228699716349483	0.4757629635289524	33.772753953933716
0.6235052800816033	0.4775318310437827	33.802753925323486
0.6401508158454291	0.4722583875768294	33.842753887176514
0.6601281401323429	0.46636947909049786	33.87275409698486
0.6602899478702005	0.46623295061777537	33.902754068374634
0.6585482100348923	0.46846501076489666	33.94275403022766
0.6575513834996195	0.4702820553327011	33.97275400161743
0.6571000562078616	0.469505337879449	34.0027539730072
0.6568816109416404	0.468308507977649	34.04275393486023
0.6565007606036128	0.4689717223199069	34.07275390625
0.6553807671399616	0.46811776474839734	34.10275411605835
0.65471415040313	0.4673348981650204	34.14275407791138
0.6545809812759957	0.46919432607361955	34.17275404930115
0.6539595165011175	0.46972781532713953	34.20275402069092
0.6534841811060257	0.4687223740442029	34.242753982543945
0.6523519326566627	0.46927576033720075	34.272753953933716
0.6521498071277856	0.4679987730021789	34.302753925323486
0.6522669084716942	0.4690392274675509	34.342753887176514
0.6526711799791212	0.46854819988818625	34.37275409698486
0.6523445779224212	0.4692223595253095	34.402754068374634
0.6521760923670734	0.46833331311081966	34.44275403022766
0.6519400034880861	0.469097763194694	34.47275400161743
0.6513936328056701	0.4695793022816806	34.5027539730072
0.6514502817398582	0.4699835902711314	34.54275393486023
0.6505642330624347	0.46942063313585053	34.57275390625
0.6509297179760949	0.4703456547330373	34.60275411605835
0.6505960383476973	0.46909657930991994	34.64275407791138
0.6497159383981432	0.4709040384558807	34.67275404930115
0.6483952426821383	0.47156144982167997	34.70275402069092
0.6481344376829303	0.47075790781993093	34.742753982543945
0.6483807513280275	0.470259615346977	34.772753953933716
0.6482535011697108	0.4683700856546281	34.802753925323486
0.6481260963623544	0.4691632837048915	34.842753887176514
0.6481643391618891	0.4687909089492509	34.87275409698486
0.648403405595553	0.4678978682282821	34.902754068374634
0.6486900865731426	0.468476288896446	34.94275403022766
0.6489770482193311	0.46747511436561784	34.97275400161743
0.6479321462256641	0.46674144276658064	35.0027539730072
0.6488119329248667	0.46635577883651175	35.04275393486023
0.6485464584119939	0.46535037588949074	35.07275390625
0.6495707149150014	0.46713614899577216	35.10275411605835
0.6487816728140502	0.46614026305980705	35.14275407791138
0.6475080749050328	0.4670642044619986	35.17275404930115
0.6471379744950845	0.46800326848173085	35.20275402069092
0.6470778131426607	0.468265910456782	35.242753982543945
0.6460469166219038	0.46682527051439493	35.272753953933716
0.6450548931624023	0.46733189894672444	35.302753925323486
0.6451501850514954	0.4677842723000797	35.342753887176514
0.6450117562300318	0.46712143603043993	35.37275409698486
0.6444847084713	0.468011889256176	35.402754068374634
0.6447597987103509	0.4663574802342971	35.44275403022766
0.6440364107785614	0.46607277277702575	35.47275400161743
0.6433224480867402	0.46581969158464687	35.5027539730072
0.6431103831172309	0.46374473484282763	35.54275393486023
0.6433696794672291	0.4636277631683078	35.57275390625
0.6423715061700608	0.4633814517466035	35.60275411605835
0.6421742085455271	0.463746213387924	35.64275407791138
0.6408583838912074	0.46418951573337663	35.67275404930115
0.6405736464602545	0.46591194524209517	35.70275402069092
0.6404500940169988	0.4654608224596759	35.742753982543945
0.6400015262881457	0.4664186133676953	35.772753953933716
0.6391226212108897	0.4687808634460299	35.802753925323486
0.6385499631035304	0.46868832230547075	35.842753887176514
0.6385776749349394	0.4686955648534298	35.87275409698486
0.6393329524146569	0.46855370860856077	35.902754068374634
0.6380969461162214	0.46961219827307926	35.94275403022766
0.6386453731527079	0.4698876704972864	35.97275400161743
0.6391264024479718	0.4701653274538636	36.0027539730072
0.6384372486040686	0.47202065708991264	36.04275393486023
0.6377632626051635	0.4703484016404613	36.07275390625
0.6376736294872497	0.47099375382041514	36.10275411605835
0.6381574426264955	0.4710010052617897	36.14275407791138
0.6388311808524066	0.47134889728989443	36.17275404930115
0.6385985717250824	0.4718019829281268	36.20275402069092
0.6381781449933779	0.47208283047707794	36.242753982543945
0.6384503929365317	0.4716158700190791	36.272753953933716
0.639334895297777	0.47370364197516895	36.302753925323486
0.6391378813743439	0.4743523287166818	36.342753887176514
0.6396791797937388	0.4748734241313817	36.37275409698486
0.6387308647930039	0.4786220088486539	36.402754068374634
0.6405110119380131	0.6375553407548381	36.44275403022766
0.6384175880093701	0.6426081376833696	36.48275399208069
0.6352970032545924	0.6500885484836137	36.5027539730072
0.6330627903462273	0.6525679706646579	36.54275393486023
0.630067301055494	0.6561845118758746	36.57275390625
0.6278938759597292	0.6561597422475623	36.60275411605835
0.6259060994997755	0.6576172794419697	36.64275407791138
0.6255116077736503	0.6582364334754021	36.67275404930115
0.624600880779628	0.661519153244469	36.70275402069092
0.6251158130776036	0.6620362606342056	36.742753982543945
0.62459399534194	0.6616629927641505	36.772753953933716
0.623843264901847	0.6611455563699827	36.802753925323486
0.623384863921335	0.6615469595124934	36.842753887176514
0.623126814368625	0.6617128265853213	36.87275409698486
0.6237516618352517	0.661654581461208	36.902754068374634
0.6238917084736038	0.6617095108317161	36.94275403022766
0.6233364593653179	0.6598779108863343	36.97275400161743
0.6229080729928959	0.659028884483607	37.0027539730072
0.6222887395398216	0.6593092462312853	37.04275393486023
0.6230607191458014	0.6591686255964218	37.07275390625
0.6267358963656947	0.6555536722030096	37.10275411605835
0.6745081619887522	0.5302466908847253	37.14275407791138
0.6736483566218879	0.5263762777073989	37.17275404930115
0.6736723084472506	0.5236133720405522	37.20275402069092
0.6725415525622412	0.5215928123280221	37.242753982543945
0.6720886563450201	0.5199844168252192	37.272753953933716
0.6704387394055297	0.5204142698497779	37.302753925323486
0.6688863644848592	0.520175978230637	37.342753887176514
0.6683230854557701	0.5195931770055049	37.37275409698486
0.6678899479779514	0.5187612282055196	37.402754068374634
0.6665862949713224	0.5173700058263846	37.44275403022766
0.6675152478232883	0.5182705478015713	37.47275400161743
0.6659326152743225	0.5158809081457876	37.5027539730072
0.6648214478224772	0.5150286206150797	37.54275393486023
0.6641463252388192	0.5147728812307313	37.57275390625
0.6639780547729535	0.5142469270174232	37.60275411605835
0.6640283268231524	0.5135135438140803	37.64275407791138
0.6632116778079213	0.5128464820692767	37.67275404930115
0.6617793140656411	0.5136044888889474	37.70275402069092
0.6103524824828307	0.622029800823236	37.742753982543945
0.5914876379288593	0.6705940139293576	37.772753953933716
0.5869113074424557	0.6688283567963063	37.802753925323486
0.5840736317050634	0.6687872323284513	37.842753887176514
0.5803346635495712	0.6702114885444749	37.87275409698486
0.5787363800894869	0.6710392019878083	37.902754068374634
0.5771071631846845	0.6718112002911876	37.94275403022766
0.5748154194229566	0.6730563305095987	37.97275400161743
0.573943985223617	0.6733976832750715	38.0027539730072
0.5751520603671048	0.6719351516761535	38.04275393486023
0.5792741991830233	0.6700457861021696	38.07275390625
0.5525572396841661	0.7154297818748663	38.10275411605835
0.5309974518650716	0.7406040300390363	38.14275407791138
0.5212713738824885	0.7425353281884066	38.17275404930115
0.5151406115717551	0.7409415632990516	38.20275402069092
0.5094326943914183	0.7395331350569924	38.242753982543945
0.5047525994757173	0.7393421714415696	38.272753953933716
0.5014642777629236	0.7379642025230178	38.302753925323486
0.4992894551251352	0.7366572748645464	38.342753887176514
0.49602761763545505	0.7350006102771852	38.37275409698486
0.4929548945777379	0.7335177286288165	38.402754068374634
0.4907820820462673	0.7324800237148683	38.44275403022766
0.49048487851341915	0.7332528354702096	38.47275400161743
0.490157543121041	0.7307704341168552	38.5027539730072
0.49139420704658576	0.7323945980644873	38.54275393486023
0.4913099320482799	0.7320047001324745	38.57275390625
0.6791309044693833	0.6802057470539211	38.64275407791138
0.6759634548664344	0.6790524879777795	38.67275404930115
0.6743819147829104	0.6831604924458774	38.70275402069092
0.6719137773330668	0.6839070209488117	38.742753982543945
0.6695378588771065	0.6843739208468189	38.772753953933716
0.6667474059461457	0.6848048207009367	38.802753925323486
0.6642068066753767	0.6846437211621368	38.842753887176514
0.6635422455094047	0.6862559537871386	38.87275409698486
0.6619676133651454	0.6876968345689232	38.902754068374634
0.6604574800847283	0.6891441067133594	38.94275403022766
0.6595678317986992	0.6869456427538992	38.97275400161743
0.6599432997654515	0.6869206213907637	39.0027539730072
0.6589513583899871	0.6851107336203806	39.04275393486023
0.6608398818654075	0.6841570674032961	39.07275390625
0.6842379135680079	0.49459853492148004	39.14275407791138
0.6870856383013875	0.4886632118293371	39.17275404930115
0.6885954459333158	0.4887822412075008	39.20275402069092
0.6904432899426309	0.48770034985881505	39.242753982543945
0.6899619497573908	0.4875646345463554	39.272753953933716
0.6901725369968965	0.4885342637256384	39.302753925323486
0.6912192109890856	0.48640738162788916	39.342753887176514
0.6914248078878478	0.486546311002503	39.37275409698486
0.6903996695078731	0.4855992322801387	39.402754068374634
0.6910521689476937	0.48449953422718844	39.44275403022766
0.689687008191318	0.4861979298166546	39.47275400161743
0.6895819296738103	0.48540291214883535	39.51275396347046
0.6886995704872214	0.48458928781747534	39.54275393486023
0.6882422688702043	0.48504545716564795	39.57275390625
0.6868898043550977	0.4878046849931806	39.612754106521606
0.6867596376283345	0.4871684900171949	39.64275407791138
0.6868028138309612	0.4886178222592824	39.67275404930115
0.6857691554054419	0.4902745492288743	39.70275402069092
0.685237927075655	0.49059610572765444	39.742753982543945
0.6849283704540509	0.49079951653452586	39.772753953933716
0.6852056182138166	0.4914741395228302	39.802753925323486
0.6843083157218465	0.49252998493447037	39.842753887176514
0.6839882228807995	0.4920804517393809	39.87275409698486
0.6828605856574982	0.49382509896096527	39.902754068374634
0.6826798652520605	0.4970037070203836	39.94275403022766
