COORDENADA X	 COORDENADA Y	 TEMPO
0.6024666411216226	0.6390377835950387	0.01164388656616211
0.6050462311215569	0.639070598025479	0.04164385795593262
0.6024389219445241	0.6431367837640177	0.07164382934570312
0.6013885627428854	0.6433174641670669	0.11164379119873047
0.6048600070445665	0.6427956378291875	0.14164376258850098
0.6035621091410038	0.6455832680663496	0.17164397239685059
0.6011852790841393	0.6443152925299672	0.21164393424987793
0.6026406712443519	0.6480735816318816	0.24164390563964844
0.6043956262716363	0.6464799590556366	0.2816438674926758
0.6298415050668351	0.5486060022488372	0.3116438388824463
0.6269896475591089	0.5468163631761277	0.3416438102722168
0.6310461859236952	0.5454078034913764	0.38164377212524414
0.6355167423811386	0.5417728067709634	0.41164374351501465
0.6384999400522006	0.5386777087454186	0.44164395332336426
0.5694420111573204	0.6825865741070084	0.47164392471313477
0.5684697326390311	0.6911154418419593	0.5116438865661621
0.5617679287750014	0.687742493990007	0.5416438579559326
0.5556883562564873	0.6933964502914958	0.5716438293457031
0.5513353533920278	0.6978627952900415	0.6116437911987305
0.5353650924518207	0.6979600346214329	0.641643762588501
0.5371954258402826	0.6973308174236913	0.6716439723968506
0.7446336363401915	0.707430439031136	0.7416439056396484
0.7454675702018032	0.7053081988987615	0.771643877029419
0.7459953970567208	0.7077269638143673	0.8116438388824463
0.7419978976817236	0.7083193675390044	0.8416438102722168
0.7390557544681382	0.7078586250939112	0.8716437816619873
0.7357849082937922	0.7106782194152352	0.9116437435150146
0.6363855111186144	0.7020967044312996	0.9416439533233643
0.6316448341865717	0.7038344165763393	0.9716439247131348
0.6279182449736581	0.7070656027270679	1.011643886566162
0.6251841773227834	0.706974435265539	1.0416438579559326
0.6218504573089212	0.7070520836043885	1.08164381980896
0.5713887345671141	0.7023087466872356	1.1116437911987305
0.5684402975884344	0.7042329224083412	1.141643762588501
0.5661161961525873	0.7047064983155342	1.1716439723968506
0.5643694030235359	0.7056878893751394	1.211643934249878
0.5651659367191921	0.7051411447792644	1.2416439056396484
0.5664530453714395	0.7024880745657939	1.271643877029419
0.5643691107558925	0.3455963457244865	1.3416438102722168
0.564084978346493	0.3401462308758303	1.3816437721252441
0.5623585933751689	0.3386846232851825	1.4116437435150146
0.5607678200417542	0.3379762256954189	1.4416439533233643
0.5584233939277188	0.3370685227416612	1.4716439247131348
0.5609321369454922	0.33744545267469805	1.511643886566162
0.5686587892022075	0.33699209222680077	1.5416438579559326
0.6069108913926481	0.16953894775257455	1.5716438293457031
0.6073603273342765	0.16867771919882182	1.6116437911987305
0.6050786200775657	0.16722739246657464	1.641643762588501
0.6028052477927672	0.16733445714688813	1.6716439723968506
0.6010351712709572	0.16615987990950204	1.711643934249878
0.6005381843063823	0.16598396954068634	1.7416439056396484
0.5992499934124008	0.165807269446048	1.771643877029419
0.5956075002995045	0.16599942305125312	1.8116438388824463
0.5268218997645018	0.14211831093811184	1.8416438102722168
0.5261197987699922	0.14236375084347552	1.8716437816619873
0.523430178348015	0.14449659606293855	1.9116437435150146
0.5220361775887165	0.1453054912353411	1.9416439533233643
0.5215437365213375	0.14453936618200727	1.9716439247131348
0.5225807946513535	0.14215345656724554	2.011643886566162
0.6463970709317702	0.1508944313828524	2.0416438579559326
0.743440056999969	0.1599497497813929	2.071643829345703
0.7469842840497379	0.15947147859346605	2.1116437911987305
0.7465854965867039	0.16071256383066404	2.141643762588501
0.7454090711031418	0.16168046934707458	2.1716439723968506
0.7444397978030001	0.16037999227658484	2.211643934249878
0.7439340704101803	0.15939240739355365	2.2416439056396484
0.7429619259262022	0.15956703339025863	2.271643877029419
0.7423139433478888	0.15997941075063082	2.3116438388824463
0.7408963879344075	0.1600952245635895	2.341643810272217
0.7416522517551876	0.1592486718774264	2.3716437816619873
0.7418104539322433	0.1584103802081214	2.4116437435150146
0.7410775924729475	0.15582083426941232	2.4416439533233643
0.7413859832145923	0.15564743914366472	2.4816439151763916
0.742085153041408	0.15542435217590178	2.511643886566162
0.7441033154731729	0.1546004131799415	2.5416438579559326
0.8288028872896632	0.1440392141085431	2.571643829345703
0.8275684443472054	0.14577925643807307	2.6116437911987305
0.8273301687348582	0.14570291184747822	2.641643762588501
0.8271335532157505	0.14803158775695127	2.6716439723968506
0.8269229386895284	0.14907884370906008	2.711643934249878
0.8265000084681153	0.1498712613003703	2.7416439056396484
0.8261719637746099	0.1500582729979823	2.771643877029419
0.8248154584581027	0.15193698725525862	2.8116438388824463
0.8247596149171118	0.152834029878083	2.841643810272217
0.8250916267762888	0.1529556505081512	2.881643772125244
0.8266236456210214	0.1524838209775513	2.9116437435150146
0.8266236456210214	0.1524838209775513	2.9416439533233643
0.8266236456210214	0.1524838209775513	2.9716439247131348
0.8266236456210214	0.1524838209775513	3.011643886566162
0.8266236456210214	0.1524838209775513	3.0416438579559326
0.7873132538503992	0.14361553731373128	3.071643829345703
0.7881625147170529	0.1446699340455832	3.1116437911987305
0.7887150632742029	0.14392347605604563	3.141643762588501
0.789009517099979	0.1448390785568828	3.1716439723968506
0.7894382388186783	0.1443073508165039	3.211643934249878
0.7902486493429148	0.14439696626139295	3.2416439056396484
0.7908426968878319	0.14410193452917996	3.281643867492676
0.7908426968878319	0.14410193452917996	3.3116438388824463
0.7908426968878319	0.14410193452917996	3.341643810272217
0.7908426968878319	0.14410193452917996	3.3716437816619873
0.7908426968878319	0.14410193452917996	3.4116437435150146
0.7381054992511846	0.1468939869231464	3.4416439533233643
0.736383919340222	0.14778431099539688	3.4716439247131348
0.7368065733114747	0.14873189581793655	3.511643886566162
0.6997749964550639	0.15402309422676483	3.5416438579559326
0.6703666967484833	0.15106977526713988	3.571643829345703
0.6692868446519642	0.15112643014828728	3.6116437911987305
0.667499030922147	0.15031847127074355	3.641643762588501
0.6674868954801202	0.1509206371895731	3.6716439723968506
0.666693980496182	0.15008141446206294	3.711643934249878
0.5966738946102422	0.12848203560799704	3.7416439056396484
0.5693944908417602	0.11607501692345405	3.781643867492676
0.5678643035578257	0.1150130086653467	3.8116438388824463
0.5659137532157218	0.11562330462184887	3.841643810272217
0.5646936247615225	0.11392170411816764	3.8716437816619873
0.5636154172702788	0.11278637082112165	3.9116437435150146
0.5626975449468271	0.11339647990763177	3.9416439533233643
0.5219219537856667	0.10964583884958198	3.9716439247131348
0.522458650943099	0.10795267573853451	4.011643886566162
0.5217493620375183	0.10787703364345302	4.041643857955933
0.5209807466608611	0.10753316488347785	4.08164381980896
0.5194847315494605	0.1067409328928447	4.1116437911987305
0.5188219480888548	0.1067142943081654	4.141643762588501
0.5189301279818164	0.10714849394115776	4.171643972396851
0.5196515964653213	0.10737585921129916	4.211643934249878
0.5170951939122669	0.10806191295522322	4.241643905639648
0.4823113606265712	0.1173673030969023	4.271643877029419
0.48073240404637285	0.11498174247100243	4.311643838882446
0.47906921456371143	0.11618710116954546	4.341643810272217
0.4774192428621639	0.11432407461460956	4.381643772125244
0.4767777599277845	0.11499587928762631	4.411643743515015
0.4760171234619789	0.11656583256617264	4.441643953323364
0.4749125637055691	0.11677471743789732	4.471643924713135
0.47403044761140245	0.11779223384172052	4.511643886566162
0.47403044761140245	0.11779223384172052	4.541643857955933
0.2669037411853609	0.024650329213315204	4.571643829345703
0.26488793471524347	0.02422048751963952	4.6116437911987305
0.26362944395906673	0.02467126794255221	4.641643762588501
0.572699831976552	0.18610634007254373	4.671643972396851
0.5718339442285297	0.18847051025336886	4.711643934249878
0.5716470468937667	0.18725123885505712	4.741643905639648
0.5718730903834858	0.18953615100179608	4.771643877029419
0.5706885975506714	0.18716620774892836	4.811643838882446
0.5709445251330953	0.18789487734834828	4.841643810272217
0.5713521242390435	0.18783617316689824	4.871643781661987
0.6580352358500666	0.21531402657569138	4.911643743515015
0.6815649561450794	0.24164085706942087	4.941643953323364
0.6824259217975117	0.24448802785760504	4.971643924713135
0.6802344067294794	0.24361361471558474	5.011643886566162
0.6805320082586084	0.24422397203094814	5.041643857955933
0.6787499564646069	0.24443241476757122	5.08164381980896
0.6797944475377945	0.24484615144262975	5.1116437911987305
0.7514430541960867	0.22481882070776163	5.141643762588501
0.7578406530553861	0.22794618199405617	5.171643972396851
0.7591050586823357	0.2291406613545074	5.211643934249878
0.7589457796747778	0.22678457971252863	5.241643905639648
0.758081119488454	0.22580985175448598	5.271643877029419
0.7575146040878273	0.2263808501011346	5.311643838882446
0.7570510625348518	0.2277798344857247	5.341643810272217
0.7556725688377152	0.2258382285165844	5.371643781661987
0.7555059943158187	0.2270390553489906	5.411643743515015
0.7559266295853098	0.22819221978981077	5.441643953323364
0.82892949274212	0.25247578661078446	5.481643915176392
0.8339511960345953	0.26142161422191657	5.511643886566162
0.8353942330998	0.2634873075515907	5.541643857955933
0.8356718486667779	0.26191757840601826	5.571643829345703
0.8353605976427386	0.2635807281069919	5.6116437911987305
0.8356803940234709	0.26473466730339534	5.641643762588501
0.8360386365344167	0.26531360897141915	5.671643972396851
0.7992077333998587	0.2633623259542026	5.711643934249878
0.7670833080703122	0.27825405799454545	5.741643905639648
0.7647945558768918	0.28080974684869503	5.771643877029419
0.763682793918072	0.27791617858004763	5.811643838882446
0.7626641356687298	0.27862049615466034	5.841643810272217
0.7596885889633894	0.27866421030065835	5.881643772125244
0.6710737150765109	0.27553307237850644	5.911643743515015
0.6699049632651519	0.27618260383085436	5.941643953323364
0.6676669542003285	0.27669462503405207	5.971643924713135
0.664479220896221	0.27527159668994594	6.011643886566162
0.6629235271933046	0.27502203432829997	6.041643857955933
0.6608181150920907	0.2734865451105284	6.071643829345703
0.6587445238536046	0.2708687302269574	6.1116437911987305
0.6572305104607864	0.269958750262491	6.141643762588501
0.6562454926419264	0.270673799067516	6.171643972396851
0.6556376019978571	0.26978558522805746	6.211643934249878
0.653939449385325	0.26965067978870405	6.241643905639648
0.6207099957321063	0.27781530596522946	6.271643877029419
0.3059928466744638	0.08638870188984309	6.311643838882446
0.3051952428870194	0.08820079975400688	6.341643810272217
0.3048899988124417	0.08847869590101311	6.371643781661987
0.3047496527004836	0.08962559174205369	6.411643743515015
0.6147094709090976	0.2830428976946962	6.441643953323364
0.614113743310275	0.2828209687746989	6.471643924713135
0.6146351959009411	0.2830002135725334	6.511643886566162
0.6146601447491993	0.2847678554206365	6.541643857955933
0.5815624106285806	0.29248002723828687	6.58164381980896
0.5808347468414606	0.2966670552915722	6.6116437911987305
0.5788086104011859	0.2998147522752834	6.641643762588501
0.5782767856136699	0.30156552640896456	6.671643972396851
0.5769159713727444	0.3018571547877052	6.711643934249878
0.576835004474748	0.30265381557452653	6.741643905639648
0.5760068549110781	0.3039720842308143	6.771643877029419
0.5672095299299407	0.3067835778218646	6.811643838882446
0.5392485281056048	0.3350653509385731	6.841643810272217
0.5381256514827766	0.332546777862873	6.871643781661987
0.5359525782297638	0.3320276793291569	6.911643743515015
0.5341804175969411	0.33237369386870924	6.941643953323364
0.5351208202262724	0.33152503977513337	6.971643924713135
0.6158355632240811	0.3896669158345958	7.011643886566162
0.6117414093823411	0.3864085041520835	7.041643857955933
0.6093822184989671	0.3885138466877942	7.071643829345703
0.6077354917933329	0.39102650118754867	7.1116437911987305
0.606329853294757	0.38986699200441793	7.141643762588501
0.6050355175272778	0.39011717860447703	7.171643972396851
0.607374106153848	0.389125737434992	7.211643934249878
0.6935917414012795	0.4409622227217684	7.241643905639648
0.6911744179058344	0.43940963154875506	7.281643867492676
0.6888206390883479	0.4417634482110998	7.311643838882446
0.6873487024625987	0.4438715962351459	7.341643810272217
0.6873545331582351	0.4462248864976494	7.381643772125244
0.6872384614996883	0.4471379937050828	7.411643743515015
0.6884947106063788	0.44840121760954404	7.441643953323364
0.6887294105388148	0.44845496845063554	7.471643924713135
0.6893078757619588	0.4503190613561897	7.511643886566162
0.6897653571567461	0.4529720961980425	7.541643857955933
0.6903687762416548	0.45275652914019365	7.571643829345703
0.7029634094493774	0.4540146417738415	7.6116437911987305
0.721875778819995	0.4718906627821359	7.651643753051758
0.7212188204317316	0.4689548738313397	7.671643972396851
0.7205197988412543	0.4692914854088188	7.711643934249878
0.7204452611235715	0.4719068152865696	7.741643905639648
0.7202364044163717	0.4736179526254429	7.771643877029419
0.7201084605672321	0.4751303643141032	7.811643838882446
0.7192224967958641	0.47436096180923226	7.841643810272217
0.7182797371129432	0.4752920047501426	7.871643781661987
0.7171171576208817	0.474284574942223	7.911643743515015
0.7153524196754785	0.4725312628433592	7.941643953323364
0.693909161370098	0.4804835479597774	7.971643924713135
0.6928593064691251	0.47873243669635634	8.011643886566162
0.6917043651535443	0.4809538032673165	8.041643857955933
0.6904204374421223	0.4809240836535727	8.071643829345703
0.6896948701711783	0.482114274062654	8.11164379119873
0.690477772836315	0.48016511585916444	8.141643762588501
0.7785706017878092	0.46039985168897124	8.181643962860107
0.7799095186653082	0.46197008370152853	8.211643934249878
0.780562643828363	0.4635840339726656	8.241643905639648
0.7812386192364719	0.46463757614484924	8.271643877029419
0.781083971319127	0.46518344369484493	8.311643838882446
0.7820033638044702	0.4657195872096492	8.341643810272217
0.7818374358717954	0.4659636660084571	8.371643781661987
0.7818087323335909	0.46662233522255037	8.411643743515015
0.7824251083005523	0.4659907964800199	8.441643953323364
0.7826313882293714	0.4685773370745669	8.471643924713135
0.7836437322275591	0.4699951072010507	8.511643886566162
0.8343201176992782	0.5355626149251155	8.541643857955933
0.836082842528156	0.5411007412399221	8.571643829345703
0.8354996262179146	0.5441422399334473	8.61164379119873
0.8355361124651028	0.5474313181403663	8.641643762588501
0.8345838933725538	0.5491523416622421	8.67164397239685
0.8335253458955377	0.5497748385416131	8.711643934249878
0.8331264007463285	0.5493397900479776	8.741643905639648
0.8330568899729316	0.5542571657214075	8.781643867492676
0.8333809361958561	0.5541656644133898	8.811643838882446
0.8332496626644335	0.5553644536576356	8.841643810272217
0.832358333443349	0.5557679907190336	8.881643772125244
0.8321279932713713	0.5569145533974432	8.911643743515015
0.8134309805054721	0.5971140563747978	8.941643953323364
0.8137003245473977	0.5981836739651745	8.981643915176392
0.8126207273356029	0.6021309761310816	9.011643886566162
0.8123292181461247	0.6031962124621713	9.041643857955933
0.8120139447616224	0.605053644526703	9.071643829345703
0.8111791631613676	0.6052091644514686	9.11164379119873
0.8105135404003456	0.6065264365411407	9.141643762588501
0.80984817974307	0.6076607705890303	9.17164397239685
0.8104783867565406	0.6081304613021988	9.211643934249878
0.8102840230437856	0.6093117168348186	9.241643905639648
0.8111858124803017	0.6090961908045796	9.271643877029419
0.8114925080998061	0.608840127127944	9.311643838882446
0.7454351328267642	0.5743608549307223	9.341643810272217
0.7187341837094663	0.5599714460191175	9.371643781661987
0.7169032172691917	0.559079210297204	9.411643743515015
0.7148705031187834	0.5601459451479361	9.441643953323364
0.7132074666499928	0.5607974387679465	9.471643924713135
0.7117791767827809	0.5605172239798678	9.511643886566162
0.7118800598012514	0.5618794655552585	9.541643857955933
0.7085311387416228	0.5611850432696935	9.571643829345703
0.6646768431492152	0.581125551993986	9.61164379119873
0.6637587163408879	0.5805625514313713	9.641643762588501
0.6632889370088864	0.5807845171242801	9.67164397239685
0.6621143635691921	0.5818418735271678	9.711643934249878
0.660643859052048	0.5833774426212441	9.741643905639648
0.6619172746702504	0.5826790644411235	9.781643867492676
0.6598266102038516	0.5817940890370019	9.811643838882446
0.6215286393317327	0.5862067240974675	9.841643810272217
0.6206080339488304	0.584676508934795	9.871643781661987
0.6193956917452803	0.5862688509130211	9.911643743515015
0.6178439990165983	0.5874972818391019	9.941643953323364
0.6171416660584386	0.5885692234744399	9.971643924713135
0.616422199460525	0.5898855916661027	10.011643886566162
0.6147570406340315	0.5926875337801772	10.041643857955933
0.6152052396399721	0.5942348031999005	10.071643829345703
0.6099257659050139	0.5951129897799475	10.11164379119873
0.5885773772556803	0.5906187827484933	10.141643762588501
0.5865618450985147	0.5894167150514559	10.17164397239685
0.5847611391772701	0.5931539065670454	10.211643934249878
0.5854049524536763	0.5941252967934968	10.241643905639648
0.5851348404144175	0.5982228057105465	10.271643877029419
0.5843419330098878	0.6033851258204604	10.311643838882446
0.5841298368479313	0.6061014892250318	10.341643810272217
0.5835371465029368	0.6082914604327285	10.371643781661987
0.5843772800117564	0.6135001542436921	10.411643743515015
0.5852160301041669	0.6118240202880441	10.441643953323364
0.5835294116774962	0.6109777017421826	10.481643915176392
0.5571563905605398	0.5837894868090147	10.511643886566162
0.5599813687405208	0.5625663704397569	10.541643857955933
0.5517300304508714	0.5601473883953128	10.571643829345703
0.5464476181190852	0.5553035590599997	10.61164379119873
0.5411576316133476	0.5551438475578828	10.641643762588501
0.5360860206319541	0.5561789783790745	10.67164397239685
0.5326771887896814	0.558551295301853	10.711643934249878
0.5370353726806547	0.539933948822316	10.741643905639648
0.8636584316334003	0.5796381767637588	10.811643838882446
0.8570421508817038	0.5778214466963948	10.841643810272217
0.8479215975543771	0.5790301460390556	10.871643781661987
0.8412934418482423	0.5775970805393031	10.911643743515015
0.8368024294962448	0.5768006009384288	10.941643953323364
0.8312869430962488	0.574230818042672	10.971643924713135
0.8296830771120904	0.5739320548014856	11.011643886566162
0.8316495249038218	0.573960238735165	11.041643857955933
0.92683537745946	0.6054182321659889	11.071643829345703
0.9245437048259942	0.6027479500656019	11.11164379119873
0.9226306614770183	0.606275465176147	11.141643762588501
0.9196478791536878	0.6075488951150625	11.181643962860107
0.9178894710865106	0.6087787484290615	11.211643934249878
0.8164709879270152	0.6796026496858542	11.271643877029419
0.8097485745730063	0.6767748762919157	11.311643838882446
0.8018165492605372	0.6755670481226518	11.341643810272217
0.7956692932922049	0.6719785029115616	11.371643781661987
0.7908834533724333	0.6714992327740996	11.411643743515015
0.7871210312857386	0.6732081724292618	11.441643953323364
0.7831649729971222	0.6726205873179228	11.471643924713135
0.7788917055443408	0.673649013613296	11.511643886566162
0.7766987354945402	0.6730961585902457	11.541643857955933
0.6827271310172595	0.6420019968961941	11.571643829345703
0.6787954949260585	0.6398848484376661	11.61164379119873
0.6736727953091215	0.6468124526142109	11.641643762588501
0.6702482651378954	0.6476450930944948	11.67164397239685
0.6667851664210331	0.6488954855786995	11.711643934249878
0.6648144085628069	0.6493705713664047	11.741643905639648
0.6595685405371072	0.6489759270178402	11.771643877029419
0.6538912228942809	0.6477554001316859	11.811643838882446
0.6528751780301267	0.6511267748795786	11.841643810272217
0.6485266972511201	0.6567396973286248	11.881643772125244
0.644330339477061	0.6608799194742276	11.911643743515015
0.6186599365634826	0.6029453446654	11.941643953323364
0.5457555133531615	0.25999398860409545	11.981643915176392
0.5542615224869722	0.2556252153519044	12.011643886566162
0.5522061011072138	0.24661882538503935	12.041643857955933
0.5553902434725252	0.24222438380687494	12.071643829345703
0.5556976284512366	0.24648295645582866	12.11164379119873
0.5584547320047007	0.2425924707553954	12.141643762588501
0.5598612833480657	0.23748572041313953	12.181643962860107
0.5613225781052286	0.23036765818076693	12.211643934249878
0.564697896852632	0.22593957843924153	12.241643905639648
0.5626055794599816	0.22801536300395786	12.281643867492676
0.5615870380411492	0.22524786127197274	12.311643838882446
0.5612475253996417	0.23177471330456312	12.341643810272217
0.5594139291820878	0.2340532515828346	12.371643781661987
0.5586362178608819	0.23594982549921353	12.411643743515015
0.5582474758165674	0.23602532264906398	12.441643953323364
0.5594679950527339	0.236350867772284	12.471643924713135
0.5571080507486812	0.23747246351315174	12.511643886566162
0.5505977568480918	0.2434752838888815	12.541643857955933
0.5450896531709034	0.24587737115334327	12.571643829345703
0.7255952400153913	0.12251710236914708	12.641643762588501
0.7388070236655151	0.12575138913407452	12.67164397239685
0.7417423049446992	0.12803302738285005	12.711643934249878
0.7450333935122156	0.12117611904066417	12.741643905639648
0.7504605098397358	0.11807575602391134	12.771643877029419
0.754392965986097	0.12048278753209841	12.811643838882446
0.7585993199733243	0.11728221293859084	12.841643810272217
0.7607194431762195	0.11724845347208293	12.881643772125244
0.7612560310797584	0.11956836006217333	12.911643743515015
0.7624751305921553	0.1211950587383086	12.941643953323364
0.7876431125416238	0.12581093161601148	12.981643915176392
0.8306993881835397	0.1443536891177082	13.011643886566162
0.8328961904914969	0.14449553917664817	13.041643857955933
0.8312794737609035	0.14176990524718133	13.071643829345703
0.832546803491013	0.14343602401936625	13.11164379119873
0.8311601615297769	0.13961141691963563	13.141643762588501
0.8285869351076576	0.13734154309176394	13.17164397239685
0.8259154508439354	0.13821692155184923	13.211643934249878
0.8250268087513077	0.13780941234279886	13.241643905639648
0.8224019784093831	0.14012377157736292	13.281643867492676
0.820469275773763	0.13874418290406468	13.311643838882446
0.817684582778391	0.13950605538705976	13.341643810272217
0.8161758008188826	0.141286292380047	13.371643781661987
0.8143077705968312	0.1429005844330294	13.411643743515015
0.8128103462382525	0.14337758904916056	13.441643953323364
0.8140630296326733	0.1416693482232001	13.471643924713135
0.814050491061355	0.14120269352540576	13.511643886566162
0.7677985162571788	0.1362174548366396	13.541643857955933
0.7510740584748337	0.14715120472763832	13.571643829345703
0.7521758954813808	0.14914464922257822	13.61164379119873
0.7525062301471125	0.14793712776999882	13.641643762588501
0.7527955160564164	0.14613358732402099	13.67164397239685
0.7537952825809929	0.14533304352414222	13.711643934249878
0.7537949285873139	0.1440292014879705	13.741643905639648
0.7539269203557271	0.14233194358198906	13.781643867492676
0.7551423469617251	0.1441397032162597	13.811643838882446
0.7128121777999543	0.14717491905044877	13.841643810272217
0.7088374134177813	0.14805343821010136	13.871643781661987
0.7088504386484469	0.14838737207708724	13.911643743515015
0.7085054703212982	0.14723363723913588	13.941643953323364
0.7086333481147024	0.14686525744853013	13.971643924713135
0.7081068004514638	0.14567077569784798	14.011643886566162
0.7082363638620681	0.1452795383426548	14.041643857955933
0.7093039809561743	0.14475460948742183	14.08164381980896
0.7065676992865545	0.14422234528910946	14.11164379119873
0.6357943300118009	0.14826938099690806	14.151643753051758
0.6363244116339867	0.148137009585923	14.17164397239685
0.6342636208134559	0.14828861361836984	14.211643934249878
0.6342741022856788	0.14948676047226545	14.241643905639648
0.6343024136345494	0.1494499870661268	14.271643877029419
0.6348142448894799	0.14936365458642092	14.311643838882446
0.6352624659187743	0.14823326118251998	14.341643810272217
0.6373674718324073	0.1472866570654978	14.381643772125244
0.6381041714815829	0.1466096685963877	14.411643743515015
0.6399486770955154	0.14487707125445037	14.441643953323364
0.5979331231662182	0.12114289005144818	14.471643924713135
0.5618466565004075	0.09187101348357829	14.511643886566162
0.563266077616614	0.0925217833515113	14.541643857955933
0.561750005550397	0.09226441597284644	14.571643829345703
0.56175191534203	0.09228101455952073	14.61164379119873
0.5606714347486143	0.0918927510246384	14.641643762588501
0.5596334800234049	0.09091965162491655	14.681643962860107
0.5596853723213405	0.09243918968332883	14.711643934249878
0.5587894601680381	0.09160109251783005	14.741643905639648
0.5591426791177182	0.09174400845939291	14.771643877029419
0.5596214529789164	0.0868505423243648	14.811643838882446
0.5588043176624954	0.08749092416691973	14.841643810272217
0.5588972636500636	0.08538347650097715	14.871643781661987
0.5581968045202694	0.0843419157193761	14.911643743515015
0.5554563941835174	0.08386732907851478	14.941643953323364
0.5343005363441827	0.10454810757109399	14.971643924713135
0.5333887206276654	0.10392682196432008	15.011643886566162
0.5322212997697572	0.1052826009421457	15.041643857955933
0.5313548936163683	0.10561875473377237	15.071643829345703
0.5311386456841266	0.10508746759132989	15.11164379119873
0.5303166625519457	0.10536751062046174	15.141643762588501
0.52948721691349	0.10628462983969283	15.17164397239685
0.5299535324477868	0.10789045240158465	15.211643934249878
0.5288491195588594	0.10752240947328066	15.241643905639648
0.5289938316853953	0.11017380682440527	15.271643877029419
0.5285435555877747	0.11165251617543875	15.311643838882446
0.5248981906157636	0.11116922810527513	15.341643810272217
0.4897115877449295	0.12667638649620425	15.381643772125244
0.48805074389308617	0.12700554563264144	15.411643743515015
0.4853915519583244	0.12951894805568492	15.441643953323364
0.48307567656856365	0.13045780226710932	15.471643924713135
0.4831093474052638	0.13065719871215536	15.511643886566162
0.48182944430179314	0.13179839202238375	15.541643857955933
0.4768231651561156	0.1299094275240262	15.571643829345703
0.4384429403268007	0.09755512954040257	15.61164379119873
0.4392786909933572	0.0961502142142597	15.641643762588501
0.44066400842159686	0.09847207570819722	15.67164397239685
0.4399964288542729	0.09683349384725357	15.711643934249878
0.4392561080750274	0.09734019094521378	15.741643905639648
0.4394103802834858	0.09682120254390954	15.771643877029419
0.4405404553123234	0.0980383937447153	15.811643838882446
0.4398253682623986	0.09773722343983854	15.841643810272217
0.44015433194810955	0.09935947557113434	15.871643781661987
0.4408878366851903	0.09890117511389392	15.911643743515015
0.44158932135975454	0.09838418930912983	15.941643953323364
0.4419850908247779	0.11432898713469947	15.971643924713135
0.4411547357600851	0.11323376506361858	16.011643886566162
0.44227162681223875	0.11556652078922929	16.041643857955933
0.4439990227801006	0.11710281350687718	16.071643829345703
0.4444533334352736	0.11785136811138214	16.11164379119873
0.449064330730998	0.12246133222292839	16.1416437625885
0.5058832753677942	0.1855829279273028	16.17164397239685
0.5019184863274967	0.18342684018125222	16.211643934249878
0.5010414607566885	0.18640043695922387	16.24164390563965
0.500151943295652	0.18776544130559641	16.27164387702942
0.5005476618636139	0.18815978314903267	16.311643838882446
0.5003180923002075	0.18863610761188807	16.341643810272217
0.5006728581157062	0.19045680180849955	16.371643781661987
0.5015661108884054	0.19192710829258247	16.411643743515015
0.5432975041938872	0.23051108978961377	16.441643953323364
0.5468547038696697	0.2407403051221469	16.471643924713135
0.5470850101765717	0.2409607967499966	16.511643886566162
0.5462515787518569	0.24134926519714792	16.541643857955933
0.5460535279370945	0.24332468391540119	16.571643829345703
0.5462286017230842	0.24687509922250248	16.61164379119873
0.5467977094802752	0.24977808880905739	16.6416437625885
0.5947203254669617	0.24007936476840516	16.67164397239685
0.6305856162488855	0.2618653067587267	16.711643934249878
0.629619509965217	0.260791154968848	16.74164390563965
0.6299489266236852	0.2618431534501663	16.77164387702942
0.6307900163131257	0.2623833554310661	16.811643838882446
0.6309612299564181	0.264052425330052	16.841643810272217
0.6306103087026839	0.2656148812059088	16.871643781661987
0.6299860751355314	0.2666091959967812	16.911643743515015
0.6315592914529452	0.26572205154288747	16.941643953323364
0.6980488502629533	0.26089515402378227	16.971643924713135
0.699174694795255	0.2614885039183844	17.011643886566162
0.7006178231471936	0.264375089252847	17.041643857955933
0.701064883354408	0.2669892826854616	17.071643829345703
0.7014707741996205	0.2718626846288814	17.11164379119873
0.6994010872003467	0.27157486433620603	17.1416437625885
0.6997066970632814	0.2752930181147739	17.17164397239685
0.6990756605990686	0.27697148919382636	17.211643934249878
0.6998145231333294	0.27840599515729225	17.24164390563965
0.6988855507597674	0.27810283231623717	17.27164387702942
0.6992433263585439	0.2789728204374873	17.311643838882446
0.7001983975018243	0.28042996951304405	17.341643810272217
0.6965085773022	0.28091771395319104	17.371643781661987
0.686806260189473	0.28360223481379393	17.411643743515015
0.6860203387208361	0.2810104294668474	17.441643953323364
0.6850761480118245	0.2817656326403013	17.471643924713135
0.684304249085739	0.28355455149109504	17.511643886566162
0.6836251608265141	0.2843167179441984	17.541643857955933
0.6828937342366288	0.2858161996741176	17.571643829345703
0.681786245905033	0.28627312222695017	17.61164379119873
0.6814875484173675	0.2871410379799931	17.6416437625885
0.6814153946800854	0.2871937209393438	17.67164397239685
0.6805112290313762	0.2880959368774904	17.711643934249878
0.6804881227336715	0.28936323360755595	17.74164390563965
0.6802599891175644	0.28833358807495574	17.781643867492676
0.6805004962217066	0.28851403623401356	17.811643838882446
0.6818190223169972	0.2904016123948612	17.841643810272217
0.6827355726399696	0.29106772578698586	17.881643772125244
0.6850679106626537	0.29118621128721056	17.911643743515015
0.691161051425288	0.280205491391784	17.941643953323364
0.8038104608036846	0.251260062965737	17.971643924713135
0.7997027678748971	0.23753500818811502	18.011643886566162
0.7862142840330409	0.232436543922809	18.041643857955933
0.7830315587217986	0.23071238101875519	18.071643829345703
0.7801620056728377	0.2299955739970522	18.11164379119873
0.7769965484305289	0.22758321397452172	18.1416437625885
0.775463582583812	0.22695889305393369	18.17164397239685
0.7742452355035615	0.22536553378159677	18.211643934249878
0.7723189082639922	0.22482309382518773	18.24164390563965
0.7707605256539586	0.2227763091062117	18.27164387702942
0.769974105077612	0.2227305122354653	18.311643838882446
0.7697448285716652	0.22291630570371204	18.341643810272217
0.770080214837832	0.22385957756630037	18.371643781661987
0.7697525798960623	0.22455355323121104	18.411643743515015
0.7703374467169227	0.2248761607949646	18.441643953323364
0.7693806668551201	0.2253178566820819	18.471643924713135
0.7723879110227797	0.22481459681731283	18.511643886566162
0.8546219267637356	0.230296241666248	18.541643857955933
0.8537071575325731	0.2302913449136587	18.571643829345703
0.8518084747274264	0.23091310822240724	18.61164379119873
0.8514583445863427	0.23112686289128812	18.6416437625885
0.8501305831458927	0.23133889636148064	18.67164397239685
0.8496991687679937	0.23149635273517924	18.711643934249878
0.8484932633175547	0.23188647661064338	18.74164390563965
0.8481937570042972	0.23243890666129127	18.781643867492676
0.8480708140129878	0.23310497035971273	18.811643838882446
0.8459346953926048	0.23251234921189143	18.841643810272217
0.846482986225367	0.23465407155640663	18.881643772125244
0.8464391509340908	0.23494893162691885	18.911643743515015
0.8448397975359359	0.2339767329349771	18.941643953323364
0.8509679468523655	0.23402545665487104	18.971643924713135
0.8914326891729408	0.26638763818102673	19.011643886566162
0.8917687731575632	0.2669321553832581	19.041643857955933
0.8910001715101055	0.26745598325170855	19.071643829345703
0.8898156332630806	0.26791168824612505	19.11164379119873
0.889240556453144	0.2676706139935319	19.1416437625885
0.8883356306235338	0.2674056592223745	19.17164397239685
0.8861944954602884	0.26978590909069444	19.211643934249878
0.832025644110549	0.3729504887059885	19.24164390563965
0.8520549369381202	0.4000249483276651	19.27164387702942
0.8512267703735206	0.4011156591581929	19.311643838882446
0.8483484375863716	0.4026053772420717	19.341643810272217
0.8480289749230394	0.40313057292478943	19.371643781661987
0.8478004122928026	0.40413680813892927	19.411643743515015
0.847902004544103	0.404464282846821	19.441643953323364
0.8471502454893287	0.40512611438664137	19.471643924713135
0.8474255382639261	0.40637414942403544	19.511643886566162
0.8463811474200581	0.4059538338250867	19.541643857955933
0.8463581517164364	0.4070465257644493	19.571643829345703
0.8470372252205629	0.4069721945289466	19.61164379119873
0.8494199658611029	0.4042783657049894	19.6416437625885
0.8901954932548656	0.41187538291686254	19.67164397239685
0.8901942982497463	0.4132954739955098	19.711643934249878
0.8890291204589956	0.41277166405394694	19.74164390563965
0.8877363137346238	0.411832094186434	19.77164387702942
0.8868494799210129	0.41079676241404733	19.811643838882446
0.7985952134950898	0.4393412020597116	19.871643781661987
0.7979812297805687	0.4373522652646597	19.911643743515015
0.7949303605340191	0.4403268265000107	19.941643953323364
0.7931206631665377	0.4419409128097918	19.971643924713135
0.7908483755233214	0.44203403389273127	20.011643886566162
0.7902912214399154	0.4444111669143363	20.041643857955933
0.733015322206913	0.4302320599799901	20.071643829345703
0.7330085953678548	0.43014612344312264	20.11164379119873
0.7305597098156139	0.430596079283172	20.1416437625885
0.7289342517360522	0.4333690934875184	20.17164397239685
0.7277504431638575	0.43410038961928826	20.211643934249878
0.726728756604917	0.4362663634636408	20.24164390563965
0.7263324992793202	0.4376439153264815	20.281643867492676
0.6852560545827073	0.4450211982634556	20.311643838882446
0.6833244543678123	0.4574789695675147	20.341643810272217
0.6816496513367397	0.4540625131758346	20.381643772125244
0.6809584632427972	0.45596929048546553	20.411643743515015
0.6793104633659738	0.45821560063738115	20.441643953323364
0.6791639777177394	0.4594056749787313	20.471643924713135
0.6781573373363022	0.46202322236422144	20.511643886566162
0.6606900032816484	0.45052768981276287	20.541643857955933
0.6376452739128374	0.44234481053570207	20.58164381980896
0.6369311687107124	0.43985943994895205	20.61164379119873
0.6359138128051884	0.4425613766340565	20.6416437625885
0.6357023562457618	0.4430317113005954	20.67164397239685
0.635813969867737	0.4455910559549343	20.711643934249878
0.6360066020172841	0.4477612773508792	20.74164390563965
0.6366391552823168	0.4515758167121751	20.77164387702942
0.6374891667506811	0.4572084044831474	20.811643838882446
0.589360953088636	0.4063037923095587	20.841643810272217
0.5899381172612982	0.40817751182928735	20.871643781661987
0.5882865256959267	0.41258249116833967	20.911643743515015
0.5871375801711191	0.4133650823890858	20.941643953323364
0.5860173718176102	0.41821621293166467	20.971643924713135
0.5861531190385788	0.4203841405592199	21.011643886566162
0.5840432043090735	0.4213947612079409	21.041643857955933
0.5837366265272281	0.42265552240727583	21.071643829345703
0.5821666006755464	0.4205723146609936	21.11164379119873
0.5805418349627086	0.4183120945425558	21.1416437625885
0.3130039731243915	0.20610586590279337	21.17164397239685
0.31354820565385927	0.20670248954258416	21.211643934249878
0.3129144247349958	0.20525804091976207	21.24164390563965
0.31323063813729385	0.2057833152563339	21.27164387702942
0.5800225582226565	0.421481523437654	21.311643838882446
0.5396184137719882	0.38048601345613875	21.341643810272217
0.537722036905074	0.38075877619991416	21.381643772125244
0.5364769590509723	0.38368542346577933	21.411643743515015
0.5354405511178707	0.38460906005936524	21.441643953323364
0.5345412059422582	0.38769566361351593	21.471643924713135
0.5347785847392584	0.391627301604161	21.511643886566162
0.5349933745893581	0.39031252010463324	21.541643857955933
0.5335597870378068	0.3887248163082029	21.571643829345703
0.5341168302567479	0.3894901330793508	21.61164379119873
0.5331994662397816	0.39067054197042567	21.6416437625885
0.5340270496288431	0.39167383129476324	21.67164397239685
0.5362071679935416	0.3938539610553747	21.711643934249878
0.5767283111822091	0.5008521349118513	21.74164390563965
0.5743006188066166	0.500614452767385	21.781643867492676
0.5714278603877274	0.5042630619992766	21.811643838882446
0.5701096797241754	0.507703630443292	21.841643810272217
0.568621245506936	0.5096759880485239	21.871643781661987
0.5678348029553958	0.5123164693868778	21.911643743515015
0.567206635793582	0.5163328866508411	21.941643953323364
0.5657057686476452	0.5167053884515389	21.971643924713135
0.5653487586421401	0.5191463687152952	22.011643886566162
0.5648429444596886	0.5188947718166943	22.041643857955933
0.5650381442467731	0.5189639044341766	22.071643829345703
0.5655125968579963	0.5191723033089325	22.11164379119873
0.5656884100918863	0.5191742780408015	22.1416437625885
0.5784045684825958	0.5065283144049418	22.17164397239685
0.6483406277216576	0.5515290141111506	22.221643924713135
0.6464596789194842	0.5488095844620563	22.24164390563965
0.6443208634972519	0.5537276099863054	22.27164387702942
0.6430510345239092	0.5564475093530007	22.311643838882446
0.6422051922493851	0.5573854462044593	22.341643810272217
0.6412502318467647	0.5554332675323026	22.371643781661987
0.6408081232280093	0.5555082264360002	22.411643743515015
0.6393908718461454	0.5545806286256127	22.441643953323364
0.6398037087060394	0.5556317768751247	22.48164391517639
0.6397222734590696	0.5561746116949312	22.511643886566162
0.6788387556732686	0.5676765614452566	22.541643857955933
0.6847912858631596	0.5777886485567513	22.571643829345703
0.6855716289197287	0.5764979954042844	22.61164379119873
0.6859142333739454	0.5776550584395267	22.6416437625885
0.686556700518868	0.5778415350985084	22.67164397239685
0.6864967428294303	0.5788015485727305	22.711643934249878
0.6857787931742365	0.5809324760381457	22.74164390563965
0.6849174465210688	0.581163427165694	22.781643867492676
0.6850773050672864	0.5805288077193785	22.811643838882446
0.684075100511193	0.5817699179062437	22.851643800735474
0.6827056396116293	0.5815467350619176	22.871643781661987
0.6818187847795294	0.5815867145721478	22.911643743515015
0.6811955794799978	0.5813284603159782	22.941643953323364
0.6804675587964976	0.5829837817839105	22.971643924713135
0.6792741214170411	0.5845739744166147	23.011643886566162
0.679477199261	0.5848865475006729	23.041643857955933
0.6790101179212975	0.5843449309782579	23.071643829345703
0.6792074825342086	0.5831007983218679	23.11164379119873
0.6781427015657135	0.5830856531146871	23.1416437625885
0.7419883192897392	0.5654353577727926	23.17164397239685
0.7857744668473431	0.5931856708533207	23.211643934249878
0.7850677869283078	0.5925881772769832	23.24164390563965
0.7843878016056466	0.5940121668455584	23.27164387702942
0.784415253877511	0.5943813080235512	23.311643838882446
0.7834194543660596	0.5947197785044166	23.341643810272217
0.7820770716458249	0.5954109747425297	23.371643781661987
0.7818580432859912	0.5954683658856281	23.411643743515015
0.7812947193368164	0.5964541034740537	23.441643953323364
0.7808304389204512	0.5974358791332314	23.48164391517639
0.5307934649690943	0.3371580257634966	23.511643886566162
0.5577864742311974	0.3459018614181032	23.58164381980896
0.5569063059838952	0.34335093685332047	23.61164379119873
0.55689065849768	0.34502472633702397	23.6416437625885
0.8595933247867764	0.5908274987577243	23.67164397239685
0.8598316286848036	0.5915226295089393	23.711643934249878
0.8603003155475031	0.591450133009799	23.74164390563965
0.8598214486429785	0.5910178334874651	23.77164387702942
0.858893267443875	0.5912818369252264	23.811643838882446
0.8595700018941107	0.5918556589957384	23.841643810272217
0.8588062208582684	0.5912647817861284	23.871643781661987
0.8581729618431021	0.5912465898961851	23.911643743515015
0.8587459591294054	0.591583848512857	23.941643953323364
0.8582707055071255	0.5898665835755691	23.971643924713135
0.8587405029304147	0.5882436621759667	24.011643886566162
0.858459468724326	0.5891084623275797	24.041643857955933
0.8586903191219275	0.5886699860017582	24.071643829345703
0.8592392082671364	0.5903912425297159	24.11164379119873
0.8596897932602707	0.5885528467263533	24.1416437625885
0.8727337532505228	0.5940453026328516	24.17164397239685
0.9389291844406507	0.616606189430587	24.211643934249878
0.96152142853784	0.6301409696606916	24.24164390563965
0.960442907932688	0.632888378461209	24.27164387702942
0.9412255192841632	0.627938163035448	24.311643838882446
0.9367301590997231	0.6241721415030083	24.341643810272217
0.9311278761663838	0.6241481427600554	24.371643781661987
0.9273415526400828	0.6228030987715515	24.411643743515015
0.9253835947685743	0.6237621400099214	24.441643953323364
0.9261721833723899	0.6232488613389465	24.48164391517639
0.8304495555516198	0.5494302425821572	24.511643886566162
0.794052826224445	0.4366794620811097	24.541643857955933
0.7789125890147336	0.37472516550097557	24.58164381980896
0.769035119409246	0.36839193067082127	24.61164379119873
0.7633271520493999	0.3632799677960469	24.651643753051758
0.7569500814299931	0.3616443379921499	24.681643962860107
0.7517521660153393	0.3601662972609118	24.711643934249878
0.7484565167766305	0.35991743032983087	24.74164390563965
0.573277576488753	0.19387579441220035	24.77164387702942
0.5671150734635049	0.1831078317666302	24.811643838882446
0.5637015581806117	0.18155036519807824	24.841643810272217
0.5609669993815898	0.18241349091110862	24.871643781661987
0.557599745237016	0.1816290626646741	24.911643743515015
0.5546175213036795	0.18140665424944188	24.941643953323364
0.553331322314496	0.1827151374962093	24.98164391517639
0.552676767918709	0.18320104164721068	25.011643886566162
0.5534499709428564	0.18507273145075023	25.041643857955933
0.5528543948186027	0.1862838779197768	25.071643829345703
0.5148652960529481	0.1331442328637347	25.11164379119873
0.5124912368820519	0.12444881261645635	25.1416437625885
0.5112133698946693	0.12026257948170509	25.181643962860107
0.5114674562067548	0.12135443551026046	25.211643934249878
0.5116237798487177	0.12368883388206701	25.24164390563965
0.5105912549262549	0.12406398204849743	25.281643867492676
0.7542160158221107	0.0752531515352628	25.341643810272217
0.7526254645120485	0.07515300896438698	25.381643772125244
0.7531204479841531	0.07708524276096476	25.411643743515015
0.7486461448510214	0.07714748379913201	25.441643953323364
0.745962574719241	0.0781419342189171	25.48164391517639
0.7418167140318531	0.07775095402483063	25.511643886566162
0.7407086980358399	0.07810060751950938	25.541643857955933
0.7410170654075997	0.07923541788392217	25.58164381980896
0.7370527574747214	0.07899799065818734	25.61164379119873
0.6945091199416912	0.07551086618976655	25.6416437625885
0.696156256663425	0.07824753043856747	25.681643962860107
0.6949002158668699	0.07942262906134712	25.711643934249878
0.6941389360530666	0.08067996295327484	25.74164390563965
0.7002753349795886	0.07335742795640698	25.781643867492676
0.7569139252068047	0.07345006513766614	25.841643810272217
0.7568311649518501	0.07373918621889788	25.851643800735474
0.7576503945947126	0.07442464324864098	25.881643772125244
0.7592999836212666	0.07565887255915633	25.911643743515015
0.758258767231274	0.07496688470039099	25.941643953323364
0.7582437940949672	0.07522306293398513	25.98164391517639
0.756481254349145	0.07541740612196925	26.011643886566162
0.7541239487228	0.07522213139522095	26.041643857955933
0.7549604709277572	0.07485878224941599	26.08164381980896
0.7572165017158722	0.07502302147915473	26.11164379119873
0.757568540942754	0.07286910395594694	26.1416437625885
0.7563969810896795	0.07193169786735389	26.181643962860107
0.7568602439666354	0.07082815121674928	26.211643934249878
0.7580647403961209	0.07049028610068499	26.24164390563965
0.7582109937666929	0.06941923187702202	26.281643867492676
0.7590214380661893	0.06926502049500059	26.311643838882446
0.7575415463988147	0.07024527869927102	26.341643810272217
0.7566530563827715	0.07091483587498244	26.381643772125244
0.7564917126124782	0.069727866879904	26.411643743515015
0.757265064244508	0.06973288995320952	26.441643953323364
0.7600065596752237	0.07258245439028113	26.48164391517639
0.7792781409936147	0.09021243158031904	26.511643886566162
0.7790056483424237	0.09103894193612724	26.541643857955933
0.7787738236050762	0.09143970417133261	26.58164381980896
0.7785950712756073	0.09064669419688573	26.61164379119873
0.7776695436144432	0.09110765206149901	26.6416437625885
0.7766433130317799	0.09078139468283238	26.681643962860107
0.7764042434964221	0.0912688799300402	26.711643934249878
0.7755506675336405	0.09055366998863598	26.74164390563965
0.7757429724411061	0.09038082764138534	26.781643867492676
0.7771705113335253	0.08957315802646304	26.811643838882446
0.7801299517198733	0.09161664995197068	26.841643810272217
0.8719164636099939	0.4707787631245828	26.911643743515015
0.8862040759396156	0.5817384213184942	26.941643953323364
0.8689205741064067	0.601226194039477	27.001643896102905
0.8512090014578433	0.5984944489461481	27.02164387702942
0.8454426686441039	0.5970899204835467	27.041643857955933
0.8394878715284757	0.5978711965429094	27.08164381980896
0.8364034716941616	0.5972761091893114	27.11164379119873
0.8340452186783391	0.5969559638142596	27.1416437625885
0.8342890804971873	0.5976404754202327	27.181643962860107
0.7083419080673783	0.18839120460621217	27.24164390563965
0.7233701373292976	0.1867842380152787	27.281643867492676
0.7249191793893012	0.18475409575487764	27.311643838882446
0.7222896295277247	0.18055169064307222	27.341643810272217
0.7201150139896764	0.17851206000984937	27.381643772125244
0.7183533058425718	0.17632942877796418	27.411643743515015
0.7197382149949811	0.1747443727210492	27.441643953323364
0.7507541435562913	0.1291701937839863	27.48164391517639
0.7503033973991684	0.12968161446443224	27.511643886566162
0.748860942923221	0.13118472057390984	27.541643857955933
0.747631259221648	0.1295741144102876	27.58164381980896
0.746931439375602	0.1283585970326451	27.61164379119873
0.7589686370109728	0.122514837447402	27.6416437625885
0.7929005363977386	0.1244124872872189	27.92164397239685
0.7944975248790331	0.12412362072184492	27.941643953323364
0.7941049168712545	0.12543096931464198	27.98164391517639
0.7924607734448511	0.12439831818857343	28.011643886566162
0.7932108075552993	0.1253576846810047	28.041643857955933
0.793928236390414	0.12487600123014013	28.08164381980896
0.8495196232789244	0.13261850758890903	28.11164379119873
0.8582715032679045	0.1390189953597167	28.1416437625885
0.8587413955993547	0.13964161650770207	28.181643962860107
0.8598425696981894	0.14049017341781325	28.211643934249878
0.8589940118193986	0.13978566518130664	28.24164390563965
0.8591152610164152	0.13786023864594768	28.281643867492676
0.8585436054905192	0.13804889009804658	28.311643838882446
0.8582716427800099	0.137025278088015	28.341643810272217
0.8563879927091848	0.13754613205886893	28.381643772125244
0.856705929441948	0.13729458231096972	28.411643743515015
0.8580548775936759	0.13710462622281455	28.441643953323364
0.8681047027093515	0.14056937524724278	28.48164391517639
0.7949611192023308	0.7456710147213211	28.811643838882446
0.7738082508924575	0.7001378403225657	28.841643810272217
0.7652477439674238	0.7016326450526388	28.881643772125244
0.762363741747918	0.6960931714898377	28.911643743515015
0.7587959943131056	0.6925307464474787	28.941643953323364
0.7541009726288416	0.6944780197135705	28.98164391517639
0.7508107254877362	0.6925031138475055	29.011643886566162
0.7486361524263938	0.6917078612737285	29.041643857955933
0.7483956939754373	0.6889224248752654	29.08164381980896
0.7478800465185552	0.6860087878313584	29.11164379119873
0.7482806197796336	0.685363146931126	29.1416437625885
0.7473970152291117	0.6805557664421246	29.181643962860107
0.7470723798213884	0.678263465018007	29.211643934249878
0.7454739785202968	0.676471372866703	29.24164390563965
0.744336245417812	0.6749110869133442	29.281643867492676
0.7415918971892352	0.6735415268637691	29.311643838882446
0.7392515957700003	0.6738209758133933	29.341643810272217
0.7365486185425882	0.6736759160460983	29.381643772125244
0.6936230720711414	0.661519638422496	29.411643743515015
0.5955328949340024	0.6458286257210051	29.441643953323364
0.5915245499659132	0.6474483732863295	29.48164391517639
0.5813043774565464	0.6452874195079837	29.511643886566162
0.5744598340883973	0.6488825767347246	29.541643857955933
0.5708757845950618	0.6515032386191157	29.58164381980896
0.5665052430223976	0.6554827621577731	29.61164379119873
0.6060871803494409	0.3204204690866449	29.681643962860107
0.6103321162549498	0.31832678105253787	29.711643934249878
0.6117111723535631	0.31721219593839123	29.74164390563965
0.6106361187767732	0.31459463397864124	29.781643867492676
0.6094072277211136	0.3122783065703645	29.811643838882446
0.6085355221879256	0.3088713292672002	29.841643810272217
0.6085434528995117	0.30658085283923897	29.881643772125244
0.6088191979871607	0.30410753541883406	29.911643743515015
0.6096158574981766	0.30329152052249075	29.941643953323364
0.6146343767488417	0.3050283250356108	29.98164391517639
0.7777599230620743	0.575825407927676	30.011643886566162
0.7936325364685178	0.6211954185134209	30.041643857955933
0.7934499664950171	0.624614086269873	30.08164381980896
0.791579161195836	0.6256668849149158	30.11164379119873
0.7889468399258908	0.6274740329553664	30.1416437625885
0.7860277914301466	0.6273324865180251	30.181643962860107
0.7836840656025751	0.6272211337658169	30.211643934249878
0.780153140165808	0.6260074293082835	30.24164390563965
0.7789554916667332	0.6248289201356917	30.281643867492676
0.7786606034303719	0.6210637011696617	30.311643838882446
0.7802271197018045	0.6180569974692176	30.341643810272217
0.9078774751403806	0.58312235495496	30.381643772125244
0.913543555232616	0.5921985855488436	30.411643743515015
0.9120731784400121	0.5904782975605974	30.441643953323364
0.9121304961883194	0.5895574143197645	30.48164391517639
0.9158802871608064	0.5918874537946966	30.511643886566162
0.927832674744612	0.6042025533065386	30.541643857955933
0.686874592002822	0.6641889593542079	30.74164390563965
0.6723931199100165	0.6565784436970195	30.781643867492676
0.6673309395279015	0.6522978178594695	30.811643838882446
0.6583731484277859	0.6482163910345597	30.841643810272217
0.6522138692211344	0.644714761962462	30.881643772125244
0.6458185905316344	0.640740883264516	30.911643743515015
0.6470468460326018	0.6372147963997022	30.941643953323364
0.6858074375581911	0.37363448482017697	30.98164391517639
0.6831930601540065	0.3725462835329221	31.011643886566162
0.6838156643851401	0.36542314591767405	31.041643857955933
0.6807416626575866	0.36246698800381805	31.08164381980896
0.6787963210330594	0.3581379668931465	31.11164379119873
0.6775470910105891	0.3562745157736538	31.1416437625885
0.6743623407306146	0.35574477461802717	31.181643962860107
0.6737818269473693	0.354804392227842	31.211643934249878
0.6724348973897524	0.35641575769399536	31.24164390563965
0.6705773946365268	0.35774829196923463	31.281643867492676
0.6698110735796999	0.3603360953215578	31.311643838882446
0.6702508940217995	0.36175042797048734	31.341643810272217
0.6708153141099263	0.36486291280525035	31.381643772125244
0.671018298773934	0.3630390291187052	31.411643743515015
0.7769599048643776	0.1258781642681945	31.48164391517639
0.7998122951251239	0.1376456882684155	31.511643886566162
0.7989077085167154	0.1332839522104465	31.541643857955933
0.7972838563514109	0.13308787740715647	31.58164381980896
0.7969773886367152	0.13294497217367515	31.61164379119873
0.7962947676770172	0.13086244220869692	31.6416437625885
0.7961035712123636	0.13213754108472914	31.681643962860107
0.7964926982727569	0.13169972512865902	31.711643934249878
0.7963230168960385	0.1318546607318391	31.74164390563965
0.795363109734929	0.1336900801960103	31.781643867492676
0.7956056563608908	0.13393592489528075	31.811643838882446
0.7945894345203124	0.1359563354251609	31.841643810272217
0.8062832466611705	0.12367532107424072	31.881643772125244
0.841388663361206	0.12569147908772782	31.911643743515015
0.8415349671923423	0.1259646974343071	31.941643953323364
0.8425769389715598	0.1251287366839732	31.98164391517639
0.8425029176832327	0.12634868848850872	32.01164388656616
0.8430191550105355	0.12476433976270523	32.04164385795593
0.8432134221590574	0.1229820851467545	32.08164381980896
0.8430030602467962	0.12304074324275187	32.11164379119873
0.8439691190394567	0.12309293997034974	32.1416437625885
0.844099523116968	0.12483584352026715	32.18164396286011
0.8432761812479608	0.12320329544390139	32.21164393424988
0.843588471336547	0.12489987347566552	32.24164390563965
0.844585493197617	0.12687017148524748	32.281643867492676
0.8447184040165179	0.125841098398927	32.311643838882446
0.8442590345761711	0.12670017951568124	32.34164381027222
0.8446104274801957	0.1259615246500702	32.381643772125244
0.8444479958060512	0.12832095949344882	32.411643743515015
0.8443674597396073	0.129412937769376	32.441643953323364
0.8451366768008235	0.129113074217261	32.48164391517639
0.8463574145288385	0.12821768538046838	32.51164388656616
0.8468741138747145	0.12823958562961063	32.54164385795593
0.8483992776679672	0.1288697241649145	32.58164381980896
0.8626724769959211	0.14360509801596943	32.61164379119873
0.8844652467355677	0.1873047240482322	32.6416437625885
0.8833899636555168	0.18616567816506688	32.68164396286011
0.8822527612635176	0.18720508329888558	32.71164393424988
0.8824675791155349	0.18841276520634484	32.74164390563965
0.8823487312605754	0.18787784264993518	32.781643867492676
0.8823941533727685	0.18756615134063023	32.811643838882446
0.8829235855169857	0.18678413389334275	32.84164381027222
0.8820024739368303	0.18713197048071387	32.881643772125244
0.8834103270257528	0.18620292925391949	32.911643743515015
0.8825333297172759	0.18368836646842415	32.941643953323364
0.8832375282560587	0.18300785817385887	32.98164391517639
0.8848562403240716	0.1818085699242347	33.01164388656616
0.8861849601751455	0.1785660308781463	33.04164385795593
0.8849927916235738	0.1768662278400536	33.08164381980896
0.8841684688605109	0.17683614160825153	33.11164379119873
0.8843915164286893	0.17589264139528774	33.1416437625885
0.8848745863463529	0.17548671404301133	33.18164396286011
0.8849703307421573	0.17370634757015418	33.21164393424988
0.8855966745343742	0.17346363680757695	33.24164390563965
0.8849215663025951	0.1733267405175646	33.281643867492676
0.8855832248766041	0.17273201361738383	33.311643838882446
0.8331858357207285	0.12523224237147249	33.34164381027222
0.8230262009251516	0.11028850375485472	33.381643772125244
0.8219535417124753	0.11098748547262048	33.411643743515015
0.8211705679337219	0.1104014043972518	33.441643953323364
0.8202431349328734	0.10999034583145999	33.48164391517639
0.8187761831667212	0.10830855046198368	33.51164388656616
0.7671055744657203	0.07316424395180726	33.54164385795593
0.7700336177668957	0.07389021435896213	33.58164381980896
0.770827283579565	0.07477615185260009	33.61164379119873
0.7688602541571373	0.07608049216268156	33.6416437625885
0.7681300505044347	0.07450933696132364	33.68164396286011
0.7683112679670278	0.0746624350509844	33.71164393424988
0.7339445099468764	0.086551888075886	33.74164390563965
0.7242348019033822	0.1033303618589417	33.781643867492676
0.7213530396001073	0.10372935453433504	33.811643838882446
0.7195727322857827	0.10378888597093629	33.84164381027222
0.7194938582829715	0.1035815632403098	33.881643772125244
0.7180847677604658	0.10392968893874277	33.911643743515015
0.726348204209055	0.10217934936221529	33.941643953323364
0.8087831822273764	0.14145585574770983	33.98164391517639
0.8036915659004975	0.13988178292229878	34.01164388656616
0.8036806059608794	0.14249981495227676	34.04164385795593
0.8015869602963245	0.1431364074811194	34.08164381980896
0.7264683293025443	0.16585854071011652	34.11164379119873
0.7215735299081536	0.16617879917392628	34.1416437625885
0.720668891683992	0.16429568624897448	34.18164396286011
0.7195215283089186	0.16697921123573412	34.21164393424988
0.7181816350301813	0.16873859940058433	34.24164390563965
0.7130650172862103	0.1647270001410489	34.281643867492676
0.6558715414902361	0.1885156915457307	34.311643838882446
0.654898463962168	0.19020903707579306	34.34164381027222
0.6533560090301254	0.19239924489382804	34.381643772125244
0.6520590928669394	0.19539976899988443	34.411643743515015
0.6519542784740602	0.19727941392816525	34.441643953323364
0.6518657328065482	0.1998849045487718	34.48164391517639
0.6529353893062549	0.20215107873124566	34.51164388656616
0.6525774335189187	0.20245603982545593	34.54164385795593
0.6512126293740239	0.20381415949402146	34.58164381980896
0.6501815531798768	0.2030518936667828	34.61164379119873
0.6027941321267983	0.17734230812187582	34.6416437625885
0.5939121116275387	0.17691771497142278	34.68164396286011
0.5912307153854122	0.17600282859593813	34.71164393424988
0.5889182887937205	0.17597373540619035	34.74164390563965
0.5874286400090284	0.17612467832247897	34.781643867492676
0.5867641170125129	0.17780229122566235	34.811643838882446
0.5854200506776848	0.17622255729985514	34.84164381027222
0.5842742340426916	0.17608374484920777	34.881643772125244
0.5838767780885735	0.1705387188199103	34.911643743515015
0.5632279015600892	0.11648477044477738	34.941643953323364
0.5646115708260698	0.11691747937210248	34.98164391517639
0.5656628430399989	0.11655098470163856	35.01164388656616
0.5683295164145146	0.11535471298914593	35.04164385795593
0.6594268589455804	0.07069583103787763	35.08164381980896
0.6620756452587393	0.07185148988696057	35.11164379119873
0.6617881854078621	0.07236235751653915	35.1416437625885
0.6612077061551352	0.07350280810827699	35.18164396286011
0.6596131391572506	0.0735076412128385	35.21164393424988
0.5822111119279568	0.11861074454158982	35.251643896102905
0.5725119579383939	0.12904057497286336	35.281643867492676
0.5686335126867057	0.13023632833244242	35.311643838882446
0.5656844629521274	0.1315743747935528	35.34164381027222
0.5630788817818971	0.1310227729142136	35.381643772125244
0.5616236019245354	0.13246182320879762	35.411643743515015
0.561023627524205	0.13257348401882565	35.441643953323364
0.5489058237161176	0.13261822752816396	35.48164391517639
0.5025245850716716	0.13963071553195763	35.52164387702942
0.5003986907891014	0.141179819260436	35.54164385795593
0.4983444149875579	0.14111806437716629	35.58164381980896
0.4966509218102643	0.14234868982687437	35.61164379119873
0.49380856590697275	0.1423507487433623	35.6416437625885
0.4926166432189817	0.1436586846981841	35.68164396286011
0.4904234590737148	0.1425583591409363	35.71164393424988
0.4888675319819294	0.14501887133276695	35.74164390563965
0.4887861922577326	0.14762197731441226	35.781643867492676
0.4886928044706525	0.14789993500951104	35.811643838882446
0.48919053257690553	0.1484164679645295	35.851643800735474
0.4887890747264593	0.14856095082768836	35.881643772125244
0.4681738335846976	0.17344751360419555	35.911643743515015
0.46863863050762766	0.1759272085206403	35.95164394378662
0.46795032969182637	0.17846216850286778	35.98164391517639
0.46752539714589847	0.18050815477444476	36.01164388656616
0.4664296297219267	0.1813811586875704	36.05164384841919
0.4666713692093573	0.1811457724731702	36.08164381980896
0.46554840010758747	0.18167174338298323	36.11164379119873
0.4660818609258872	0.18315366844383313	36.15164375305176
0.41345126412253996	0.13968659312597387	36.18164396286011
0.4140488324064816	0.13523669579230524	36.21164393424988
0.41256874480306593	0.1349715373789989	36.251643896102905
0.4118600081225655	0.13489032389520894	36.281643867492676
0.4117004739606137	0.13640371452779923	36.311643838882446
0.4111686226177007	0.13673606075303654	36.351643800735474
0.41000274242620954	0.13456949688514325	36.381643772125244
0.4108369943206839	0.13521047052632826	36.411643743515015
0.40907798560053943	0.1319127793337463	36.45164394378662
0.3972114924810703	0.11923828424617401	36.48164391517639
0.3959526962465505	0.1192450110949692	36.51164388656616
0.39575615924521346	0.1186145625865534	36.55164384841919
0.3952209430158037	0.1170456720180336	36.58164381980896
0.3950368091798336	0.11678430366932799	36.61164379119873
0.39483671557758726	0.11965975170025982	36.65164375305176
0.39860694889708204	0.11938605594132883	36.68164396286011
0.6552791651266787	0.5270274806622275	36.751643896102905
0.6936864566543237	0.5922139354108307	36.781643867492676
0.6954215146698945	0.5891307224133281	36.811643838882446
0.6778197091108106	0.5877881212179867	36.851643800735474
0.6720686664741126	0.5843997057139801	36.881643772125244
0.6654335348995583	0.5825313803048647	36.911643743515015
0.6605844176527498	0.5816334379720506	36.95164394378662
0.6577265978411857	0.5785789695192689	36.98164391517639
0.6549406805928375	0.5756368807828178	37.01164388656616
0.6533988917065165	0.5753287933842719	37.05164384841919
0.6521373852301342	0.5753782926984722	37.08164381980896
0.6507716621086371	0.5765279403894826	37.11164379119873
0.6495231658769376	0.5760284438277494	37.15164375305176
0.6483729932409866	0.5758679120788951	37.18164396286011
0.6481644997299751	0.5740037429634186	37.21164393424988
0.6458562683410585	0.5764470941476553	37.251643896102905
0.6456046503087667	0.5747142454325929	37.281643867492676
0.6443940335890226	0.5736541311945871	37.311643838882446
0.6434497487572205	0.5717392104312311	37.351643800735474
0.6420950091157754	0.5717176215904676	37.381643772125244
0.6414919113010903	0.5691646615995503	37.411643743515015
0.6401432631958198	0.5684622799470975	37.45164394378662
0.6389644932436266	0.5681732638886199	37.48164391517639
0.6371155362659094	0.5671932616106484	37.51164388656616
0.6358085600298735	0.5658651416901057	37.55164384841919
0.6351822386168299	0.56438915768896	37.58164381980896
0.6353842660784663	0.5653335960979909	37.61164379119873
0.6347653542287329	0.5649395138063403	37.65164375305176
0.6342789765669045	0.563373797334907	37.68164396286011
0.6338355318660209	0.56445990189015	37.71164393424988
0.6335356725336335	0.5633576324458707	37.751643896102905
0.6331214831202767	0.5639067087584322	37.781643867492676
0.6331052918461578	0.5634852657735897	37.811643838882446
0.6326030600495176	0.5633575851296193	37.851643800735474
0.6290973084694841	0.5639692476500162	37.881643772125244
0.57494712758754	0.6233058559507845	37.911643743515015
0.5637046458339221	0.6299392425100127	37.95164394378662
0.5608603793773209	0.6318477608171691	37.98164391517639
0.5590342541592093	0.6331026777738045	38.01164388656616
0.5572284864091492	0.6363086834184848	38.05164384841919
0.5558639013382852	0.6361853664657836	38.08164381980896
0.5548546748963015	0.6363197529483083	38.11164379119873
0.5551796406390552	0.6358717405087893	38.15164375305176
0.5552458787268253	0.6375890122774436	38.18164396286011
0.555139010995041	0.6374968123020915	38.21164393424988
0.5535644072054517	0.6349563644114858	38.251643896102905
0.5527651778987066	0.6355277205598749	38.281643867492676
0.5522137356602914	0.6332025930218252	38.311643838882446
0.5520414312702835	0.6341113880254375	38.351643800735474
0.5507927282961168	0.634592854901613	38.381643772125244
0.5504416375575932	0.6325944112112176	38.411643743515015
0.5497216251994749	0.6309173381352595	38.45164394378662
0.5495399967686493	0.6301234082062455	38.48164391517639
0.5496927239805373	0.6287981814191967	38.51164388656616
0.5498602055770924	0.6281469818614934	38.55164384841919
0.5492079783899921	0.6267645410101005	38.58164381980896
0.5482918998311282	0.6272731753780176	38.61164379119873
0.5474044013313162	0.6267578383057386	38.65164375305176
0.5484542345413649	0.6261220351779556	38.68164396286011
0.5490409744055703	0.6263746180742001	38.71164393424988
0.5486674126365644	0.6267629644794985	38.751643896102905
0.5487965860173273	0.6259350276013733	38.781643867492676
0.5481535991996891	0.6280996229882643	38.811643838882446
0.5473919180489496	0.6282273898378742	38.851643800735474
0.5472575264825262	0.6277375262843408	38.881643772125244
0.5465635076994	0.6291556520703319	38.911643743515015
0.5465900512859708	0.6303802704173316	38.95164394378662
0.5466332574325015	0.6318159962429128	38.98164391517639
0.5462956079406348	0.6315605284991482	39.01164388656616
0.5465662926191152	0.6334910704662366	39.05164384841919
0.545455646227458	0.6345292595522408	39.08164381980896
0.5455250119648991	0.635100478852414	39.11164379119873
0.5457253735708358	0.6383587636878245	39.15164375305176
0.5450571730655905	0.6409746442567328	39.18164396286011
0.5440344976452357	0.6465000561306973	39.21164393424988
0.5440211258190683	0.6453368190017019	39.251643896102905
0.5434763406140346	0.6435523965658637	39.281643867492676
0.5427369445570457	0.6454907492844055	39.311643838882446
0.5429900388400501	0.6479775795410031	39.351643800735474
0.5435500356671757	0.6511426663357924	39.381643772125244
0.5428042734875216	0.6523549357313926	39.411643743515015
0.5435480624166459	0.6536746321742817	39.45164394378662
0.542983909514497	0.6547397845561107	39.48164391517639
0.5419898585546349	0.656675740944867	39.51164388656616
0.5424819584151953	0.6547897710323631	39.55164384841919
0.5444138787147788	0.6556121822513246	39.58164381980896
0.579612887029823	0.6999485443867399	39.61164379119873
0.5784123841851898	0.6996594300580923	39.65164375305176
0.5772664260334129	0.7032351733156925	39.68164396286011
0.5760938980041141	0.7043608809583807	39.71164393424988
0.5765940350072872	0.7053393756326117	39.751643896102905
0.5753167138939465	0.7041984815625204	39.781643867492676
0.5762378107128506	0.7057150828168863	39.811643838882446
0.5764185037944237	0.7056421327609321	39.851643800735474
0.5769229873863203	0.7059796589127942	39.881643772125244
0.5759396486458297	0.7073256293808746	39.911643743515015
0.5775452447959089	0.7055427965750821	39.95164394378662
