COORDENADA X	 COORDENADA Y	 TEMPO
0.6059929096954688	0.5903107839565365	0.01572108268737793
0.6047291172496637	0.5932271433374117	0.05572104454040527
0.6041153137367724	0.5936467934401267	0.08572101593017578
0.6036862323049428	0.5939264026492945	0.11572098731994629
0.6016627141163479	0.5944905510993744	0.15572094917297363
0.6011973727334564	0.5939283954171197	0.18572092056274414
0.601714139198441	0.5954510556166841	0.21572089195251465
0.6011398311042855	0.595809237559323	0.2557210922241211
0.6012431561719421	0.5967839205687224	0.2857210636138916
0.6113526245873055	0.5802131089775321	0.3157210350036621
0.6520334215329524	0.5057805565758514	0.35572099685668945
0.6496877545408833	0.5052227256994981	0.38572096824645996
0.6484993130654402	0.5066566979927244	0.41572093963623047
0.6490656999853645	0.5061553547151977	0.4557209014892578
0.6474022786372672	0.5061232272740577	0.4857211112976074
0.647985338495155	0.5057303754242923	0.5157210826873779
0.6483224255417722	0.5066934228524925	0.5557210445404053
0.644907644625582	0.5073630176824134	0.5857210159301758
0.560687423955261	0.6561555986423985	0.6257209777832031
0.5569757306556157	0.6585028940394242	0.6557209491729736
0.5504454228026949	0.6572749901206008	0.6857209205627441
0.5459832939471955	0.6567103291205677	0.7157208919525146
0.5431166651764967	0.6558190281577118	0.7557210922241211
0.541251585310034	0.6674795323598463	0.7857210636138916
0.5292845615588033	0.7064420475196952	0.8157210350036621
0.5284917147193636	0.7027008519431585	0.8557209968566895
0.5248980579927288	0.7057440219539767	0.88572096824646
0.529406253530175	0.7044785556162186	0.9157209396362305
0.7078000882962464	0.7027412485096874	0.9557209014892578
0.7032959897462316	0.7055877111367318	0.9857211112976074
0.7003885771368852	0.7065958619504132	1.015721082687378
0.6967461457600347	0.7061238862995061	1.0557210445404053
0.694430077570312	0.7074886040589291	1.0857210159301758
0.6528446768353142	0.7021524451868089	1.1157209873199463
0.6390006112914184	0.7086685144255892	1.1557209491729736
0.6379618499817474	0.7082841030344863	1.1857209205627441
0.6369989926264962	0.7063846096510051	1.2157208919525146
0.6371248292072145	0.7075101147717057	1.255721092224121
0.636141866763136	0.7063744833905972	1.2857210636138916
0.6374027255762389	0.7071851432385212	1.315721035003662
0.6382490233501943	0.7045358614946101	1.3557209968566895
0.6448757031246819	0.693867601200717	1.38572096824646
0.7886644809439378	0.704543642548975	1.4157209396362305
0.7832403409720956	0.7045527944377935	1.4557209014892578
0.7831938927850312	0.7032295012592896	1.4857211112976074
0.7825074839571391	0.7061721406376086	1.515721082687378
0.781642378677805	0.7062192882046481	1.5557210445404053
0.7799886921863659	0.7059076721234253	1.5857210159301758
0.7592477222992623	0.7007415410586502	1.6157209873199463
0.7571982286607335	0.6976495047558537	1.6557209491729736
0.7557196264826024	0.6993249463911712	1.6857209205627441
0.7550599446137358	0.697434259795638	1.7257208824157715
0.7542386214484548	0.6960846817590356	1.755721092224121
0.7540714818903917	0.696350093889214	1.7857210636138916
0.6822374284396353	0.5007517669540558	1.8557209968566895
0.6829835379525104	0.5022116632076319	1.88572096824646
0.680488784985071	0.5030117693727328	1.9157209396362305
0.6795995223926283	0.501539869640268	1.9557209014892578
0.6791571280250883	0.5015869478079905	1.9857211112976074
0.6809317289118942	0.5103994179881907	2.0257210731506348
0.7024953606706207	0.6325355561096789	2.0557210445404053
0.7001413396596421	0.6291672059374811	2.085721015930176
0.7001750625325409	0.6305007439701263	2.1157209873199463
0.6989532045334081	0.6320886144269455	2.1557209491729736
0.6984509025383578	0.6306530591376948	2.185720920562744
0.6987067429637467	0.632169620373607	2.2157208919525146
0.6980799401321761	0.6323288908724434	2.255721092224121
0.6985550353048227	0.6313110705446318	2.2857210636138916
0.6982184625434039	0.6311199942890502	2.315721035003662
0.6981411432620964	0.6319159199983116	2.3557209968566895
0.698150266667113	0.6328683226180772	2.38572096824646
0.6981180560156094	0.6326351419498338	2.4157209396362305
0.6981847388175132	0.6311099854379306	2.455720901489258
0.697823731962492	0.6322650107303093	2.4857211112976074
0.6977353220782455	0.6318892781689398	2.515721082687378
0.7001962178680141	0.6349377626503085	2.5557210445404053
0.7063824830206906	0.6381100621639658	2.585721015930176
0.7812470220712728	0.5794547350293464	2.6157209873199463
0.7739942816962694	0.578027416202783	2.6557209491729736
0.7712843717124301	0.5704219529188702	2.685720920562744
0.770104656047487	0.5729138400050758	2.7157208919525146
0.7642869994359959	0.573678445795047	2.755721092224121
0.7583476089715626	0.5712978071827521	2.7857210636138916
0.7619354441206752	0.57277031817256	2.815721035003662
0.7584755119291139	0.593643279740789	2.8557209968566895
0.7627616955981047	0.5765579576362941	2.88572096824646
0.7642505427314007	0.5705933408022585	2.9157209396362305
0.7624881488162312	0.5723145511483335	2.955720901489258
0.743130214682026	0.5969409881221954	2.9857211112976074
0.7415758089799097	0.5950452730757176	3.015721082687378
0.7373482195122457	0.5925204314322151	3.0557210445404053
0.7338670042014848	0.5849573336975119	3.085721015930176
0.7363727363911642	0.5872279182524168	3.1157209873199463
0.7374830935929375	0.585948068969454	3.1557209491729736
0.7350042027964538	0.5850984252245622	3.185720920562744
0.7357260459828228	0.5833846906825056	3.2157208919525146
0.7410346798414975	0.580019303619729	3.255721092224121
0.7663616102392609	0.5582554732034256	3.2857210636138916
0.7616411968502514	0.5582880956129579	3.315721035003662
0.7658395619198508	0.5625870146571347	3.3557209968566895
0.7628543062184501	0.5639685742737058	3.38572096824646
0.7620921960453623	0.5669589161718802	3.4157209396362305
0.7656450975538551	0.5619614999077873	3.455720901489258
0.7622098098557433	0.5657700233248185	3.4857211112976074
0.7602060243014616	0.5614404905945283	3.515721082687378
0.7648675934442346	0.563007910169777	3.5557210445404053
0.764778777597005	0.564323719100372	3.585721015930176
0.7638715462115941	0.5692118794602212	3.6157209873199463
0.7635742770275269	0.5700492396101534	3.6557209491729736
0.7649932316656576	0.5677495072048162	3.685720920562744
0.7625024427305523	0.5665413255769552	3.7157208919525146
0.7777258628847521	0.54511946891211	3.755721092224121
0.7787913108573511	0.542789877176892	3.7857210636138916
0.7786269514957772	0.5431112929760286	3.815721035003662
0.7787857568675993	0.543072728542723	3.8557209968566895
0.778573704635089	0.5421429736206211	3.88572096824646
0.77863445376383	0.541510464538821	3.9157209396362305
0.7792517841336914	0.5405226702835048	3.955720901489258
0.7791911612791779	0.5413869354300854	3.9857211112976074
0.7789738310777463	0.5437385939728779	4.015721082687378
0.7784358396369988	0.5420344446481549	4.055721044540405
0.7778583490526852	0.5433019537487424	4.085721015930176
0.7774751283518464	0.5417231066678766	4.115720987319946
0.7784640198759083	0.5412823998381208	4.155720949172974
0.7786646572102393	0.5397928031868475	4.185720920562744
0.7771265842849764	0.540366538431104	4.215720891952515
0.7765920313523376	0.5420161891388465	4.255721092224121
0.7719300018451931	0.5461456213253948	4.285721063613892
0.7511935030540489	0.5925029758459186	4.315721035003662
0.752105188936363	0.5886399395908026	4.3557209968566895
0.7507566292412257	0.5895753482706623	4.38572096824646
0.7501973287761009	0.5898110013969594	4.4157209396362305
0.7491774136025953	0.5897428692227595	4.455720901489258
0.7485951081417503	0.5905309401928237	4.485721111297607
0.7495878781748362	0.5904723044931691	4.515721082687378
0.7499023647926604	0.5883979711682119	4.555721044540405
0.7501259946174754	0.5884407718542605	4.585721015930176
0.7509519052806531	0.5888299646498865	4.615720987319946
0.7522064086747868	0.5875502203744156	4.655720949172974
0.7522600555233173	0.5849658456432348	4.685720920562744
0.7546042198193527	0.5872182437443193	4.7257208824157715
0.7765048293556687	0.5675712463097414	4.755721092224121
0.785692944484727	0.5498787782108033	4.785721063613892
0.7859044222542719	0.549614105960413	4.815721035003662
0.7867883038079341	0.551135244211492	4.8557209968566895
0.7854285685364557	0.5485187482137992	4.88572096824646
0.7855262015520283	0.5490896334445886	4.9157209396362305
0.7846105345101112	0.5501828297682338	4.955720901489258
0.7852058416196191	0.5487078782943455	4.985721111297607
0.7863518391409542	0.5474167031586923	5.015721082687378
0.78419202892359	0.5455480003824763	5.055721044540405
0.7860799137532133	0.5454712701451228	5.085721015930176
0.7855890081123161	0.5450097859040632	5.115720987319946
0.7870363637549841	0.5453660947016379	5.155720949172974
0.7858185696939045	0.5468218469699883	5.185720920562744
0.7885402838742992	0.5409886100001973	5.215720891952515
0.7940769568038799	0.513969440455095	5.255721092224121
0.7926164487049817	0.5129440021564403	5.285721063613892
0.7929204419045994	0.513792052068837	5.315721035003662
0.7949027655186199	0.5133339619484745	5.3557209968566895
0.7925022834061103	0.517669101854496	5.38572096824646
0.794004840229081	0.516330034642596	5.4157209396362305
0.4823447410812351	0.271700640293485	5.455720901489258
0.4821041368261008	0.27023145873803534	5.485721111297607
0.4810141980632576	0.26560264936618283	5.515721082687378
0.4763707177369207	0.2359172059974822	5.555721044540405
0.8021417575836973	0.4780013360166468	5.585721015930176
0.8009101021986131	0.4794173689405698	5.615720987319946
0.800151417890424	0.4795162090144813	5.655720949172974
0.8003537660116533	0.47807044932579645	5.685720920562744
0.7989885557886414	0.4781774665528491	5.715720891952515
0.7999344685433334	0.4768244449327583	5.755721092224121
0.8024330633361283	0.4709680316499849	5.785721063613892
0.8007586346749607	0.42433139367999173	5.815721035003662
0.8009178066793274	0.423731506954835	5.8557209968566895
0.800961889168598	0.4264504181946223	5.88572096824646
0.7988236457172581	0.42570856290442005	5.9157209396362305
0.798269145147785	0.42577084665199827	5.955720901489258
0.7981853714185365	0.42600135465735467	5.985721111297607
0.7977757532932899	0.4272693575520534	6.015721082687378
0.7983636914533517	0.4250425037728663	6.055721044540405
0.7940061767265845	0.3889275077671498	6.085721015930176
0.7915041362287343	0.3624855839127379	6.125720977783203
0.7920169760866538	0.35966339440354006	6.155720949172974
0.791957097385797	0.3618830436099671	6.185720920562744
0.7914394383894243	0.363850719292416	6.215720891952515
0.790496786842571	0.36583999670551776	6.255721092224121
0.7900101730713663	0.3643435946795134	6.285721063613892
0.7896733813898198	0.36698430144538335	6.315721035003662
0.7894427996853797	0.36707634738012035	6.3557209968566895
0.7892336920750436	0.36764962230735226	6.38572096824646
0.7889936490236781	0.3680807259347769	6.4157209396362305
0.7880280341882261	0.36970511907089837	6.455720901489258
0.7885084844412305	0.3695473097501482	6.485721111297607
0.7727078657414286	0.34566857787719546	6.515721082687378
0.7724202755470632	0.343346233189676	6.555721044540405
0.7726332675888914	0.3403875758570072	6.585721015930176
0.7715247115357329	0.3397492485318061	6.615720987319946
0.7711424925610845	0.34072752776331244	6.655720949172974
0.7708542108178776	0.341722681873834	6.685720920562744
0.771046686455682	0.3413013424465192	6.715720891952515
0.7710860197644162	0.34230821952904494	6.755721092224121
0.7702385521707261	0.34310732220375956	6.785721063613892
0.7708085725278379	0.34141793743188265	6.825721025466919
0.7714355010190368	0.3422053510796824	6.8557209968566895
0.7703638031293035	0.34212194483828207	6.88572096824646
0.7698508614587052	0.3423861744041123	6.925720930099487
0.7692616141986746	0.34298298515607134	6.955720901489258
0.7694487550260519	0.34507845861871556	6.985721111297607
0.7691658159805673	0.34429128779680984	7.015721082687378
0.7683312994276292	0.3453855647052375	7.055721044540405
0.768041082825456	0.34653629042533324	7.085721015930176
0.7680869859039412	0.3461765751597068	7.115720987319946
0.7486352514194234	0.29911303142186313	7.155720949172974
0.7502225597412037	0.29972907899707496	7.185720920562744
0.7503119998595846	0.29945408990747063	7.215720891952515
0.7499249067411172	0.3002175834884631	7.255721092224121
0.7510816964630475	0.30065859622112284	7.285721063613892
0.7510965968468535	0.3004521849461283	7.315721035003662
0.7510679793793449	0.30019929928909944	7.3557209968566895
0.7512623756312212	0.3007028970717348	7.38572096824646
0.7509696645359459	0.3009473190311984	7.4157209396362305
0.7513766238010828	0.30214559799281965	7.455720901489258
0.7216419815342405	0.3799041684861241	7.485721111297607
0.7159202196609356	0.531589108224615	7.515721082687378
0.7128983899480136	0.5738418382319005	7.555721044540405
0.7014456786276597	0.5781492979512843	7.585721015930176
0.6973161372357112	0.5750963369739112	7.615720987319946
0.6915952882176124	0.5744999063923206	7.655720949172974
0.6873722618901215	0.5770068500609039	7.685720920562744
0.6846273298364169	0.5802024317129	7.715720891952515
0.6834859268355411	0.5801163006878687	7.755721092224121
0.6815567592196632	0.578959784490489	7.785721063613892
0.6805811653329393	0.5791786790591521	7.815721035003662
0.6806837663110036	0.5789269248717083	7.8557209968566895
0.6804765575604576	0.5785745653307599	7.88572096824646
0.6806227489690057	0.5778626300914127	7.9157209396362305
0.6822910261463396	0.5777001292972633	7.955720901489258
0.683250748537124	0.5781804414406074	7.985721111297607
0.7790341581499801	0.3372919730675752	8.055721044540405
0.7775779216727481	0.3315574963128103	8.085721015930176
0.7762762269217371	0.3301914325044346	8.115720987319946
0.7733798121801833	0.3272485123086623	8.155720949172974
0.7719963798943207	0.32726213412221183	8.185720920562744
0.823464220080431	0.4058079847256812	8.215720891952515
0.8212332303459448	0.41794632730909675	8.255721092224121
0.8209484088103988	0.4248812922152741	8.285721063613892
0.8079116308951838	0.5855022357775187	8.315721035003662
0.8038658871761293	0.5765467927689583	8.35572099685669
0.8003696815255399	0.5767385787417035	8.38572096824646
0.7970409655285958	0.5748980672648846	8.425720930099487
0.5038742604680208	0.3338222588895189	8.455720901489258
0.5020763201196826	0.33352254780863216	8.485721111297607
0.49997341982795207	0.33149618533362724	8.515721082687378
0.789645446554135	0.5720564859723288	8.555721044540405
0.7881823266992389	0.5704168000754094	8.585721015930176
0.7871174030064818	0.5688802997927336	8.615720987319946
0.7860375924282931	0.5669915623936257	8.655720949172974
0.7853352428604341	0.5668238044972456	8.685720920562744
0.7852843451297302	0.564223443741161	8.715720891952515
0.7813561984203607	0.5647333096287392	8.755721092224121
0.7633124655783105	0.5791708239199351	8.785721063613892
0.7621339243748259	0.5758336696284332	8.815721035003662
0.7623479667471916	0.5769339725594644	8.85572099685669
0.7643486656777617	0.5744806149242082	8.88572096824646
0.7953210255029816	0.5244286601305025	8.91572093963623
0.794034467149903	0.5195915116898124	8.955720901489258
0.7928823042271017	0.5226200536690605	8.985721111297607
0.7931748147766076	0.5228825220590685	9.015721082687378
0.7936151098482664	0.5221695353605045	9.055721044540405
0.7932573151627731	0.5218526622544949	9.085721015930176
0.793012518876123	0.522149307734605	9.115720987319946
0.7937577397884971	0.5231232587425365	9.155720949172974
0.7950928357284065	0.5220796030138156	9.185720920562744
0.8094959502408402	0.4445901492427665	9.215720891952515
0.8089931326760856	0.44398155091735947	9.255721092224121
0.8084027774796144	0.44490472302775225	9.285721063613892
0.8075882632154825	0.4450559007741917	9.315721035003662
0.8067693230794651	0.4445746053471355	9.35572099685669
0.8077820317641161	0.4438791804740631	9.38572096824646
0.8072277771696813	0.443720414592215	9.41572093963623
0.8088483160689899	0.44416349084375734	9.455720901489258
0.8088146118199021	0.44508974291609393	9.485721111297607
0.8089744070054184	0.44476615674406283	9.515721082687378
0.8085207075499857	0.4191615624669291	9.555721044540405
0.8021665426463833	0.3541720453921462	9.585721015930176
0.8030684648018731	0.35555476969672084	9.615720987319946
0.8021292084840579	0.3572058030170805	9.655720949172974
0.800491679150567	0.3588679018439894	9.685720920562744
0.8010616685215186	0.359892574030892	9.715720891952515
0.8009485375996588	0.3590553483571235	9.755721092224121
0.8017642079345405	0.35871838303623127	9.785721063613892
0.8028266001773944	0.3589924876962424	9.825721025466919
0.7759574303802979	0.3004453707919486	9.85572099685669
0.7777646338270694	0.2988508296873601	9.88572096824646
0.777948529263755	0.3000112616473573	9.91572093963623
0.7766975850643703	0.2999369458654691	9.955720901489258
0.776389559455311	0.3004218275083112	9.985721111297607
0.7753760600643548	0.3012249865371016	10.015721082687378
0.7750791073334534	0.3030001840190135	10.055721044540405
0.7748549967719804	0.3038639470152007	10.085721015930176
0.7442679264912682	0.2747719899707688	10.115720987319946
0.7451982422853056	0.27276585317955515	10.155720949172974
0.7436933577708749	0.27268656866704666	10.185720920562744
0.7427628961351316	0.2721850333483398	10.215720891952515
0.7429978441130932	0.2723592663924833	10.255721092224121
0.7428285843746216	0.2718888717396008	10.285721063613892
0.7399913255790018	0.2719022081091342	10.315721035003662
0.7142437222039595	0.25597526198605086	10.35572099685669
0.7142012218481892	0.2544091854662809	10.38572096824646
0.7135431892429241	0.255695487812793	10.41572093963623
0.7132749575281184	0.25640148672338775	10.455720901489258
0.7129411284555477	0.25716996452671514	10.485721111297607
0.713204099315855	0.2581660604226434	10.515721082687378
0.7128771261327741	0.2595693093060844	10.555721044540405
0.711822320267124	0.2598547353908975	10.585721015930176
0.7110913657163409	0.2595603207258575	10.615720987319946
0.7097875342970613	0.2581201781529065	10.655720949172974
0.7094982436860854	0.2563534373043151	10.685720920562744
0.6747689604312731	0.2353766783557311	10.715720891952515
0.6741018185569556	0.23703746289822106	10.755721092224121
0.673150732991959	0.2394910596373438	10.785721063613892
0.6724881766299297	0.24053068274309852	10.815721035003662
0.6720445088721163	0.2409047888532257	10.85572099685669
0.6709797969308673	0.24273340334582358	10.88572096824646
0.6722340737206778	0.24368322912397605	10.91572093963623
0.6476790813511112	0.2339773185075045	10.955720901489258
0.6444703216608062	0.23564377485471757	10.985721111297607
0.6434307915919363	0.2363539576873692	11.015721082687378
0.3133797778808523	0.05343761324415393	11.055721044540405
0.31383707992074716	0.053977749265145196	11.085721015930176
0.31470688511393496	0.054079887708635255	11.125720977783203
0.30438237896246356	0.0609403831449767	11.155720949172974
0.6219371412750063	0.2465602561756796	11.185720920562744
0.6185949598366164	0.2488415459360364	11.215720891952515
0.6179387639743344	0.25022667807207494	11.255721092224121
0.6159216697224434	0.2512945055364193	11.285721063613892
0.6154481138929111	0.2536267553424158	11.315721035003662
0.6148202707407807	0.2554970000112554	11.35572099685669
0.6144370819381828	0.256040332788951	11.38572096824646
0.6144680615249993	0.2579276668666898	11.41572093963623
0.6143929369894436	0.25872750612039935	11.455720901489258
0.613951071630081	0.2577937645554081	11.485721111297607
0.6137959484419231	0.25860386043082084	11.515721082687378
0.6133958020149722	0.2583811837598988	11.555721044540405
0.613031623134337	0.25781706248820035	11.585721015930176
0.5942983437175028	0.2633995846290842	11.615720987319946
0.5900656240949735	0.2764885965936248	11.655720949172974
0.5874319716765453	0.2749443143559164	11.685720920562744
0.5864843031388512	0.278430713447386	11.715720891952515
0.5868229978864568	0.2813954716729838	11.755721092224121
0.5863948424381938	0.2855622271882779	11.785721063613892
0.5856789387861286	0.286404933737426	11.815721035003662
0.5852915478973547	0.28697139574221553	11.85572099685669
0.5851606539473044	0.28720831428354104	11.88572096824646
0.5857813139341185	0.2875891815787928	11.91572093963623
0.5850896792921533	0.2856518654580944	11.955720901489258
0.583705352617072	0.28601625920563223	11.985721111297607
0.5838804570421828	0.2840809294977828	12.015721082687378
0.5829962803574575	0.2823605822951694	12.055721044540405
0.5638651731469122	0.2989266765328944	12.085721015930176
0.5634913803444608	0.3025668902444666	12.115720987319946
0.5618496610909983	0.3052755370925237	12.155720949172974
0.5603646193868066	0.3065865077117812	12.185720920562744
0.5589892263002318	0.30841342729061727	12.215720891952515
0.5577345688234655	0.3094459612857298	12.255721092224121
0.557776166430613	0.3091847120541426	12.285721063613892
0.5573769406692392	0.3103208157585392	12.315721035003662
0.5579598746656849	0.31010868174687617	12.35572099685669
0.5576370156836038	0.309254441359905	12.38572096824646
0.5581238929962896	0.3096494604745763	12.41572093963623
0.5554980441307905	0.3136068321543806	12.455720901489258
0.5549324015961584	0.36898006680489315	12.485721111297607
0.5524259851261846	0.3666904302506587	12.515721082687378
0.551400842461278	0.3669921008842518	12.555721044540405
0.551136486776224	0.3695669134302169	12.585721015930176
0.5503304522579916	0.36797700038444964	12.615720987319946
0.5493631097663364	0.368097385695646	12.655720949172974
0.549957632195313	0.3673160199104665	12.685720920562744
0.5489795214129046	0.3677839227239697	12.715720891952515
0.5522936138654029	0.38188548266065514	12.755721092224121
0.5651356676310141	0.4357900321561332	12.785721063613892
0.5647176985127429	0.4335306102080655	12.815721035003662
0.5634677322267667	0.43623818572365686	12.85572099685669
0.562009281271579	0.43612148415174135	12.88572096824646
0.5614078357279532	0.4374813596226997	12.91572093963623
0.561218548280863	0.4374114301269339	12.955720901489258
0.5611030110849412	0.43587691847758375	12.985721111297607
0.5617456010622935	0.4365926077385893	13.015721082687378
0.5612959804969102	0.43568830284358256	13.055721044540405
0.5791852801256238	0.49553307175605554	13.085721015930176
0.5795179077137877	0.5023336466486593	13.13572096824646
0.5788889978088494	0.5045535524474538	13.155720949172974
0.5789336517084667	0.5070809041921246	13.185720920562744
0.579194423492429	0.508172003145221	13.215720891952515
0.5788530743646428	0.5090390644687859	13.255721092224121
0.5779198569342751	0.5113377338918224	13.285721063613892
0.5772689407401934	0.5116763391153426	13.315721035003662
0.5781772242062125	0.5127213369122359	13.35572099685669
0.6072610765313721	0.5559512130665962	13.38572096824646
0.6069552966808727	0.5601159432401704	13.41572093963623
0.6060079366619586	0.563548612440962	13.455720901489258
0.6042938011868035	0.5654146676920415	13.485721111297607
0.6030828990532597	0.5658364261083917	13.515721082687378
0.6025142793319077	0.5656980753333838	13.555721044540405
0.6018876996508539	0.5670278812652426	13.585721015930176
0.6017567186375911	0.5664043174141488	13.615720987319946
0.6017780258785255	0.5670380492649909	13.655720949172974
0.6427661423743862	0.5924066845491563	13.685720920562744
0.6467536015351941	0.6003424488960607	13.715720891952515
0.6477525775044045	0.6080667194672953	13.755721092224121
0.6490716803250693	0.6091979897211818	13.785721063613892
0.6477796578311014	0.6106380679126904	13.815721035003662
0.6482573121357504	0.61422214688006	13.85572099685669
0.6479640344356851	0.6158074960174664	13.88572096824646
0.647692294360094	0.6183925952082721	13.91572093963623
0.6482047310634814	0.6195444101582003	13.955720901489258
0.6476897548400004	0.6201126320308489	13.985721111297607
0.6472641254093521	0.6198050924116583	14.015721082687378
0.6473697767865039	0.6202964572269374	14.055721044540405
0.6479233425266432	0.6217315055409025	14.085721015930176
0.649127680228654	0.621240259286432	14.115720987319946
0.6477574313545414	0.6210112940401185	14.155720949172974
0.6489004169118486	0.6218792011148185	14.185720920562744
0.6496140142925829	0.6225279540535562	14.215720891952515
0.6496429904476491	0.6220648917388464	14.255721092224121
0.6320900277980958	0.5496813195910762	14.285721063613892
0.6337084621299541	0.5502635744551927	14.315721035003662
0.6335659205270693	0.5495916593469482	14.35572099685669
0.6326921945491192	0.5489451136456619	14.38572096824646
0.6319658818520105	0.5479256089703147	14.41572093963623
0.6316267574017667	0.5476040903909284	14.455720901489258
0.630972579110098	0.5467320968744616	14.485721111297607
0.6309066029793604	0.5471922703648915	14.515721082687378
0.6307422598513802	0.5485791859991458	14.555721044540405
0.6305288521135181	0.5485523281362711	14.585721015930176
0.6300678431216146	0.5491737681640674	14.615720987319946
0.6297382942552944	0.548078075608412	14.655720949172974
0.6304823830171716	0.5492383509494019	14.685720920562744
0.6318421944558428	0.5480589613444417	14.715720891952515
0.6074686773433879	0.48164289419886025	14.755721092224121
0.6085077181387246	0.48092349940220525	14.795721054077148
0.6084533095246055	0.47961355901439956	14.815721035003662
0.6065722914572471	0.4791030431020624	14.85572099685669
0.6058715293674255	0.4794558505839687	14.88572096824646
0.6050941427296002	0.4769237451321036	14.91572093963623
0.6041484987062288	0.4770265916702966	14.955720901489258
0.6044890212269663	0.47695702215546903	14.985721111297607
0.6039471941764313	0.47535659946501885	15.015721082687378
0.6037638474251995	0.4747859936352779	15.055721044540405
0.6032122536077553	0.4757633340767053	15.085721015930176
0.603583396427615	0.4732109128393467	15.115720987319946
0.6039712883064055	0.4757652198428564	15.155720949172974
0.6057777997348167	0.4771225212961113	15.185720920562744
0.6065004068389567	0.47720965654768727	15.215720891952515
0.6068517394196008	0.4755403417603666	15.255721092224121
0.6150980369847971	0.36303330681886076	15.285721063613892
0.614718672203249	0.3583128298309423	15.325721025466919
0.6158190927236862	0.35552499243870805	15.35572099685669
0.6140296636443237	0.3541477432980754	15.38572096824646
0.6130200949639237	0.3535017663168558	15.41572093963623
0.6125209719405101	0.3521110656198742	15.455720901489258
0.6122168509958374	0.3506719991079394	15.485721111297607
0.6119009388273633	0.35065598037721596	15.525721073150635
0.6112984590494287	0.3506470033337971	15.555721044540405
0.6124164148847463	0.3491038323620965	15.585721015930176
0.6128206087093213	0.34967044173294826	15.625720977783203
0.6134888566451043	0.34941063272932277	15.655720949172974
0.6129267420152051	0.34972652874693305	15.685720920562744
0.6135634954880573	0.3496597890690209	15.715720891952515
0.6130235146276197	0.34964500436616824	15.755721092224121
0.6151917624474429	0.3483070589630098	15.785721063613892
0.6512630482923178	0.3196615756537552	15.815721035003662
0.6503274387975434	0.31801544571719803	15.85572099685669
0.6491492803819853	0.3198958667281721	15.88572096824646
0.6495248968275572	0.31997814135993363	15.91572093963623
0.6490563794308714	0.3205748322262786	15.955720901489258
0.6481167579800406	0.3184182066352624	15.985721111297607
0.6486811381004571	0.3191599213654264	16.015721082687378
0.6495160197994525	0.31931798136925016	16.055721044540405
0.6495175443671448	0.3181319126305628	16.085721015930176
0.6609434956531463	0.30959150430316107	16.115720987319946
0.6776503737639105	0.3059451514818413	16.155720949172974
0.6771486756866801	0.3056882259680821	16.185720920562744
0.6767231952038789	0.30639730677587645	16.215720891952515
0.6761468244020703	0.3071781866917065	16.25572109222412
0.6760438077463921	0.3062001234856852	16.28572106361389
0.6762777317876437	0.3072626637885156	16.315721035003662
0.7301407128506469	0.34303585264414804	16.35572099685669
0.7289721995968251	0.34844159032614247	16.38572096824646
0.7282337050945025	0.35272823026977357	16.41572093963623
0.7277855263125025	0.3548934827417525	16.455720901489258
0.726224559815592	0.35692183468107924	16.485721111297607
0.7249062995511384	0.35672041411138544	16.515721082687378
0.7240213802741461	0.35783873757030055	16.555721044540405
0.7316899740357311	0.4309311592404352	16.585721015930176
0.731012263531779	0.43998533133614404	16.63572096824646
0.7291439794222699	0.4437429472941202	16.655720949172974
0.7281052031578807	0.44615417344643304	16.685720920562744
0.7282373614920687	0.44821057041210277	16.715720891952515
0.7279181759083575	0.4490375024123863	16.75572109222412
0.7276178064338006	0.4495036662699696	16.78572106361389
0.7272522184122635	0.4493866317667025	16.815721035003662
0.7260582769688254	0.4505109434960297	16.85572099685669
0.72605736818987	0.4506359087237776	16.88572096824646
0.7270841612048973	0.449436282929182	16.91572093963623
0.7265962012753672	0.4495289986184698	16.955720901489258
0.726908198213669	0.4491325592729195	16.985721111297607
0.7230164313333766	0.483119181713233	17.015721082687378
0.7238043497380164	0.4851563321784296	17.055721044540405
0.7237980409604347	0.48777328990162	17.085721015930176
0.7243980816754396	0.4903836933285845	17.115720987319946
0.7243703050581715	0.4929355224811033	17.155720949172974
0.7232335444326276	0.49236971463687546	17.185720920562744
0.7227618780119481	0.4931992187288027	17.215720891952515
0.717485740857911	0.4953267550320887	17.25572109222412
0.691658415574029	0.5221175512418205	17.28572106361389
0.6919524291351796	0.5215595089201112	17.315721035003662
0.6898075909184712	0.5229105014818959	17.35572099685669
0.6897617517033963	0.5236180820614624	17.38572096824646
0.6890015786426684	0.523649733447703	17.41572093963623
0.6880130788038766	0.5238137725287753	17.455720901489258
0.688366801407286	0.5230871693275959	17.485721111297607
0.6881804951401878	0.5248599852467988	17.515721082687378
0.6712006179607358	0.5390719023658879	17.555721044540405
0.6691658856695605	0.5378968302600113	17.585721015930176
0.668430919283035	0.541529038190599	17.615720987319946
0.6676986929411182	0.5439121001115913	17.655720949172974
0.6677306057239045	0.5470392458362505	17.685720920562744
0.6680985050318998	0.5499437997942538	17.715720891952515
0.6679028752085368	0.5514498407582293	17.75572109222412
0.6679132064289985	0.5553505266676702	17.78572106361389
0.6683685113958301	0.5605605796338943	17.815721035003662
0.6690893591893771	0.5657018242571332	17.85572099685669
0.6408024443430315	0.5429429998261309	17.88572096824646
0.6406929664627474	0.5414589607958409	17.91572093963623
0.639096239650907	0.5455341301320493	17.955720901489258
0.6379107013324571	0.549153925603047	17.985721111297607
0.6387060773401697	0.5506624083055008	18.015721082687378
0.6392031747620849	0.5532853650142402	18.055721044540405
0.6400394826577692	0.5561145974362824	18.085721015930176
0.6400074426148914	0.5574150256874397	18.115720987319946
0.6400311202322926	0.560522610080542	18.155720949172974
0.6409492512787609	0.5589161658835111	18.185720920562744
0.6400563773421679	0.5589237592175691	18.215720891952515
0.6402095281892562	0.5586635338356178	18.25572109222412
0.6413044879778458	0.5573506795285225	18.28572106361389
0.6411874681834532	0.5546363672546301	18.315721035003662
0.6404534720498483	0.5513836814928296	18.35572099685669
0.6407699566407208	0.5526982007464571	18.38572096824646
0.6413460107217294	0.5527110169958958	18.425720930099487
0.644633023347126	0.5485728475045798	18.455720901489258
0.6361099985103962	0.521219428929452	18.485721111297607
0.6368516507974149	0.5196106392545161	18.515721082687378
0.6326565414652567	0.520481659209432	18.555721044540405
0.6282311735666366	0.5191300174050392	18.585721015930176
0.6244667795267967	0.5169017332182082	18.615720987319946
0.6226626099759732	0.5167369631657053	18.655720949172974
0.6211995708925095	0.5159756503545371	18.685720920562744
0.6325370032416874	0.5006290329749113	18.715720891952515
0.6523950071827144	0.49322824392740144	18.75572109222412
0.6512374665739079	0.4921063496294456	18.78572106361389
0.650287956676836	0.49351681312810214	18.815721035003662
0.6497701866036913	0.4933624621662202	18.85572099685669
0.6502971849580275	0.49354909455269963	18.88572096824646
0.6502478346373147	0.4938243103870686	18.925720930099487
0.6505511094144166	0.49417855876748	18.955720901489258
0.6504482345107827	0.4920402800795608	18.985721111297607
0.6500941300916889	0.4908252696938792	19.015721082687378
0.6500672370122188	0.4902948419110486	19.055721044540405
0.6505964451553586	0.48959617699732266	19.085721015930176
0.6507007364589437	0.48838375816913976	19.115720987319946
0.6503700404202913	0.4875106779029498	19.155720949172974
0.650860678437692	0.4860757968909246	19.185720920562744
0.6491507349696999	0.48559170520313527	19.215720891952515
0.6332810329801827	0.4750179807857726	19.25572109222412
0.3621907270186765	0.2501788970970174	19.28572106361389
0.3623201813367273	0.25175819708803066	19.315721035003662
0.362704957549275	0.2544648339671088	19.35572099685669
0.3632852292629059	0.25593000141746597	19.38572096824646
0.6329718610372321	0.4842934707552651	19.41572093963623
0.6326703668551885	0.48633257772226846	19.455720901489258
0.6282966975760141	0.479882684687049	19.485721111297607
0.612320210519731	0.43311420504617865	19.515721082687378
0.6125093407992698	0.4328457245054705	19.555721044540405
0.6127677364396723	0.4346396452379951	19.585721015930176
0.61274563076552	0.43488378015724394	19.615720987319946
0.6131979249265361	0.4360684207535451	19.655720949172974
0.6125974344604485	0.434229290240479	19.685720920562744
0.6120005759922409	0.43378834447842884	19.715720891952515
0.6125518472015252	0.43260768034720354	19.75572109222412
0.6121746033518797	0.43268959825480596	19.78572106361389
0.6120544630447449	0.43232506100970125	19.815721035003662
0.6153208946362141	0.4269085949393337	19.85572099685669
0.6182225410862793	0.3667408190602662	19.88572096824646
0.6190143690813884	0.3674978176404029	19.91572093963623
0.6189842485342701	0.36960871583159444	19.955720901489258
0.6191434022161262	0.36948803819301074	19.985721111297607
0.6192995897896865	0.3693919362754225	20.015721082687378
0.6188967767026706	0.3692858237969134	20.055721044540405
0.6191018029287372	0.36858856780828975	20.085721015930176
0.6196869939759277	0.36937388803018417	20.115720987319946
0.6238843207238904	0.3688639299793851	20.155720949172974
0.638893850313213	0.37265725018494833	20.185720920562744
0.6381575638847322	0.37549967943633555	20.215720891952515
0.63767605962418	0.3763820912633055	20.25572109222412
0.6369553132711832	0.37678513900962496	20.28572106361389
0.6367882694816035	0.3791225368863884	20.315721035003662
0.6363755377197412	0.3803344449021818	20.35572099685669
0.635133634905968	0.3787048681892912	20.38572096824646
0.6347163315551425	0.38021568757261326	20.41572093963623
0.634512161304464	0.37964071506234126	20.455720901489258
0.6736103651507717	0.3994191644399128	20.485721111297607
0.6730615656321203	0.3983602786489731	20.515721082687378
0.6720115787145041	0.4029111140115158	20.555721044540405
0.6715343880211027	0.40613923553385217	20.585721015930176
0.671707867097708	0.40794790286607563	20.615720987319946
0.6715849685490987	0.40765557111340306	20.655720949172974
0.6710592116663409	0.4086099714102945	20.685720920562744
0.6713320279292065	0.4083934702155744	20.715720891952515
0.6718673836386752	0.4100308528984826	20.75572109222412
0.672526802054226	0.4100229725675536	20.78572106361389
0.6733207431411057	0.409141062001299	20.815721035003662
0.6736158662210922	0.4096206729906514	20.85572099685669
0.6743819306757928	0.40683670434743674	20.88572096824646
0.6736844450427012	0.4084462875896458	20.91572093963623
0.6730130050485699	0.4084870776048389	20.955720901489258
0.6733171608483265	0.4093388968555462	20.985721111297607
0.674044504175943	0.4098528757367128	21.015721082687378
0.672983713419179	0.41080533523679963	21.055721044540405
0.6735006689916508	0.41099133970313106	21.085721015930176
0.6734710538184187	0.4119339998459349	21.115720987319946
0.672496283228034	0.4124474312160553	21.155720949172974
0.6966998421301182	0.4528142920682862	21.185720920562744
0.6950796673427578	0.45944099596171734	21.215720891952515
0.6938497750349277	0.4611165072656287	21.25572109222412
0.6926299993980282	0.463306870094601	21.28572106361389
0.692183836845707	0.46431621653869964	21.315721035003662
0.6917361002619675	0.4644470827735475	21.35572099685669
0.6915434900310379	0.4644336046566399	21.38572096824646
0.69168080187396	0.4623097496902482	21.41572093963623
0.692013737101796	0.4634431153673246	21.455720901489258
0.6909502493909718	0.4629225403835755	21.485721111297607
0.6681450331719656	0.45985537274067345	21.515721082687378
0.6662758363225604	0.4573982967828906	21.555721044540405
0.6674274547117388	0.4586750941156602	21.585721015930176
0.6671242922701333	0.45841760300071427	21.625720977783203
0.6669783829713878	0.4574561035015519	21.655720949172974
0.6665489190473021	0.4565773449126265	21.685720920562744
0.6672193646318227	0.45748633385992166	21.72572088241577
0.667245914008823	0.45689598870593673	21.75572109222412
0.6672636333256146	0.45687155052043527	21.78572106361389
0.6686615548210313	0.4565861635316798	21.82572102546692
0.6741003522696125	0.4556027199025742	21.85572099685669
0.6777933708988115	0.4554429395154563	21.88572096824646
0.675788983313889	0.46081073993001304	21.925720930099487
0.6728046430794088	0.4653148566911658	21.955720901489258
0.6692658253971905	0.46415090396037156	21.985721111297607
0.6662807264204917	0.46244158769737403	22.025721073150635
0.6651600869332513	0.4616121988881012	22.055721044540405
0.6640730981452777	0.45910033006474904	22.085721015930176
0.6631288596746439	0.4565561779909349	22.125720977783203
0.6620277253775096	0.4550914639844974	22.155720949172974
0.6598885155572052	0.4571928568641228	22.185720920562744
0.6582296476977844	0.45855477348412493	22.22572088241577
0.6576328059288882	0.4575820650775276	22.25572109222412
0.6572825189536841	0.45885900835286864	22.28572106361389
0.656053200032788	0.45967427543452083	22.32572102546692
0.6569146296458285	0.45966076702823105	22.35572099685669
0.6577132329866129	0.4603636076151726	22.38572096824646
0.6565621427737531	0.4613052921683032	22.425720930099487
0.65772455141536	0.4606378889989161	22.455720901489258
0.6572310181257535	0.4606645795898066	22.485721111297607
0.6570374764248724	0.459556910417702	22.525721073150635
0.6569918849082105	0.45797297831292516	22.555721044540405
0.6574045805845689	0.4599874815431502	22.585721015930176
0.6570452349680702	0.45935474804183224	22.625720977783203
0.6560492613113866	0.4607316770727499	22.655720949172974
0.6562652435837014	0.4617279143571581	22.685720920562744
0.656307792220389	0.46321352698304274	22.72572088241577
0.6569438454180968	0.46380577915265303	22.75572109222412
0.6556592019889363	0.46507404125024326	22.78572106361389
0.6551567548031827	0.4650733453661402	22.82572102546692
0.6562845380044317	0.4682218021587559	22.85572099685669
0.6562364253932278	0.46611110015401125	22.88572096824646
0.6562852982296276	0.4647421319693156	22.925720930099487
0.6554607600807356	0.46341988442574006	22.955720901489258
0.6555135847715853	0.4619949688974983	22.985721111297607
0.6553382786246138	0.4605121756639178	23.025721073150635
0.65436373157825	0.4595555542763528	23.055721044540405
0.6554890127367109	0.4579075303843229	23.085721015930176
0.6552203382981826	0.45812954102323133	23.125720977783203
0.6537959206739551	0.45912102042847563	23.155720949172974
0.6523758226542218	0.459281443579349	23.185720920562744
0.6512515200593759	0.4587315588680077	23.22572088241577
0.6517293587418893	0.4589769816175985	23.25572109222412
0.6509730195202158	0.4605131993613711	23.28572106361389
0.650650423560917	0.4607156758344104	23.32572102546692
0.6502078092559772	0.46167239080325656	23.35572099685669
0.649990533390661	0.46189983125944933	23.38572096824646
0.6503966267993329	0.46281931801857695	23.425720930099487
0.6507450982938596	0.4628926053547177	23.455720901489258
0.6503961221492824	0.4640679369511067	23.485721111297607
0.6507548835792789	0.463621992123612	23.525721073150635
0.6510964779069405	0.4645639646930434	23.555721044540405
0.6516728941170806	0.46316032560804143	23.585721015930176
0.6514812598924367	0.4648652675568685	23.625720977783203
0.6522859367941365	0.46507897249651525	23.655720949172974
0.6525591270779285	0.46744044136868873	23.685720920562744
0.6548428139332052	0.4668997235209463	23.72572088241577
0.6530427097284062	0.47053555338309366	23.75572109222412
0.6006993910758825	0.4026480818194662	23.78572106361389
0.600132694659245	0.39542236401792863	23.82572102546692
0.5983548420743319	0.3952652300737294	23.85572099685669
0.5964320783169457	0.39163113188895526	23.88572096824646
0.5954181976171872	0.3911503375568036	23.925720930099487
0.5942319708226772	0.38986212521703933	23.955720901489258
0.5939271640932229	0.39101907045301515	23.985721111297607
0.5916385275493146	0.3900509488490238	24.025721073150635
0.5917584198426155	0.3893839271639509	24.055721044540405
0.5913492628940298	0.39038725356035525	24.085721015930176
0.6257798886011355	0.41680888707883484	24.125720977783203
0.6261895377360567	0.42304943486238655	24.155720949172974
0.6266728855998743	0.420104409437851	24.185720920562744
0.62640761990484	0.4199519249369405	24.22572088241577
0.6236930150947372	0.4211081823663239	24.25572109222412
0.6237793533848479	0.42012414407318943	24.28572106361389
0.6241156675691025	0.4210280122423423	24.32572102546692
0.623708123786585	0.4228581648595912	24.35572099685669
0.623253001343296	0.4247555626400829	24.38572096824646
0.6235243466256564	0.4270724437521446	24.425720930099487
0.6240463129548337	0.43046294555394493	24.455720901489258
0.6246827291541415	0.4323608980985981	24.485721111297607
0.6735095258856545	0.44489824354204544	24.525721073150635
0.6832951743295467	0.4587985810825649	24.555721044540405
0.6817055275349869	0.45726377961459963	24.585721015930176
0.6807905193289564	0.45953099661195934	24.625720977783203
0.6799351537292759	0.4580312248866269	24.655720949172974
0.6790080722023167	0.457628411394022	24.685720920562744
0.6783350924258834	0.45426178391425326	24.72572088241577
0.6770642348441971	0.4533796930705673	24.75572109222412
0.677960694520885	0.4528839947603434	24.78572106361389
0.6783690145275492	0.4522021695790976	24.82572102546692
0.6788803427085852	0.4540525640415439	24.85572099685669
0.669798676470439	0.5403485713117144	24.88572096824646
0.6652860109651627	0.5829916192735684	24.925720930099487
0.6616625444283447	0.5773803777303129	24.955720901489258
0.6596426374109682	0.5781575933378988	24.985721111297607
0.6586482951406041	0.5778760576143865	25.025721073150635
0.6575186577939085	0.578004550981035	25.055721044540405
0.6561066687588328	0.5777823857043466	25.085721015930176
0.6557607645582914	0.5785632785350935	25.125720977783203
0.6547677899899523	0.5782064504117617	25.155720949172974
0.6546140723158178	0.577804467909947	25.185720920562744
0.6555312010635432	0.5772550830471349	25.22572088241577
0.654862494276008	0.5766144907132004	25.25572109222412
0.6560456701766055	0.5761520782120262	25.28572106361389
0.6577200267460334	0.5758171771711885	25.32572102546692
0.6581054703484424	0.5747375270882789	25.35572099685669
0.6618112761294459	0.5609846222592363	25.38572096824646
0.670013265437519	0.43990252348929826	25.425720930099487
0.6710150521719305	0.4411380396108513	25.455720901489258
0.6691101341473892	0.44373685235666943	25.485721111297607
0.6671480440117773	0.44268208394713787	25.525721073150635
0.665497936314456	0.44169900109704374	25.555721044540405
0.6645499770442974	0.442313939384459	25.585721015930176
0.6649054975408919	0.4424567676601299	25.625720977783203
0.6642899447622549	0.4421251501102885	25.655720949172974
0.6632502032077454	0.4427384672672033	25.685720920562744
0.6619767647652922	0.44381426315428585	25.72572088241577
0.6619706138469961	0.44326106039588126	25.75572109222412
0.6589136215416809	0.44163966973124613	25.78572106361389
0.6614467254067963	0.43926270597661593	25.82572102546692
0.6562411524181636	0.4359065675655687	25.85572099685669
0.6275248653020514	0.41042032656309085	25.88572096824646
0.6261824958717728	0.4127292188771145	25.925720930099487
0.6247159172569098	0.4117045308414776	25.955720901489258
0.6238912422970997	0.41352312441237304	25.985721111297607
0.6243251019656171	0.4098521117397341	26.025721073150635
0.6241589139209822	0.4049979832126755	26.055721044540405
0.6251488086068748	0.40451082562492185	26.085721015930176
0.6244516551240233	0.4046777846036548	26.125720977783203
0.6248138280787424	0.4075004229057968	26.155720949172974
0.6249351942448963	0.409326599804248	26.185720920562744
0.6063286942641978	0.3962382860068795	26.22572088241577
0.597248828194316	0.389463790410145	26.25572109222412
0.594709744341401	0.3866497556087422	26.28572106361389
0.5942032405609464	0.3955499513655569	26.32572102546692
0.5956066660879069	0.39902041505994773	26.35572099685669
0.5963766380490744	0.3942620343895047	26.38572096824646
0.5957195499611179	0.3877516143213744	26.425720930099487
0.5976247054853018	0.3943302080017547	26.455720901489258
0.598754726952795	0.3915808745965232	26.485721111297607
0.5995151159712433	0.38669988934577404	26.525721073150635
0.6007890263575926	0.3849872551752584	26.555721044540405
0.6000984536098363	0.3868418419662508	26.585721015930176
0.6023243777216831	0.3880135469808045	26.625720977783203
0.602008491041414	0.3899967143990454	26.655720949172974
0.6006212158195032	0.3916938388246444	26.685720920562744
0.6007687399192203	0.39211549429517956	26.72572088241577
0.6013495650536663	0.39140153580904025	26.75572109222412
0.6033798353026087	0.39643610162638293	26.78572106361389
0.6169895698197352	0.42633950781252167	26.82572102546692
0.6462232246782204	0.5058935283633773	26.85572099685669
0.6423504839115319	0.5029862115440353	26.88572096824646
0.6400586310827772	0.5051743213088911	26.925720930099487
0.6384318736525478	0.5082651743623705	26.955720901489258
0.6383044424058029	0.5104679132790286	26.985721111297607
0.6362613882739557	0.509565818879089	27.025721073150635
0.6345541781290551	0.5124075065073332	27.055721044540405
0.6338434486118844	0.511935644496897	27.085721015930176
0.6345224279531454	0.5087381143638292	27.125720977783203
0.634405636749994	0.5099830375803737	27.155720949172974
0.6356018294424306	0.5086169655477357	27.185720920562744
0.63549597149764	0.5088249430735862	27.22572088241577
0.6357370698376965	0.5116900704877306	27.25572109222412
0.6371081464823963	0.507828588867236	27.28572106361389
0.6363144701581407	0.5091158394323392	27.32572102546692
0.6350272594131742	0.5062736093820939	27.35572099685669
0.6338167524736387	0.5062191605741235	27.38572096824646
0.6338874138479611	0.5112018644074652	27.425720930099487
0.6319266846526537	0.5828865508071019	27.455720901489258
0.6295400379334601	0.5802544471756637	27.485721111297607
0.6266638551306647	0.5800262137764384	27.525721073150635
0.6254604898911731	0.5828613750663626	27.555721044540405
0.6235462271986559	0.5825557435524431	27.585721015930176
0.6229529879488401	0.5851575066998526	27.625720977783203
0.6213681895012363	0.5848852917683494	27.655720949172974
0.6211392929952433	0.5835935159934886	27.685720920562744
0.6219410754812228	0.5826322087934461	27.72572088241577
0.6230717821849187	0.5826214671206588	27.75572109222412
0.624713602830633	0.5834837324994432	27.78572106361389
0.6221610746120994	0.5802255476669366	27.82572102546692
0.6241802891815408	0.5816816432785602	27.85572099685669
0.625797351860201	0.5814740805671276	27.88572096824646
0.6247322294413683	0.5799520429904835	27.925720930099487
0.6257291726072236	0.5821551529664347	27.955720901489258
0.6456070164145793	0.6304288151770242	27.985721111297607
0.6417913594107708	0.6267852986599814	28.025721073150635
0.6386991665441917	0.6259415814772096	28.055721044540405
0.6390821763352509	0.6263839124887276	28.085721015930176
0.6400200728420806	0.6269293206994072	28.125720977783203
0.6392595409982882	0.6299781106822748	28.155720949172974
0.6398179594643343	0.6258311686150613	28.185720920562744
0.6406592057291322	0.6261855221581759	28.22572088241577
0.6419061997332982	0.6279702338090696	28.25572109222412
0.6426800027851077	0.6264240889889102	28.28572106361389
0.6429920164258169	0.6279773852176869	28.32572102546692
0.6617206887955666	0.6249229309714079	28.35572099685669
0.6602849816257021	0.6271883894017197	28.38572096824646
0.6604950775785667	0.6302654166075384	28.425720930099487
0.6602494497763955	0.632600699657504	28.455720901489258
0.6600277983988955	0.6330089185954312	28.485721111297607
0.6601157769033474	0.632917303829548	28.525721073150635
0.6595361835964931	0.6344963713979977	28.555721044540405
0.6596946045028238	0.6345835787944528	28.585721015930176
0.6602672182565589	0.6351153840904453	28.625720977783203
0.6591671524699837	0.6315940911777429	28.655720949172974
0.6585888349345619	0.6307663871712504	28.685720920562744
0.660062394428215	0.6287786657892301	28.72572088241577
0.6642546607706445	0.627132423220799	28.75572109222412
0.6924922184358352	0.6290643326271341	28.78572106361389
0.6916237376337784	0.6268012936124449	28.82572102546692
0.6896470904898009	0.626919942463673	28.85572099685669
0.6892125351048807	0.6282245073897449	28.88572096824646
0.6882737699310953	0.628356307426256	28.925720930099487
0.6878361240043657	0.6285198334289939	28.955720901489258
0.6875344088327189	0.6285813602535046	28.985721111297607
0.6888479369014693	0.6259161412326392	29.025721073150635
0.733917889725663	0.5876859632727145	29.055721044540405
0.7323431553218477	0.5842742556530998	29.085721015930176
0.7305722770733787	0.5875578009177329	29.125720977783203
0.7310062060368304	0.5862152846521317	29.155720949172974
0.7299609037875602	0.588002559706862	29.185720920562744
0.7294349480966069	0.5888084287930475	29.22572088241577
0.727750241939224	0.590243386072556	29.25572109222412
0.7492371347725622	0.5744737420618083	29.28572106361389
0.7493589441055315	0.5673611203990437	29.32572102546692
0.7497563748254416	0.5652572718699453	29.35572099685669
0.7510765533670886	0.5640894080444452	29.38572096824646
0.7520397847733754	0.5636515031947885	29.425720930099487
0.7515265154078206	0.5653124838536403	29.455720901489258
0.7527954810811266	0.5655633104336002	29.485721111297607
0.7534253580892888	0.5653199527894559	29.525721073150635
0.7622913443560747	0.5517437615613153	29.555721044540405
0.7802787931015666	0.4968005679223268	29.585721015930176
0.7789044358142792	0.4976233410043358	29.625720977783203
0.7784265720930833	0.4997448807525585	29.655720949172974
0.7784116048927454	0.5003153830059947	29.685720920562744
0.7778199242172371	0.5005443022292959	29.72572088241577
0.7771651164297426	0.5016408409721852	29.75572109222412
0.777534942795653	0.5019136761916327	29.78572106361389
0.7774024688866104	0.5026278037558952	29.82572102546692
0.7776918683090901	0.5025981607894219	29.85572099685669
0.7774418793942801	0.5049063674617712	29.88572096824646
0.7759811519603614	0.5046758311529393	29.925720930099487
0.7766574312046928	0.50451770748186	29.955720901489258
0.7766443121706221	0.50529701545393	29.985721111297607
0.7761897481205239	0.5054237738370849	30.025721073150635
0.7773035786350414	0.5024898105936835	30.055721044540405
0.7826492917596218	0.4577983037386562	30.085721015930176
0.7818431047970555	0.4588780953199149	30.125720977783203
0.7806509681336382	0.459122300320951	30.155720949172974
0.7794939266266601	0.45885872785230614	30.185720920562744
0.779632277154262	0.45963743950256186	30.22572088241577
0.7783917307789295	0.45986544798513446	30.25572109222412
0.778679693284329	0.4602858831315879	30.28572106361389
0.7781696942909239	0.4613734114888497	30.32572102546692
0.756917698417849	0.4336809728984317	30.35572099685669
0.7532787269904473	0.4292806294726605	30.38572096824646
0.7522747048211245	0.42816948297371077	30.425720930099487
0.7512026294677459	0.4275864909911712	30.455720901489258
0.7507526030121235	0.4273957381927575	30.485721111297607
0.7500736693241381	0.4267233106533831	30.525721073150635
0.7498389052943631	0.426993003961716	30.555721044540405
0.7554859388920934	0.40555947123023445	30.585721015930176
0.7560619938831509	0.3959357717002852	30.625720977783203
0.7565853647277724	0.3964586858941375	30.655720949172974
0.7575295986677297	0.39591494830498747	30.685720920562744
0.755978811188183	0.3976234661886229	30.72572088241577
0.7544903797172045	0.39774118462429886	30.75572109222412
0.7539804593561653	0.39683030032891364	30.78572106361389
0.7531366295184263	0.3944559721002053	30.82572102546692
0.7535474035523962	0.3942537752617382	30.85572099685669
0.7523090268762885	0.39462464592955526	30.88572096824646
0.7520062564618047	0.3945251828026454	30.925720930099487
0.7550709917327916	0.39814703062295975	30.955720901489258
0.7105207546114123	0.42739806058083	30.985721111297607
0.6844025248908181	0.44989807734989873	31.025721073150635
0.670207375192922	0.4663364920063144	31.055721044540405
0.6649767821869333	0.46532870794284914	31.085721015930176
0.6603870800475558	0.46886555664065094	31.125720977783203
0.6572208311481597	0.46966751292317266	31.155720949172974
0.655448834379838	0.468065315640721	31.185720920562744
0.6537263367780602	0.4682536594959793	31.22572088241577
0.6522929910807179	0.4651274308918057	31.25572109222412
0.6525689846782525	0.46336518276200106	31.28572106361389
0.6531138454981168	0.4614206822777216	31.32572102546692
0.6539748978900993	0.4617013527952684	31.35572099685669
0.6553349654072326	0.461703843310074	31.38572096824646
0.6537557198339012	0.4587630512886806	31.425720930099487
0.5962891459549542	0.31896738282720144	31.455720901489258
0.5991041951910557	0.31804017673852963	31.485721111297607
0.6012585566818834	0.3177236670484534	31.525721073150635
0.6014151194615464	0.31637136385479775	31.555721044540405
0.601339211274826	0.3154146739194834	31.585721015930176
0.6005395758348393	0.31551209304503675	31.625720977783203
0.599073672767457	0.31595546756957116	31.655720949172974
0.5989498633068443	0.31528039129955293	31.685720920562744
0.597213338372312	0.3144132816175984	31.72572088241577
0.5972128273827645	0.3144231673860981	31.75572109222412
0.597345451046374	0.31524338633802806	31.78572106361389
0.5983730218299989	0.3173086404302819	31.82572102546692
0.6036024748800863	0.3174117987379313	31.85572099685669
0.6185265411918787	0.34131606572000167	31.895720958709717
0.6507617794837194	0.43626512997112776	31.925720930099487
0.6607512090678966	0.4785542889854331	31.955720901489258
0.6594878273598479	0.5019776623205826	31.985721111297607
0.6564950888811012	0.5079517931919196	32.025721073150635
0.6501199357653895	0.5092310604028367	32.055721044540405
0.6464742994485562	0.5102035085869726	32.09572100639343
0.3772708651003106	0.2842417748520715	32.1257209777832
0.37491952355120306	0.2838159338313136	32.155720949172974
0.3729929348104249	0.2823572063387559	32.195720911026
0.371189191640161	0.2813914505952039	32.22572088241577
0.6343639848475178	0.5067272004539399	32.25572109222412
0.6335121457272906	0.5051548055966046	32.29572105407715
0.6323614260653685	0.5039462100251251	32.32572102546692
0.6321028733750725	0.5013800040426892	32.35572099685669
0.6328951935908799	0.5007728941577927	32.39572095870972
0.6332172036724794	0.5000080653789106	32.42572093009949
0.6331462523627334	0.5004812947250528	32.45572090148926
0.6326973174555789	0.5004281172382876	32.495721101760864
0.6311633011292948	0.4979412849311047	32.525721073150635
0.6297297112862811	0.49800067857806946	32.555721044540405
0.6279425400743966	0.497470453036068	32.59572100639343
0.6276178284841439	0.4972828868025546	32.6257209777832
0.6272784427223786	0.49805872412328944	32.655720949172974
0.6261570386771876	0.49969598897352624	32.695720911026
0.6248137978452114	0.4973003969039494	32.72572088241577
0.6231793757392037	0.49977040452981397	32.75572109222412
0.622781030901835	0.5007621016203745	32.79572105407715
0.622020781873334	0.5014652786428224	32.82572102546692
0.6219781786686903	0.5015813501527033	32.85572099685669
0.6223579782804926	0.5014912484370978	32.89572095870972
0.6214719963491104	0.5017610247322544	32.92572093009949
0.6210534470951771	0.5007385719877278	32.95572090148926
0.6208264208119787	0.49922971020653456	32.995721101760864
0.621611382731309	0.49965132910276083	33.025721073150635
0.6214259279204228	0.5006390910911307	33.055721044540405
0.6221712317646808	0.5006874694769109	33.09572100639343
0.6226743449775348	0.5012520316000965	33.1257209777832
0.6224139965282949	0.5008244508885323	33.155720949172974
0.6230586793385455	0.5000116147147649	33.195720911026
0.6226197363099576	0.5000316747929033	33.22572088241577
0.6233652799643369	0.5003667771578493	33.25572109222412
0.6224549609856239	0.5006844335031091	33.29572105407715
0.6222547757915703	0.501199587765175	33.32572102546692
0.6211373640746827	0.5005024977931936	33.35572099685669
0.6214704066936935	0.5006313615151127	33.39572095870972
0.6201386757049948	0.5025415058139107	33.42572093009949
0.6201059846359955	0.5037511913258048	33.45572090148926
0.6199114545356881	0.5047508407238036	33.495721101760864
0.6196923585761867	0.5051250299090799	33.525721073150635
0.6438111052406571	0.5839236174108657	33.555721044540405
0.6462009253704653	0.6085700107980431	33.59572100639343
0.6438574861974184	0.6087494775964998	33.6257209777832
0.6425829301483248	0.6102169688483338	33.655720949172974
0.6421957890270065	0.6111400323996604	33.695720911026
0.6402941388515105	0.6114105416951832	33.72572088241577
0.6387667613250262	0.612971020779398	33.75572109222412
0.6390969556201821	0.6143044133187628	33.79572105407715
0.6380651726455903	0.6139651299318897	33.82572102546692
0.6374598552248567	0.6150963478326719	33.85572099685669
0.6374414094697077	0.616681614863667	33.89572095870972
0.6347983857591492	0.6174586559405636	33.92572093009949
0.6153449550742635	0.6857471645113175	33.95572090148926
0.6133876975685065	0.6878768118753613	33.995721101760864
0.6114381986108766	0.6897772157779942	34.025721073150635
0.6099593228974726	0.6903083223887096	34.055721044540405
0.6092900289408746	0.6904857964599498	34.09572100639343
0.6087504545338098	0.6905453469553409	34.1257209777832
0.6091512766432852	0.6928976507090813	34.155720949172974
0.6079914427711778	0.6913714499496619	34.195720911026
0.6072051480264732	0.6890689711359315	34.22572088241577
0.6077709606688079	0.6904396158394415	34.25572109222412
0.6081891179407158	0.6913189407918178	34.29572105407715
0.6072259012433224	0.6906596581871606	34.32572102546692
0.6079702429577579	0.6908834205858293	34.35572099685669
0.6083133304404742	0.6893749817046525	34.39572095870972
0.6100607827284399	0.6898337210616801	34.42572093009949
0.6107077998425409	0.6885339000007856	34.45572090148926
0.6117400499118455	0.6883191868555335	34.495721101760864
0.590335673698423	0.6215019844864176	34.525721073150635
0.5987160733741133	0.434073809000911	34.555721044540405
0.5992696075179696	0.42477835394003516	34.59572100639343
0.5983806649339571	0.4187044825558268	34.6257209777832
0.597018362978196	0.41441077685087685	34.655720949172974
0.5949321692104721	0.40938589621897065	34.695720911026
0.5944132222053433	0.40783712729863547	34.72572088241577
0.5927544206103815	0.4061960651426326	34.75572109222412
0.5931233633792977	0.4050708641859399	34.79572105407715
0.5918158057435501	0.4060000687233032	34.82572102546692
0.5889555104941534	0.4054539107641621	34.85572099685669
0.5889065939613182	0.4049333487851147	34.89572095870972
0.5880107881310874	0.40579875855896425	34.92572093009949
0.5868915584206884	0.40688486167560667	34.95572090148926
0.5867149961109088	0.406194963935664	34.995721101760864
0.5865435397708586	0.40539772579710276	35.025721073150635
0.6451287777357967	0.433440543768338	35.055721044540405
0.6852776425944845	0.4664655889499706	35.09572100639343
0.6816941636345137	0.4663146339442162	35.1257209777832
0.6786587234964708	0.4672331134271767	35.155720949172974
0.6771075476380574	0.46809580487589647	35.195720911026
0.6749339125386754	0.46947247499053724	35.22572088241577
0.6733083006369326	0.46748386153112714	35.25572109222412
0.6716963631615074	0.46619484729554017	35.29572105407715
0.671546183721658	0.46528629362400764	35.32572102546692
0.6705966223241011	0.4657431182232118	35.35572099685669
0.6690500905226426	0.4655673254999727	35.39572095870972
0.6682073103585962	0.46634898190618973	35.42572093009949
0.6675938692046031	0.4661150149044634	35.45572090148926
0.6674811074914255	0.4649946786494889	35.495721101760864
0.6665282949838458	0.4656377142381609	35.525721073150635
0.6657931225053275	0.46669937740158374	35.555721044540405
0.6654474729200468	0.4677184970640038	35.59572100639343
0.6655220895559338	0.46849623239858035	35.6257209777832
0.6649997181728226	0.4686947456057204	35.655720949172974
0.664686244901518	0.4684597537721161	35.695720911026
0.664945973542436	0.46704542227746687	35.72572088241577
0.6624992786049089	0.4667907430935486	35.75572109222412
0.6624345276457995	0.4669261563908777	35.79572105407715
0.6626098360033956	0.4654231597908628	35.82572102546692
0.6624002536446534	0.4663869669208952	35.85572099685669
0.6616956852261138	0.4676436918519666	35.89572095870972
0.6618432416072649	0.4664563803340984	35.92572093009949
0.6606670719194346	0.4665467146942542	35.95572090148926
0.65983638052585	0.46611705081405164	35.995721101760864
0.6604167926255792	0.4657232090209282	36.025721073150635
0.6600109782089973	0.4651106540013459	36.055721044540405
0.660388850069394	0.4641050270826241	36.09572100639343
0.6599457131406296	0.46367983332824486	36.1257209777832
0.6591634826289207	0.46410528685496194	36.155720949172974
0.6589312350639246	0.4640788001537995	36.195720911026
0.6588420789557093	0.4657019094413456	36.22572088241577
0.6611045215763799	0.4666455547991478	36.25572109222412
0.6653307393281563	0.46704034196948635	36.29572105407715
0.6481563444237216	0.48682889935613444	36.32572102546692
0.6436388576560118	0.4899904649012406	36.35572099685669
0.6399117291183525	0.49184396525262075	36.39572095870972
0.6376461221080226	0.49468582291127156	36.42572093009949
0.6371141855022451	0.4935648428254429	36.45572090148926
0.6363115276659528	0.4929312660481063	36.495721101760864
0.63566820669557	0.49189319940365184	36.525721073150635
0.6346432993708977	0.49021145316640063	36.555721044540405
0.6337074719403313	0.48887761148692566	36.59572100639343
0.6329591155509038	0.4892678050705731	36.6257209777832
0.632369305976659	0.4886509402120048	36.655720949172974
0.632118317884493	0.4885018136951005	36.695720911026
0.6322267139611967	0.4884655200007854	36.72572088241577
0.6321139950083462	0.4868609667175956	36.75572109222412
0.6313297479125557	0.4854113527245369	36.79572105407715
0.6306656112456781	0.4855061053201688	36.82572102546692
0.6304310789787549	0.4828761065858737	36.85572099685669
0.6302689178946489	0.48210751046275047	36.89572095870972
0.6297586728937762	0.48170411709058525	36.92572093009949
0.6298147720124287	0.4815485038153279	36.95572090148926
0.6296572270729092	0.4836395982683937	36.995721101760864
0.6290811558745679	0.48408942812345457	37.025721073150635
0.6290996393860112	0.48251046971876915	37.055721044540405
0.6271306461151153	0.4846673981064757	37.09572100639343
0.6252545670716891	0.4848191897689919	37.1257209777832
0.6253745131372126	0.4863684259015307	37.155720949172974
0.62616468418369	0.4858650997992572	37.195720911026
0.6257627882826214	0.4867583228612159	37.22572088241577
0.6235752217211545	0.4862690343265489	37.25572109222412
0.6236771738514603	0.48899125873293287	37.29572105407715
0.6238531882124593	0.4898512159033987	37.32572102546692
0.6233922266431455	0.49154708257462143	37.35572099685669
0.6248405909386152	0.49400635574753876	37.39572095870972
0.6273295896417657	0.4995293069713301	37.42572093009949
0.6499709520985362	0.5743776985056159	37.45572090148926
0.6468809962496634	0.573901892397706	37.495721101760864
0.6456087832763144	0.5758400271121292	37.525721073150635
0.6432560848205038	0.5775980566468389	37.555721044540405
0.6430417248222283	0.577578584152021	37.59572100639343
0.6423794697726463	0.5773552248305518	37.6257209777832
0.64146401160069	0.5762568897608795	37.655720949172974
0.6412412112824726	0.5759480664977221	37.695720911026
0.6412100837527889	0.5764338890907409	37.72572088241577
0.6417652062177058	0.5754413406833141	37.75572109222412
0.6409387424865041	0.5751934831485707	37.79572105407715
0.6401724603033707	0.575515349514437	37.82572102546692
0.6387005154100953	0.5774210376249836	37.85572099685669
0.6373878906914876	0.5796057284521327	37.89572095870972
0.6330426574675583	0.586546630397997	37.92572093009949
0.6323233548722726	0.6928694052965015	37.95572090148926
0.6275168701049207	0.7007974624344537	37.995721101760864
0.6246086842692178	0.7042261977441622	38.025721073150635
0.6224230613781173	0.7068440213773071	38.055721044540405
0.6370898010853423	0.7058761860231649	38.09572100639343
0.6552357213424841	0.7321146371478311	38.1257209777832
0.6549744087180865	0.7506793449087277	38.155720949172974
0.6379169741384098	0.7405564170391878	38.195720911026
0.6222029406696561	0.7285176324506607	38.22572088241577
0.6094945465434111	0.7242231916322817	38.25572109222412
0.6031384798290497	0.7196896996192116	38.29572105407715
0.5977038799130892	0.7147431371101687	38.32572102546692
0.4035174981166549	0.5126253794463812	38.35572099685669
0.3984551550125069	0.5052974690989335	38.39572095870972
0.3943039680688572	0.5036620601624459	38.42572093009949
0.3898044412627094	0.4940637534154834	38.45572090148926
0.582826213940295	0.687814077830233	38.495721101760864
0.5822056289584704	0.6862128435105028	38.525721073150635
0.5801160587505496	0.6881173439525421	38.555721044540405
0.5771991472759659	0.6921973815146526	38.59572100639343
0.5844560801123587	0.6630580637155342	38.6257209777832
0.5787244500509049	0.66574889590773	38.655720949172974
0.5774607512775101	0.6679728496077567	38.695720911026
0.5771556817011847	0.6717936430058854	38.72572088241577
0.579826035082094	0.6731497617082277	38.75572109222412
0.5985335439360545	0.6373373854896172	38.79572105407715
0.6324457352012369	0.49577784981710177	38.82572102546692
0.6337286612354965	0.49547080909257485	38.85572099685669
0.6303986395984796	0.49250039185254413	38.89572095870972
0.6345043772167424	0.4945725795335106	38.92572093009949
0.6310249322856581	0.49697165324817766	38.95572090148926
0.6305391674333177	0.49260599470715283	38.995721101760864
0.6340230422070913	0.4842080328939841	39.025721073150635
0.636228829019226	0.4817363793479869	39.055721044540405
0.635726379153934	0.4860257651477255	39.09572100639343
0.6319381181425955	0.4842249256290245	39.1257209777832
0.6307085762116449	0.4878740200415864	39.155720949172974
0.6296946768837586	0.4903772598185301	39.195720911026
0.6278648762386103	0.49248304006837856	39.22572088241577
0.6278093075516327	0.4918234269487867	39.25572109222412
0.6267797334281489	0.49220870871697253	39.29572105407715
0.6559264360176873	0.5539399267785817	39.32572102546692
0.653980600715208	0.5617651427268573	39.35572099685669
0.6545591912448435	0.5562302984935437	39.39572095870972
0.6533321669769789	0.5577650894468403	39.42572093009949
0.6510334381225641	0.5598352089782795	39.45572090148926
0.6497050314429739	0.5618585824978384	39.495721101760864
0.6476531595811899	0.5615152594531815	39.525721073150635
0.6463468294008422	0.563211564670216	39.555721044540405
0.6448668781332823	0.5652326941341647	39.59572100639343
0.6437349541483451	0.5676133543979852	39.6257209777832
0.6431861654474278	0.5688012379057465	39.655720949172974
0.6441154535975628	0.5669610504523651	39.695720911026
0.645910968258378	0.5701560869065698	39.72572088241577
0.6610386326324117	0.6520526932319685	39.75572109222412
0.6598079233781979	0.6801163807660245	39.79572105407715
0.6572421832383908	0.6779611534161779	39.82572102546692
0.6552284569945627	0.6796808795135425	39.85572099685669
0.6535805970413283	0.6791157776756006	39.89572095870972
0.6510919671589902	0.6778567727168953	39.92572093009949
0.6497573446640782	0.6776527082791675	39.95572090148926
