COORDENADA X	 COORDENADA Y	 TEMPO
0.6059929096954688	0.5903107839565365	0.01572108268737793
0.601714139198441	0.5954510556166841	0.21572089195251465
0.6484993130654402	0.5066566979927244	0.41572093963623047
0.560687423955261	0.6561555986423985	0.6257209777832031
0.5292845615588033	0.7064420475196952	0.8157210350036621
0.7003885771368852	0.7065958619504132	1.015721082687378
0.6369989926264962	0.7063846096510051	1.2157208919525146
0.7886644809439378	0.704543642548975	1.4157209396362305
0.7592477222992623	0.7007415410586502	1.6157209873199463
0.6822374284396353	0.5007517669540558	1.8557209968566895
0.7024953606706207	0.6325355561096789	2.0557210445404053
0.6980799401321761	0.6323288908724434	2.255721092224121
0.6981847388175132	0.6311099854379306	2.455720901489258
0.7739942816962694	0.578027416202783	2.6557209491729736
0.7584755119291139	0.593643279740789	2.8557209968566895
0.7373482195122457	0.5925204314322151	3.0557210445404053
0.7410346798414975	0.580019303619729	3.255721092224121
0.7656450975538551	0.5619614999077873	3.455720901489258
0.7635742770275269	0.5700492396101534	3.6557209491729736
0.7787857568675993	0.543072728542723	3.8557209968566895
0.7784358396369988	0.5420344446481549	4.055721044540405
0.7765920313523376	0.5420161891388465	4.255721092224121
0.7491774136025953	0.5897428692227595	4.455720901489258
0.7522064086747868	0.5875502203744156	4.655720949172974
0.7867883038079341	0.551135244211492	4.8557209968566895
0.78419202892359	0.5455480003824763	5.055721044540405
0.7940769568038799	0.513969440455095	5.255721092224121
0.4823447410812351	0.271700640293485	5.455720901489258
0.800151417890424	0.4795162090144813	5.655720949172974
0.8009178066793274	0.423731506954835	5.8557209968566895
0.7983636914533517	0.4250425037728663	6.055721044540405
0.790496786842571	0.36583999670551776	6.255721092224121
0.7880280341882261	0.36970511907089837	6.455720901489258
0.7711424925610845	0.34072752776331244	6.655720949172974
0.7714355010190368	0.3422053510796824	6.8557209968566895
0.7683312994276292	0.3453855647052375	7.055721044540405
0.7499249067411172	0.3002175834884631	7.255721092224121
0.7513766238010828	0.30214559799281965	7.455720901489258
0.6915952882176124	0.5744999063923206	7.655720949172974
0.6806837663110036	0.5789269248717083	7.8557209968566895
0.7775779216727481	0.3315574963128103	8.085721015930176
0.8209484088103988	0.4248812922152741	8.285721063613892
0.5020763201196826	0.33352254780863216	8.485721111297607
0.7853352428604341	0.5668238044972456	8.685720920562744
0.7643486656777617	0.5744806149242082	8.88572096824646
0.7932573151627731	0.5218526622544949	9.085721015930176
0.8084027774796144	0.44490472302775225	9.285721063613892
0.8088146118199021	0.44508974291609393	9.485721111297607
0.800491679150567	0.3588679018439894	9.685720920562744
0.7777646338270694	0.2988508296873601	9.88572096824646
0.7748549967719804	0.3038639470152007	10.085721015930176
0.7428285843746216	0.2718888717396008	10.285721063613892
0.7129411284555477	0.25716996452671514	10.485721111297607
0.7094982436860854	0.2563534373043151	10.685720920562744
0.6709797969308673	0.24273340334582358	10.88572096824646
0.31383707992074716	0.053977749265145196	11.085721015930176
0.6159216697224434	0.2512945055364193	11.285721063613892
0.613951071630081	0.2577937645554081	11.485721111297607
0.5874319716765453	0.2749443143559164	11.685720920562744
0.5851606539473044	0.28720831428354104	11.88572096824646
0.5638651731469122	0.2989266765328944	12.085721015930176
0.557776166430613	0.3091847120541426	12.285721063613892
0.5549324015961584	0.36898006680489315	12.485721111297607
0.549957632195313	0.3673160199104665	12.685720920562744
0.562009281271579	0.43612148415174135	12.88572096824646
0.5791852801256238	0.49553307175605554	13.085721015930176
0.5779198569342751	0.5113377338918224	13.285721063613892
0.6042938011868035	0.5654146676920415	13.485721111297607
0.6427661423743862	0.5924066845491563	13.685720920562744
0.6479640344356851	0.6158074960174664	13.88572096824646
0.6479233425266432	0.6217315055409025	14.085721015930176
0.6320900277980958	0.5496813195910762	14.285721063613892
0.630972579110098	0.5467320968744616	14.485721111297607
0.6304823830171716	0.5492383509494019	14.685720920562744
0.6058715293674255	0.4794558505839687	14.88572096824646
0.6032122536077553	0.4757633340767053	15.085721015930176
0.6150980369847971	0.36303330681886076	15.285721063613892
0.6122168509958374	0.3506719991079394	15.485721111297607
0.6129267420152051	0.34972652874693305	15.685720920562744
0.6491492803819853	0.3198958667281721	15.88572096824646
0.6495175443671448	0.3181319126305628	16.085721015930176
0.6760438077463921	0.3062001234856852	16.28572106361389
0.726224559815592	0.35692183468107924	16.485721111297607
0.7281052031578807	0.44615417344643304	16.685720920562744
0.72605736818987	0.4506359087237776	16.88572096824646
0.7237980409604347	0.48777328990162	17.085721015930176
0.691658415574029	0.5221175512418205	17.28572106361389
0.688366801407286	0.5230871693275959	17.485721111297607
0.6677306057239045	0.5470392458362505	17.685720920562744
0.6408024443430315	0.5429429998261309	17.88572096824646
0.6400394826577692	0.5561145974362824	18.085721015930176
0.6413044879778458	0.5573506795285225	18.28572106361389
0.6361099985103962	0.521219428929452	18.485721111297607
0.6211995708925095	0.5159756503545371	18.685720920562744
0.6502971849580275	0.49354909455269963	18.88572096824646
0.6505964451553586	0.48959617699732266	19.085721015930176
0.3621907270186765	0.2501788970970174	19.28572106361389
0.6282966975760141	0.479882684687049	19.485721111297607
0.6125974344604485	0.434229290240479	19.685720920562744
0.6182225410862793	0.3667408190602662	19.88572096824646
0.6191018029287372	0.36858856780828975	20.085721015930176
0.6369553132711832	0.37678513900962496	20.28572106361389
0.6736103651507717	0.3994191644399128	20.485721111297607
0.6710592116663409	0.4086099714102945	20.685720920562744
0.6743819306757928	0.40683670434743674	20.88572096824646
0.6735006689916508	0.41099133970313106	21.085721015930176
0.6926299993980282	0.463306870094601	21.28572106361389
0.6909502493909718	0.4629225403835755	21.485721111297607
0.6665489190473021	0.4565773449126265	21.685720920562744
0.6777933708988115	0.4554429395154563	21.88572096824646
0.6640730981452777	0.45910033006474904	22.085721015930176
0.6572825189536841	0.45885900835286864	22.28572106361389
0.6572310181257535	0.4606645795898066	22.485721111297607
0.6562652435837014	0.4617279143571581	22.685720920562744
0.6562364253932278	0.46611110015401125	22.88572096824646
0.6554890127367109	0.4579075303843229	23.085721015930176
0.6509730195202158	0.4605131993613711	23.28572106361389
0.6503961221492824	0.4640679369511067	23.485721111297607
0.6525591270779285	0.46744044136868873	23.685720920562744
0.5964320783169457	0.39163113188895526	23.88572096824646
0.5913492628940298	0.39038725356035525	24.085721015930176
0.6237793533848479	0.42012414407318943	24.28572106361389
0.6246827291541415	0.4323608980985981	24.485721111297607
0.6790080722023167	0.457628411394022	24.685720920562744
0.669798676470439	0.5403485713117144	24.88572096824646
0.6561066687588328	0.5777823857043466	25.085721015930176
0.6560456701766055	0.5761520782120262	25.28572106361389
0.6691101341473892	0.44373685235666943	25.485721111297607
0.6632502032077454	0.4427384672672033	25.685720920562744
0.6275248653020514	0.41042032656309085	25.88572096824646
0.6251488086068748	0.40451082562492185	26.085721015930176
0.594709744341401	0.3866497556087422	26.28572106361389
0.598754726952795	0.3915808745965232	26.485721111297607
0.6006212158195032	0.3916938388246444	26.685720920562744
0.6423504839115319	0.5029862115440353	26.88572096824646
0.6338434486118844	0.511935644496897	27.085721015930176
0.6371081464823963	0.507828588867236	27.28572106361389
0.6295400379334601	0.5802544471756637	27.485721111297607
0.6211392929952433	0.5835935159934886	27.685720920562744
0.625797351860201	0.5814740805671276	27.88572096824646
0.6390821763352509	0.6263839124887276	28.085721015930176
0.6426800027851077	0.6264240889889102	28.28572106361389
0.6600277983988955	0.6330089185954312	28.485721111297607
0.6585888349345619	0.6307663871712504	28.685720920562744
0.6892125351048807	0.6282245073897449	28.88572096824646
0.7323431553218477	0.5842742556530998	29.085721015930176
0.7492371347725622	0.5744737420618083	29.28572106361389
0.7527954810811266	0.5655633104336002	29.485721111297607
0.7784116048927454	0.5003153830059947	29.685720920562744
0.7774418793942801	0.5049063674617712	29.88572096824646
0.7826492917596218	0.4577983037386562	30.085721015930176
0.778679693284329	0.4602858831315879	30.28572106361389
0.7507526030121235	0.4273957381927575	30.485721111297607
0.7575295986677297	0.39591494830498747	30.685720920562744
0.7523090268762885	0.39462464592955526	30.88572096824646
0.6649767821869333	0.46532870794284914	31.085721015930176
0.6525689846782525	0.46336518276200106	31.28572106361389
0.5991041951910557	0.31804017673852963	31.485721111297607
0.5989498633068443	0.31528039129955293	31.685720920562744
0.6185265411918787	0.34131606572000167	31.895720958709717
0.6464742994485562	0.5102035085869726	32.09572100639343
0.6335121457272906	0.5051548055966046	32.29572105407715
0.6326973174555789	0.5004281172382876	32.495721101760864
0.6261570386771876	0.49969598897352624	32.695720911026
0.6223579782804926	0.5014912484370978	32.89572095870972
0.6221712317646808	0.5006874694769109	33.09572100639343
0.6224549609856239	0.5006844335031091	33.29572105407715
0.6199114545356881	0.5047508407238036	33.495721101760864
0.6421957890270065	0.6111400323996604	33.695720911026
0.6374414094697077	0.616681614863667	33.89572095870972
0.6092900289408746	0.6904857964599498	34.09572100639343
0.6081891179407158	0.6913189407918178	34.29572105407715
0.6117400499118455	0.6883191868555335	34.495721101760864
0.5949321692104721	0.40938589621897065	34.695720911026
0.5889065939613182	0.4049333487851147	34.89572095870972
0.6852776425944845	0.4664655889499706	35.09572100639343
0.6716963631615074	0.46619484729554017	35.29572105407715
0.6674811074914255	0.4649946786494889	35.495721101760864
0.664686244901518	0.4684597537721161	35.695720911026
0.6616956852261138	0.4676436918519666	35.89572095870972
0.660388850069394	0.4641050270826241	36.09572100639343
0.6653307393281563	0.46704034196948635	36.29572105407715
0.6363115276659528	0.4929312660481063	36.495721101760864
0.632118317884493	0.4885018136951005	36.695720911026
0.6302689178946489	0.48210751046275047	36.89572095870972
0.6271306461151153	0.4846673981064757	37.09572100639343
0.6236771738514603	0.48899125873293287	37.29572105407715
0.6468809962496634	0.573901892397706	37.495721101760864
0.6412412112824726	0.5759480664977221	37.695720911026
0.6373878906914876	0.5796057284521327	37.89572095870972
0.6370898010853423	0.7058761860231649	38.09572100639343
0.6031384798290497	0.7196896996192116	38.29572105407715
0.582826213940295	0.687814077830233	38.495721101760864
0.5774607512775101	0.6679728496077567	38.695720911026
0.6303986395984796	0.49250039185254413	38.89572095870972
0.635726379153934	0.4860257651477255	39.09572100639343
0.6267797334281489	0.49220870871697253	39.29572105407715
0.6497050314429739	0.5618585824978384	39.495721101760864
0.6441154535975628	0.5669610504523651	39.695720911026
0.6535805970413283	0.6791157776756006	39.89572095870972
