COORDENADA X	 COORDENADA Y	 TEMPO
0.45185326168822343	0.3055266053546182	0.012175798416137695
0.4520883132690397	0.30444429262876815	0.0421757698059082
0.4525546089252547	0.3054028352610679	0.07217574119567871
0.45346004980311727	0.3054339440932722	0.11217570304870605
0.45397359975904406	0.30287568616696464	0.14217567443847656
0.45561763897851437	0.30313475497460024	0.17217564582824707
0.45634278475259576	0.302915819932127	0.21217560768127441
0.4502668485882118	0.8264285656126451	0.27217578887939453
0.4182328259533996	0.8728799498607974	0.3121757507324219
0.4170320425450497	0.8720258100443554	0.3421757221221924
0.4196884855649727	0.8803988152145528	0.3721756935119629
0.4207965519587583	0.8878618962514039	0.41217565536499023
0.4215360601134941	0.8956796359625444	0.44217562675476074
0.41690640612933494	0.8981043011121802	0.47217559814453125
0.3759342091145935	0.9377481109692389	0.5121757984161377
0.3783243273222319	0.9498251595038606	0.5421757698059082
0.38060307468407717	0.9623043492902013	0.5721757411956787
0.38134105165226523	0.9513537846261156	0.612175703048706
0.38448478358680105	0.96206226725658	0.6421756744384766
0.3877578636206755	0.9700429336842377	0.6721756458282471
0.39291698822278226	0.9684997681569382	0.7121756076812744
0.39614011582048797	0.973643728794695	0.7421755790710449
0.3987670674291941	0.9817508962817406	0.7721757888793945
0.3997200554324729	0.9851383372098586	0.8121757507324219
0.4059628264863078	0.8993592762045098	0.8421757221221924
0.4097032696193711	0.9020825306043326	0.8721756935119629
0.41062202175284956	0.9134720742931722	0.9121756553649902
0.413185452818426	0.9022858597651733	0.9421756267547607
0.4149269026267238	0.9046761128328158	0.9721755981445312
0.4173958724817415	0.9073002034382907	1.0121757984161377
0.418924136739008	0.9040271056148967	1.0421757698059082
0.42027399057104137	0.9125046353823127	1.0721757411956787
0.4625484568459454	0.916231174092068	1.112175703048706
0.46881587557738	0.8892821041620244	1.1421756744384766
0.46984549764917743	0.9009736944200728	1.172175645828247
0.4707387464198631	0.9003945144549009	1.2121756076812744
0.4732579745763893	0.9004998079522865	1.242175579071045
0.47714253155586794	0.9033904442121811	1.2721757888793945
0.4766676653597081	0.8934846150071885	1.3121757507324219
0.4897047910735195	0.9008435418175025	1.3421757221221924
0.5196128087953412	0.9019788937088745	1.3921756744384766
0.5173447953840616	0.8957317006247575	1.422175645828247
0.5203869086954903	0.9013357026456591	1.4421756267547607
0.5187002020518573	0.8900547556153012	1.4721755981445312
0.557579549329587	0.9018278272223129	1.5121757984161377
0.5548701830813749	0.8839223990709243	1.5421757698059082
0.5565721465964004	0.8940758883910653	1.5721757411956787
0.55623727779987	0.9085050741935933	1.612175703048706
0.5524810000214417	0.9052858377719023	1.6421756744384766
0.5567323897905844	0.8963764447462585	1.672175645828247
0.555925895740312	0.9022267003352745	1.7121756076812744
0.5651253405172733	0.9188882743439848	1.742175579071045
0.6045535393509204	0.9055891487517645	1.7921757698059082
0.6076541105008351	0.9043825439420419	1.8121757507324219
0.6118975760120323	0.8998049798479116	1.8421757221221924
0.6162148330073987	0.9003011235425156	1.872175693511963
0.6110978628288084	0.8994951454516721	1.9121756553649902
0.6115013764791197	0.8985182856699409	1.9421756267547607
0.6095813150839532	0.8993294136670444	1.9721755981445312
0.6756700801631185	0.8910766319350876	2.0121757984161377
0.6781987292996025	0.8979064052999534	2.042175769805908
0.6751202385988937	0.9000979554725136	2.0921757221221924
0.6783440967723184	0.9017249841512117	2.112175703048706
0.6729772064473359	0.9004050717701306	2.1421756744384766
0.6714243019289778	0.9005872170995783	2.172175645828247
0.6859604066909111	0.90651265812526	2.2121756076812744
0.6821218897914324	0.9061198557283768	2.2521755695343018
0.6830037725009734	0.9055588697861374	2.2721757888793945
0.6969336467326374	0.8964198768863261	2.312175750732422
0.717459746384726	0.8936229019037509	2.3421757221221924
0.7202366233764442	0.8921529821609349	2.372175693511963
0.7232925027430989	0.8915476355329939	2.4121756553649902
0.7267427355184841	0.8910914667014951	2.4421756267547607
0.7236052859248558	0.891881810574227	2.4721755981445312
0.7626004444055756	0.8897088987435234	2.5121757984161377
0.7623279002300497	0.8951034879552945	2.542175769805908
0.7638757059747681	0.8962552157798347	2.5721757411956787
0.7654696413984298	0.8990938364651858	2.612175703048706
0.7610874671565215	0.8942403250924567	2.6421756744384766
0.763117478796279	0.8979739709278619	2.672175645828247
0.7802531357876143	0.8925782618403709	2.7121756076812744
0.8093947877892955	0.886801901017221	2.742175579071045
0.81147881521501	0.8856924969264247	2.7721757888793945
0.8118885819703671	0.8855315190979833	2.812175750732422
0.8114391531648323	0.893648019627848	2.8421757221221924
0.8099847901099206	0.8938137349740173	2.872175693511963
0.7951727859545453	0.8887723543795802	2.9121756553649902
0.7955094369969476	0.8870489803062361	2.9421756267547607
0.7937729943882401	0.8925237684260041	2.9721755981445312
0.7956012373238192	0.8918571278308717	3.0121757984161377
0.7964562309808223	0.8930328866780253	3.042175769805908
0.7963644071579729	0.8922471985670949	3.0721757411956787
0.7970593669029201	0.890396233565236	3.112175703048706
0.850016189377872	0.895564726445908	3.1421756744384766
0.8489765243795343	0.8985586782444752	3.172175645828247
0.8499680555505228	0.8969983391865657	3.2121756076812744
0.8492978859509649	0.8975726972819764	3.242175579071045
0.8491125787962165	0.8988194932973004	3.2721757888793945
0.8472976033811274	0.9014635470265021	3.312175750732422
0.8475924997765147	0.9056159056221837	3.3421757221221924
0.8479291737996274	0.903724358276996	3.372175693511963
0.8505259639766909	0.905560631574489	3.4121756553649902
0.8505233335786648	0.9063227696109643	3.4421756267547607
0.8623405236638094	0.9088470191962684	3.4721755981445312
0.8643413180199848	0.9078579211371874	3.5121757984161377
0.8656915784012964	0.9102520402828802	3.542175769805908
0.8659369032984763	0.9088588109138934	3.5721757411956787
0.8661753590701701	0.908298955299129	3.612175703048706
0.8677628977060835	0.9119807356308726	3.6421756744384766
0.8674069294699636	0.9093138693609203	3.672175645828247
0.866902256952418	0.9120084180023512	3.7121756076812744
0.8656132224098243	0.9120605171448587	3.742175579071045
0.8629060453261616	0.9118738078032576	3.7721757888793945
0.48941924280774385	0.8134864367542596	3.872175693511963
0.49793757538119743	0.7938370413670539	3.9121756553649902
0.48810275797697567	0.8010538679732658	3.9421756267547607
0.46646864962018025	0.8119351452539038	3.9721755981445312
0.47808717607704	0.8251714196434862	4.012175798416138
0.4954935994113357	0.8200630622006811	4.042175769805908
0.46468787036470555	0.861778840255552	4.072175741195679
0.46468787036470555	0.861778840255552	4.112175703048706
0.460504304519374	0.824403338921187	4.142175674438477
0.4686500659746002	0.83148449496998	4.172175645828247
0.4712855424975019	0.8319726344286595	4.212175607681274
0.4693485887413664	0.8303755879431983	4.242175579071045
0.4671617417288106	0.8296980318905046	4.2721757888793945
0.46624636152425425	0.830225485327262	4.312175750732422
0.46810811395042307	0.8342693441917707	4.342175722122192
0.46687470379586016	0.8324347196152526	4.372175693511963
0.46507595623325954	0.83423116148114	4.41217565536499
0.49360455606824755	0.8421210967078612	4.442175626754761
0.5093094018585304	0.8459097741949019	4.472175598144531
0.5073549498183014	0.8475841586276451	4.512175798416138
0.5081028396843108	0.8467558936468207	4.542175769805908
0.5077495446777534	0.8482232228394324	4.572175741195679
0.5079525363676622	0.8493866662935043	4.612175703048706
0.5085973643782751	0.8490762763368828	4.642175674438477
0.5074632246571429	0.8522212291417682	4.672175645828247
0.507622428777475	0.8514161494585549	4.712175607681274
0.5081378324736201	0.8518383392750253	4.742175579071045
0.547340291364529	0.849151113481668	4.7721757888793945
0.5514141011814798	0.854432536084373	4.902175664901733
0.5502199685124026	0.8560960345260101	4.91217565536499
0.5501349214498837	0.8554016138733338	4.942175626754761
0.5534234831000151	0.8570282811875507	4.972175598144531
0.5791189068729629	0.8539090524355504	5.012175798416138
0.5783296830637352	0.857722928395623	5.042175769805908
0.5792990532708793	0.8569467637696088	5.072175741195679
0.5806896133831748	0.8566282029458462	5.112175703048706
0.5820256921228036	0.8585046158738021	5.142175674438477
0.581126147204973	0.8588707436487732	5.172175645828247
0.5814019889615518	0.8595903952640468	5.212175607681274
0.6437986066190704	0.858654791635837	5.242175579071045
0.6563095675372264	0.8584985790158577	5.2721757888793945
0.6583378174524339	0.8626940807965788	5.312175750732422
0.6601858153369339	0.862649192090662	5.362175703048706
0.6577226677010674	0.8636260789687971	5.372175693511963
0.6585944660023605	0.8633022309446577	5.41217565536499
0.6601573997140886	0.8644728233335035	5.442175626754761
0.6610070552897469	0.8638932244972969	5.472175598144531
0.6590267024395929	0.8638414587207892	5.512175798416138
0.658501815189534	0.8634385112382722	5.542175769805908
0.6585413292965578	0.8642871981572872	5.572175741195679
0.6686196129406136	0.8661415938391385	5.612175703048706
0.6989235651984022	0.865843437671975	5.642175674438477
0.6978544065436787	0.8682910569169559	5.672175645828247
0.70080604346934	0.8667628846245455	5.712175607681274
0.7016716141078398	0.8686086633215294	5.742175579071045
0.7020800388882703	0.8665429706712414	5.7721757888793945
0.702154477829046	0.8670445876234079	5.812175750732422
0.7024421791976901	0.8649972946750202	5.842175722122192
0.7027825407687729	0.8660511824224308	5.872175693511963
0.703004920762009	0.8659092349251836	5.91217565536499
0.7040225750186251	0.8653165126818793	5.942175626754761
0.7436931201209048	0.8697318551016318	5.972175598144531
0.7493586324822878	0.8661884148025824	6.042175769805908
0.7493971984184509	0.8670471832241127	6.072175741195679
0.7504227850288842	0.866459991053032	6.112175703048706
0.7501801274221478	0.8647325967417074	6.142175674438477
0.7537237982962749	0.8657785466037113	6.172175645828247
0.7877763348820476	0.8635214531728724	6.212175607681274
0.7882474335557386	0.8689479695052629	6.242175579071045
0.7889700487475233	0.8676890920375437	6.2721757888793945
0.7902202473144699	0.8675807130798895	6.312175750732422
0.7908434383947065	0.8690265477215119	6.342175722122192
0.7910244911729915	0.8663567745782609	6.372175693511963
0.7918962531075003	0.8680864401874542	6.41217565536499
0.7932044402498473	0.8669121986884999	6.442175626754761
0.7951522257307437	0.8661047452579462	6.472175598144531
0.7834826779114913	0.8569780956771005	6.512175798416138
0.7823904732403849	0.8569730010129508	6.562175750732422
0.779962345571095	0.858630101164342	6.5821757316589355
0.7791920226609278	0.8578137431678708	6.612175703048706
0.7814800812799193	0.8579048892767843	6.642175674438477
0.8456452699141039	0.8673127425356613	6.672175645828247
0.845061339356208	0.8751566112714186	6.712175607681274
0.8465565549243159	0.8788271926929768	6.742175579071045
0.8468196782586062	0.8803429653513632	6.782175779342651
0.8484023877096867	0.8817420987576181	6.812175750732422
0.8458151868278465	0.882133599138714	6.842175722122192
0.8481861151653349	0.8810035268741739	6.88217568397522
0.8479335654314898	0.8802440903235338	6.91217565536499
0.8483895898568616	0.8782220536104918	6.942175626754761
0.8481542595119752	0.8781820139388025	6.982175588607788
0.8472572285698825	0.879706260452656	7.012175798416138
0.847364669438809	0.8778669789622974	7.042175769805908
0.8400615481641506	0.8712532053766131	7.0821757316589355
0.8414155971135154	0.8697916956080821	7.112175703048706
0.842294427319025	0.8698046029553017	7.142175674438477
0.8688591987403853	0.8787212886624075	7.212175607681274
0.8686289790379056	0.882258512291234	7.252175569534302
0.8684480054420421	0.8840275325049439	7.282175779342651
0.8672633135332416	0.8837277827538917	7.312175750732422
0.8658101918925434	0.8846534991457281	7.342175722122192
0.8485429939292464	0.8831936084722363	7.38217568397522
0.5073214663908131	0.7571582380423194	7.442175626754761
0.4998097336477574	0.7630267769344765	7.482175588607788
0.495841163049607	0.7659589513206118	7.512175798416138
0.4984885726752062	0.7651644227149966	7.542175769805908
0.4951591734451196	0.7670580482830129	7.5821757316589355
0.4930380381177627	0.7697360135998575	7.612175703048706
0.49106409273420637	0.7715508255075267	7.642175674438477
0.4857486803257949	0.7721755470034999	7.682175636291504
0.46995378028741225	0.7784836787482501	7.712175607681274
0.4706099315841323	0.7825351949574257	7.742175579071045
0.47013353518808826	0.7830599687046003	7.782175779342651
0.4698737846759213	0.7828589382959481	7.812175750732422
0.47001210496435475	0.7865194735611234	7.842175722122192
0.4682666638343184	0.7890744158420819	7.88217568397522
0.46811401105339184	0.7899533881600539	7.91217565536499
0.4666941452732012	0.7909950117155593	7.942175626754761
0.4657395259050187	0.7911514755653579	7.982175588607788
0.46639490612913426	0.7903995998492818	8.012175798416138
0.5000012491674114	0.7883143556069788	8.042175769805908
0.4986212038811039	0.7909033702232644	8.082175731658936
0.4968742132249114	0.7911648744266675	8.112175703048706
0.4964858815960356	0.7917439797688139	8.142175674438477
0.4969803961563451	0.7923939579417586	8.182175636291504
0.49688637993795864	0.79552558858357	8.212175607681274
0.4968445090786175	0.7950689790566162	8.242175579071045
0.5324444136800683	0.7976525479201966	8.282175779342651
0.5353682531622476	0.7943935767582382	8.312175750732422
0.5334270572281798	0.7953860727430494	8.342175722122192
0.5322683932385626	0.7952880660105417	8.38217568397522
0.5325494771800355	0.7978848043618333	8.41217565536499
0.5307179378047913	0.7989610488517838	8.44217562675476
0.5301470927001384	0.7999354851384441	8.482175588607788
0.531289399526618	0.8008946772091478	8.512175798416138
0.5214716261639238	0.8024789220524657	8.542175769805908
0.5187061002807479	0.7956281607232681	8.582175731658936
0.5180608762199864	0.7980457048032099	8.612175703048706
0.5171204280549547	0.7975884093025841	8.642175674438477
0.516365604449379	0.7967813308450161	8.682175636291504
0.5151388118094465	0.8009069920264821	8.712175607681274
0.5216211424297532	0.800074417105367	8.742175579071045
0.5406022327468175	0.8039452947837058	8.782175779342651
0.5412981559520087	0.8079383660642081	8.812175750732422
0.5404969827260324	0.8036116304025956	8.842175722122192
0.541205812333922	0.8046199228692027	8.88217568397522
0.5413071450877862	0.806524363920774	8.91217565536499
0.542403563332465	0.8083404924898157	8.94217562675476
0.5416670767097499	0.809876670225709	8.982175588607788
0.5391656183020671	0.8094796482433901	9.012175798416138
0.5383244715770806	0.8125276046982132	9.042175769805908
0.550024852220583	0.8107085657900691	9.082175731658936
0.5602096055138154	0.8085262035678531	9.112175703048706
0.5603218830545267	0.8093789489763126	9.142175674438477
0.5599920777912307	0.810694746804958	9.182175636291504
0.5603408452397027	0.8112000290430946	9.212175607681274
0.5472770856410929	0.80523705398594	9.242175579071045
0.5379773117877842	0.802183087716267	9.282175779342651
0.5377432430562025	0.8018300448381912	9.312175750732422
0.5395897980919445	0.8012954481061486	9.342175722122192
0.5401445822613405	0.8026285145194979	9.38217568397522
0.5415780387541167	0.801194620521622	9.41217565536499
0.5442992407948452	0.8024759061977395	9.44217562675476
0.6046635988226754	0.8039626529318222	9.482175588607788
0.6044934702447871	0.8065574790940289	9.522175788879395
0.6045841462330085	0.8080505449315973	9.542175769805908
0.6034274261490732	0.8085568821819721	9.582175731658936
0.6025789670273782	0.8089749779869086	9.612175703048706
0.6030736227465927	0.8096388724709968	9.642175674438477
0.6031283333862602	0.8100511231903873	9.682175636291504
0.6029705201291956	0.8096878939809172	9.712175607681274
0.6030372044768308	0.8080907633694709	9.742175579071045
0.6227905894671724	0.811566059985844	9.782175779342651
0.6485323475694244	0.8041324721257059	9.812175750732422
0.6493522281933429	0.8060022665660993	9.842175722122192
0.6484762320529792	0.80803809155187	9.88217568397522
0.6495040989607375	0.8085328668828392	9.91217565536499
0.6495849998693215	0.8081540373753048	9.94217562675476
0.6506343572321749	0.8106073466896582	9.982175588607788
0.6501897285494518	0.810131307637731	10.012175798416138
0.7031498894878898	0.8041708358182738	10.082175731658936
0.7026833553136772	0.8069947563472457	10.112175703048706
0.7029479057627533	0.8088408751662067	10.142175674438477
0.7019268643811932	0.8126955852441813	10.182175636291504
0.7024133796587344	0.8149391613127644	10.212175607681274
0.701291740360364	0.8174551252391075	10.242175579071045
0.7010408043744842	0.8177453802477199	10.282175779342651
0.7261096323655347	0.8183272609676303	10.312175750732422
0.7457402991986415	0.8239408504245602	10.342175722122192
0.7495914581714548	0.824360387378841	10.38217568397522
0.7457433349921112	0.8275230961545909	10.41217565536499
0.7477258429112452	0.8262405017742169	10.44217562675476
0.7486212944522025	0.8247594150044171	10.482175588607788
0.7490869283986012	0.8250202233570579	10.512175798416138
0.752158026868319	0.8260273758655343	10.542175769805908
0.8007257128841296	0.8177348385584717	10.582175731658936
0.7995338324234109	0.8212403730324573	10.612175703048706
0.8018855920053186	0.8219236175648322	10.642175674438477
0.803799261789479	0.8221687864704462	10.682175636291504
0.8063836277340813	0.822539594575636	10.712175607681274
0.8050242945487575	0.8216277243516709	10.742175579071045
0.8112798096291013	0.8190850894542536	10.782175779342651
0.8291535109461734	0.8143961330565176	10.812175750732422
0.832425281099877	0.815691148609604	10.842175722122192
0.8329798732749063	0.8165451250973533	10.88217568397522
0.8326608971457509	0.8132103871507366	10.91217565536499
0.8337815249562222	0.8157954249597402	10.94217562675476
0.8330171338454592	0.8168867251601778	10.982175588607788
0.8178921291753284	0.8066439189174338	11.012175798416138
0.8173841262177929	0.8126604503267983	11.042175769805908
0.8175961914454775	0.8124162858791173	11.082175731658936
0.8173796129612003	0.8112060680075915	11.112175703048706
0.8173830532064474	0.8095098630102714	11.142175674438477
0.8165174964237166	0.8097291478312996	11.182175636291504
0.8159961469235759	0.8135069608930338	11.212175607681274
0.8153580141187504	0.8109003107920048	11.242175579071045
0.8163629509870504	0.8151429912051835	11.282175779342651
0.8181303830001324	0.8152981580320356	11.312175750732422
0.8327984901186208	0.8137356158929915	11.342175722122192
0.8382185791606573	0.8129168749300438	11.402175664901733
0.8359495850851966	0.8170461646294004	11.422175645828247
0.8292775982129796	0.8184459566667199	11.44217562675476
0.5025403245511771	0.7269010018643737	11.512175798416138
0.4896969803136956	0.7301541469043129	11.542175769805908
0.5023799383205351	0.740382405175186	11.582175731658936
0.4941666027706205	0.7460692889854655	11.612175703048706
0.4862084946141433	0.7482833260362944	11.642175674438477
0.48238004506388815	0.7530538516667682	11.682175636291504
0.47403513776714795	0.7474347026969858	11.712175607681274
0.4702604251067568	0.7458562500855964	11.742175579071045
0.4677608791057404	0.7422119925696812	11.782175779342651
0.4663899761288278	0.7427339744326585	11.812175750732422
0.46460198620145765	0.7436356945115202	11.842175722122192
0.4632810142200929	0.7444417881733209	11.88217568397522
0.4670306433675171	0.7456901649562484	11.91217565536499
0.5235837568371846	0.7504594257463236	11.94217562675476
0.521904390446232	0.7517570158245243	11.982175588607788
0.5224621811065133	0.7505051991598728	12.012175798416138
0.5221149125044726	0.752341529281288	12.042175769805908
0.5230412928559719	0.7493890707229048	12.082175731658936
0.5238922967253642	0.7527670869057582	12.112175703048706
0.5257903813902193	0.7511403486390581	12.142175674438477
0.5885855310084565	0.7551037139504119	12.182175636291504
0.5883371933267499	0.7538362852533013	12.212175607681274
0.5864972961221775	0.7544611363958571	12.242175579071045
0.5882880073206249	0.7558153850669694	12.282175779342651
0.5878533422403612	0.7573445571121181	12.312175750732422
0.5895799631965944	0.7571641834769138	12.342175722122192
0.6017644067355566	0.7611468268141641	12.38217568397522
0.6476573848014493	0.7663515325470247	12.422175645828247
0.6480710861994536	0.7685386657382234	12.44217562675476
0.6476400420137405	0.7686827008671135	12.482175588607788
0.647445700319788	0.7694353752599176	12.512175798416138
0.6487200922742842	0.7706615764956588	12.542175769805908
0.649793803711323	0.771163419359082	12.582175731658936
0.647999348769388	0.7730577053970863	12.612175703048706
0.648860706786176	0.7718987759306852	12.642175674438477
0.6533534989840135	0.7695497223015779	12.682175636291504
0.6547314575871447	0.7691624950297772	12.712175607681274
0.6562885094577091	0.7710970344158681	12.742175579071045
0.6512487586725993	0.7700057572335697	12.782175779342651
0.6546318241739776	0.7698900156750826	12.812175750732422
0.6883496086795216	0.7734017934559125	12.842175722122192
0.6890891200426376	0.775637212941148	12.88217568397522
0.6892650865712081	0.7757877346885407	12.91217565536499
0.6875455836667902	0.7779298165518986	12.94217562675476
0.6877139021572397	0.7775103436760233	12.982175588607788
0.6878698546458569	0.7787300392053276	13.012175798416138
0.6883555444953622	0.7771833742662994	13.042175769805908
0.6890475575608446	0.7782411437671033	13.082175731658936
0.686989310725156	0.7796207273061019	13.112175703048706
0.6945078050832181	0.7781626906556491	13.142175674438477
0.7100659250668088	0.7764006161337376	13.182175636291504
0.7098054702877993	0.7769456084192142	13.212175607681274
0.707538185761597	0.7775876355022805	13.242175579071045
0.7095610254307471	0.7762410612194244	13.282175779342651
0.711036097656182	0.7765068302190705	13.312175750732422
0.7113571529159263	0.7764529457661182	13.342175722122192
0.710106158582811	0.7754320699548912	13.38217568397522
0.7084469192440243	0.7784495673113954	13.41217565536499
0.7644347505771967	0.7725552344962109	13.482175588607788
0.7647766159029059	0.775965701843757	13.512175798416138
0.7654521100283569	0.7757838370332995	13.542175769805908
0.7652945068303192	0.775660513727895	13.582175731658936
0.7655479235985891	0.7781460837615849	13.612175703048706
0.762298471483355	0.7753066097273621	13.642175674438477
0.7527336907577126	0.7704499021247291	13.682175636291504
0.7506044859593314	0.7717505439320014	13.722175598144531
0.7501904159274926	0.7706207644072188	13.742175579071045
0.7507624953635994	0.771888519656495	13.782175779342651
0.7495113520687348	0.7699887057212413	13.812175750732422
0.7503143073352307	0.76931212176702	13.842175722122192
0.7519902832714673	0.7686295332748542	13.88217568397522
0.7526750783906675	0.7663266622042115	13.91217565536499
0.7547721594434215	0.7713119659611056	13.94217562675476
0.7784661235503125	0.7750611246168767	13.982175588607788
0.7783330562072048	0.776652724991692	14.012175798416138
0.7810933335904562	0.7745970041117974	14.042175769805908
0.8113395396283073	0.7748483346602196	14.082175731658936
0.8110259697794067	0.7738901570772806	14.112175703048706
0.8120370735171438	0.7739647073265835	14.142175674438477
0.8124311626985146	0.7743093515864835	14.182175636291504
0.8128665059295669	0.7738111145284534	14.212175607681274
0.8127712969069567	0.7737671712055001	14.242175579071045
0.8135847411943853	0.7728087615794496	14.282175779342651
0.817051590923251	0.7728609490321245	14.312175750732422
0.857092683793479	0.7756652038457158	14.342175722122192
0.8573025514991919	0.7760572464176932	14.38217568397522
0.8580271038538154	0.7732392589510563	14.41217565536499
0.857945268479819	0.772532458613765	14.44217562675476
0.8582694724913	0.7763640712869979	14.482175588607788
0.8571314645264325	0.7761042602346646	14.512175798416138
0.8556955222564938	0.7770108260803328	14.542175769805908
0.8052961983228969	0.7701629091962567	14.582175731658936
0.8010223596668206	0.7697554191814897	14.612175703048706
0.7982723548770854	0.7680630956177225	14.642175674438477
0.7987326508293232	0.7686695570679138	14.682175636291504
0.7991067827716333	0.769079183430396	14.712175607681274
0.7988834011003699	0.7713577274102517	14.742175579071045
0.8012555788823648	0.771759205279539	14.782175779342651
0.8335105098495258	0.7722929888784715	14.812175750732422
0.830933322244915	0.773148803884314	14.85217571258545
0.8299366782109283	0.777346794827346	14.88217568397522
0.8308405884471796	0.7783478191116024	14.91217565536499
0.8290764879840753	0.7736512437816462	14.94217562675476
0.8311460730776148	0.773896383149834	14.982175588607788
0.8365096235257432	0.7672341812961303	15.012175798416138
0.8402774019373684	0.7653930521525566	15.042175769805908
0.8468343272313241	0.7652395581268806	15.082175731658936
0.8613648246879514	0.7641426736509438	15.112175703048706
0.8793751421444405	0.7494249632434343	15.142175674438477
0.8917692058098123	0.7354629084597413	15.182175636291504
0.8953821088064167	0.7578680783650145	15.212175607681274
0.8919639520896832	0.7566274895863768	15.252175569534302
0.8919641934194547	0.7583860311850545	15.282175779342651
0.8904392238807205	0.7649821504232112	15.312175750732422
0.8894311404320966	0.7655504806800515	15.342175722122192
0.8877074506220435	0.7670756795241404	15.38217568397522
0.9014828211782422	0.764540327204567	15.41217565536499
0.9013365465712214	0.7669085764381216	15.44217562675476
0.9024012182812313	0.7674832238901343	15.482175588607788
0.9006849740881526	0.7690355082665289	15.512175798416138
0.8994809999530637	0.7693869541386192	15.542175769805908
0.8904142512085188	0.7692674209056656	15.582175731658936
0.526732124027633	0.699314373085474	15.682175636291504
0.5103497165390413	0.6961082211037493	15.712175607681274
0.4936293065851181	0.7015296897716915	15.742175579071045
0.4851024423803757	0.7080613006877676	15.782175779342651
0.49553365910395425	0.7107829590696386	15.812175750732422
0.4453911274761062	0.7268946545476427	15.842175722122192
0.4938991345352976	0.7072180676333367	15.88217568397522
0.48715652810927806	0.7074337521118107	15.91217565536499
0.48114734564099987	0.7060879171321203	15.94217562675476
0.4806349883134382	0.7031445066508701	15.982175588607788
0.4762573218333645	0.7054516259230051	16.012175798416138
0.4736572815391096	0.7047181354213686	16.042175769805908
0.47316665227487087	0.7041894288004852	16.082175731658936
0.473000019054611	0.7051639665313243	16.112175703048706
0.47476319935385414	0.7041055530943328	16.142175674438477
0.527986269303046	0.7100760894602611	16.182175636291504
0.540075311352607	0.7088882760325089	16.212175607681274
0.5392956330459766	0.7098990147464479	16.242175579071045
0.5383107715373855	0.7098715015801853	16.28217577934265
0.5398157566033256	0.7122480238235837	16.312175750732422
0.5388633510329415	0.7121611512106372	16.342175722122192
0.5382745715498813	0.7124836907388405	16.38217568397522
0.5382646854598658	0.7135677414472125	16.41217565536499
0.5395406206077711	0.7137582801001774	16.44217562675476
0.5369926857985874	0.7152282590801844	16.482175588607788
0.5310588413571805	0.7148302673333481	16.512175798416138
0.5291646502514207	0.7132953752380908	16.542175769805908
0.5286031384177552	0.7141051493709968	16.582175731658936
0.5286648816225731	0.7155762451545794	16.612175703048706
0.5275856959548973	0.7159344738559986	16.642175674438477
0.5279580824322123	0.7188843833495894	16.682175636291504
0.5414727806743445	0.7238628769748711	16.712175607681274
0.5819448624227023	0.7231215843321465	16.742175579071045
0.580933615326708	0.7252404052397686	16.78217577934265
0.5806810906635826	0.7298430077011221	16.812175750732422
0.5805861554064624	0.7293286286833806	16.842175722122192
0.5804858225842912	0.7300634121770603	16.88217568397522
0.58035850344008	0.7291270249533545	16.91217565536499
0.5797220503618076	0.7283536713364279	16.94217562675476
0.5882768411168533	0.7325938562082916	16.982175588607788
0.6051063333470523	0.7291229288225597	17.012175798416138
0.6043749278797742	0.7284801983215593	17.042175769805908
0.605124502356326	0.7284714682896911	17.082175731658936
0.60479351530653	0.7298968625419935	17.112175703048706
0.6039486623665046	0.7293051065784288	17.142175674438477
0.604756530464512	0.732007187612342	17.182175636291504
0.6067341836718295	0.7324780122787538	17.212175607681274
0.6598613093364635	0.7309304365471322	17.242175579071045
0.6640809513026936	0.7310273579943737	17.28217577934265
0.6637329842450899	0.7357973085012932	17.312175750732422
0.6624361654762038	0.7349219594687533	17.342175722122192
0.6608837517596188	0.7379007535454252	17.38217568397522
0.6617065513378267	0.7378512988519262	17.41217565536499
0.663853121952868	0.7380403127427002	17.44217562675476
0.6635770054415511	0.73875994081748	17.482175588607788
0.6618342334348085	0.7382547665516178	17.512175798416138
0.6463643067237191	0.7321358929920869	17.542175769805908
0.6449394366720022	0.7323624955071284	17.582175731658936
0.6448791761052134	0.7323187176873762	17.612175703048706
0.644191011653959	0.7354101551598705	17.642175674438477
0.644493942788574	0.7364091656701987	17.682175636291504
0.6435560570674782	0.7348750731272342	17.712175607681274
0.6428171254391633	0.7353364970766535	17.742175579071045
0.6425699024630955	0.7365253155337712	17.78217577934265
0.6414053852955565	0.737550060506213	17.812175750732422
0.6403648639663184	0.7349696633804114	17.842175722122192
0.6256430656488003	0.728795276577916	17.88217568397522
0.6257316987624684	0.7295583633105737	17.91217565536499
0.625025921601658	0.7305371466591569	17.94217562675476
0.6243444211829599	0.7320087399203717	17.982175588607788
0.6235991052746561	0.7308914370094965	18.012175798416138
0.625968049005471	0.7318133059423492	18.042175769805908
0.6594711635746447	0.73335266584272	18.082175731658936
0.658668190600067	0.7346602540777828	18.112175703048706
0.6591457780667173	0.7362095639489793	18.142175674438477
0.6590306152210538	0.7386190516990716	18.182175636291504
0.6598852130431783	0.7361209584724943	18.212175607681274
0.662903976078066	0.7358859826133002	18.242175579071045
0.6628892910993287	0.7358984420171188	18.28217577934265
0.6647646358690311	0.7339803832667815	18.312175750732422
0.6640117444857536	0.734757017816652	18.342175722122192
0.6645668658893046	0.7343981288316116	18.38217568397522
0.6657404408020648	0.7317211573283652	18.41217565536499
0.6655595269915205	0.7323060063481602	18.44217562675476
0.66490261859632	0.7328878916133633	18.482175588607788
0.6649564574561307	0.7329093816239759	18.512175798416138
0.6653098471749339	0.7326999651613146	18.542175769805908
0.6705375891420856	0.728952382324122	18.582175731658936
0.6714653890893116	0.7285919725558075	18.612175703048706
0.6722905463271588	0.7297529138237816	18.642175674438477
0.6718485453165055	0.7278920226681892	18.682175636291504
0.6713255032769545	0.7296573292532627	18.712175607681274
0.6705817536251851	0.7306765076609447	18.742175579071045
0.6718605059017849	0.730394007807262	18.78217577934265
0.6732630432512415	0.7301276277536979	18.812175750732422
0.6728008515842323	0.7291336300688526	18.842175722122192
0.6886157747131539	0.7263108134423153	18.88217568397522
0.6883893794289364	0.7308014724056623	18.91217565536499
0.689567315489024	0.7312066734177447	18.94217562675476
0.6893267838011519	0.7307706701400118	18.982175588607788
0.6939820577968658	0.7276061094464216	19.012175798416138
0.7203477618268962	0.7267358353163854	19.042175769805908
0.7175171167694337	0.7295766689645594	19.082175731658936
0.7183429733408141	0.7285958308294321	19.112175703048706
0.7193498240129136	0.7295299395967877	19.142175674438477
0.7181634306656198	0.728072145471698	19.182175636291504
0.7186097647904177	0.7281737701955122	19.212175607681274
0.7186818593003131	0.7293317137693309	19.242175579071045
0.7186698394199996	0.7294905234277981	19.28217577934265
0.718872576852829	0.7288299806274724	19.312175750732422
0.7602901424495778	0.7261129312979145	19.342175722122192
0.7657281403667983	0.7279723358856276	19.38217568397522
0.7661857367572984	0.7295413047267605	19.41217565536499
0.766295611715488	0.7304890794827086	19.44217562675476
0.7657526499629079	0.732833909589513	19.482175588607788
0.7654195121350128	0.7326856532723669	19.512175798416138
0.7651889013575409	0.7321380952316345	19.542175769805908
0.7615865579976132	0.7297543569696999	19.582175731658936
0.7502203206878507	0.7263780291329414	19.612175703048706
0.7485398983961676	0.7266112944952072	19.642175674438477
0.7480194680490819	0.7259353207306215	19.682175636291504
0.7469218290789943	0.7294569903431094	19.712175607681274
0.7458348118944871	0.7277962758262817	19.742175579071045
0.7463209225820957	0.7283156758056648	19.78217577934265
0.7457949251771351	0.7297510803886776	19.812175750732422
0.7768157859598096	0.7239173534538549	19.842175722122192
0.7881796730545595	0.7291061280571669	19.88217568397522
0.7870429864063454	0.7304195616748065	19.91217565536499
0.7874961704882831	0.7318726731298173	19.94217562675476
0.7882915994747896	0.7323687008101345	19.982175588607788
0.7877524021081078	0.7345927974806686	20.012175798416138
0.7883881438733857	0.7333424472272403	20.042175769805908
0.7883105086495154	0.7339237806227868	20.082175731658936
0.7883875196024582	0.7352746289507079	20.112175703048706
0.7908841565585539	0.7363419599552921	20.142175674438477
0.8270330498876651	0.7380084919708012	20.182175636291504
0.827109169232141	0.7410380791592948	20.212175607681274
0.8265798865828649	0.7424191371121387	20.242175579071045
0.8269852085567987	0.7418387625881564	20.28217577934265
0.8262548469681352	0.7434118412734266	20.312175750732422
0.8258051110885737	0.7457063593765524	20.342175722122192
0.8266806044097222	0.7432743626756082	20.38217568397522
0.8264215214353637	0.7443535268768212	20.41217565536499
0.8266435513220638	0.7429650941958279	20.44217562675476
0.8296248098110718	0.7412823323410856	20.482175588607788
0.8326074953292085	0.7379846929434772	20.512175798416138
0.8321510844485993	0.7386291729527065	20.542175769805908
0.8324664801884017	0.7387531208403345	20.582175731658936
0.832982637748148	0.7396859944615569	20.612175703048706
0.8334166989267097	0.740761651595054	20.642175674438477
0.833498590793283	0.7406500193405317	20.682175636291504
0.8338261169045241	0.7398628650911603	20.712175607681274
0.8350357157840748	0.7402763512592794	20.742175579071045
0.8354244149976398	0.7385876705414022	20.78217577934265
0.8366215735480034	0.7314809807842915	20.812175750732422
0.8358598480477651	0.7333622957405065	20.842175722122192
0.83614764980133	0.7347048412707333	20.88217568397522
0.8354769019010936	0.73742213881375	20.91217565536499
0.8350397115075023	0.736889622783952	20.94217562675476
0.8350056659987252	0.7362480146521279	20.982175588607788
0.8350126890987163	0.7365392869315542	21.012175798416138
0.5111096786950083	0.6362586815161212	21.082175731658936
0.4980776787915535	0.6435446912154374	21.112175703048706
0.4959956569615421	0.6457770837077076	21.142175674438477
0.4948380625025782	0.64790559221079	21.182175636291504
0.4940816467642069	0.6512676076973365	21.212175607681274
0.4933521235060931	0.6511569715576411	21.242175579071045
0.49200311194941954	0.6521178681945696	21.28217577934265
0.49019939326084505	0.6536109464488237	21.312175750732422
0.48963448619729427	0.6540050560374802	21.342175722122192
0.48910742303634414	0.6549865299278561	21.38217568397522
0.5089210140530589	0.650136838744223	21.41217565536499
0.5081827826078394	0.6520749741100411	21.44217562675476
0.5086164147005054	0.6517474211386286	21.482175588607788
0.5082076468304019	0.654306278193201	21.512175798416138
0.5095704719497918	0.6530677726184488	21.542175769805908
0.5498149357385587	0.653653739001292	21.582175731658936
0.5503490825590037	0.6543446890344585	21.612175703048706
0.5507131988350448	0.6547594629946362	21.642175674438477
0.5499920705683987	0.6556204562813359	21.682175636291504
0.551826550767953	0.6560294875426793	21.712175607681274
0.5506798102303625	0.6569279302863371	21.742175579071045
0.5514172600945254	0.6579604869188355	21.78217577934265
0.5474978048099436	0.6574048861605964	21.812175750732422
0.5007309796076801	0.6528337922421421	21.842175722122192
0.49731025679793023	0.6538862816649836	21.88217568397522
0.4950571574703857	0.6534644497434555	21.91217565536499
0.4948228214192255	0.6535554302665153	21.94217562675476
0.4948707108114593	0.6531955582720944	21.982175588607788
0.4945268095207591	0.6542509629593498	22.012175798416138
0.49458151737477457	0.6540994177912276	22.042175769805908
0.49801623528814476	0.6534293237063976	22.082175731658936
0.5463303666168077	0.6478462944610476	22.112175703048706
0.5465849445424101	0.6510317502275177	22.142175674438477
0.5470247617080158	0.653132773210612	22.182175636291504
0.547001742768698	0.6535654974543287	22.212175607681274
0.5467693439012036	0.65300425991978	22.242175579071045
0.5474981835585924	0.6530443529276009	22.28217577934265
0.5471878532679793	0.6531144876584575	22.312175750732422
0.534107049613268	0.644288673413366	22.342175722122192
0.533894625407512	0.6463705291459296	22.38217568397522
0.5358528228580212	0.6473939248516284	22.41217565536499
0.6241709980410566	0.6545594727027262	22.44217562675476
0.6264529291814724	0.6583114348339587	22.482175588607788
0.6266990341604513	0.6600245965851802	22.512175798416138
0.6269934144731095	0.6637244899787419	22.542175769805908
0.6270083056821498	0.664272284703469	22.582175731658936
0.6265589195543582	0.6668202845321183	22.612175703048706
0.6273156213757706	0.6668659958440144	22.642175674438477
0.6264100670257489	0.6670839145280377	22.682175636291504
0.6256332301942329	0.6675376424946028	22.712175607681274
0.6043520114247635	0.6584886677016524	22.742175579071045
0.6034006773907888	0.6594599064591747	22.78217577934265
0.6030669129568476	0.6572271468601969	22.812175750732422
0.6018898995974594	0.6591397441361319	22.842175722122192
0.6026470544478276	0.6594480353216259	22.88217568397522
0.6007451554003502	0.658923250291327	22.91217565536499
0.6089794331799196	0.6568496381874508	22.94217562675476
0.6746254792206504	0.6644611537570021	22.982175588607788
0.6748646266943937	0.665674114294508	23.012175798416138
0.6745400249814308	0.6683693985427375	23.042175769805908
0.6733971603333474	0.6703894895024975	23.082175731658936
0.6724296599143161	0.6725314447830743	23.112175703048706
0.671973988716303	0.6736645353040666	23.142175674438477
0.6711232555680762	0.6743386677203794	23.182175636291504
0.6709935128740201	0.6757177027978585	23.212175607681274
0.6723730531917045	0.6768085273109649	23.242175579071045
0.6939335913544099	0.684228555989073	23.28217577934265
0.6946986463568955	0.6856549523634226	23.312175750732422
0.6942285589759236	0.6881938945345947	23.342175722122192
0.6943066605885775	0.6906893001720373	23.38217568397522
0.6947159043448674	0.6906127902112404	23.41217565536499
0.694225501594178	0.692727738031285	23.44217562675476
0.6932737637897853	0.6938362582290617	23.482175588607788
0.6954686395856066	0.6918308517927129	23.512175798416138
0.7054784632031719	0.6855083128210986	23.542175769805908
0.7042962201768639	0.6876896450752923	23.582175731658936
0.7048466544777526	0.6885484815820938	23.612175703048706
0.7052199241700098	0.6893887186063904	23.642175674438477
0.7025996082112288	0.6884857850632645	23.682175636291504
0.5119997285761738	0.617805211374253	23.742175579071045
0.5107722136998263	0.6095034639986971	23.78217577934265
0.5061230392392717	0.6137346582999504	23.812175750732422
0.5020564529260171	0.6163058456601533	23.842175722122192
0.5015421963344175	0.6228012742530786	23.88217568397522
0.49868541692717155	0.6212623145803934	23.91217565536499
0.4957614863415691	0.6218599703459367	23.94217562675476
0.4920292901427218	0.6220565067772627	23.982175588607788
0.4826719738408817	0.617489414744137	24.012175798416138
0.47932547560111843	0.6157675723109151	24.042175769805908
0.47940040673050743	0.6171717261296827	24.082175731658936
0.48001600609071343	0.6174306475315564	24.112175703048706
0.48046741780278396	0.6163306779507844	24.142175674438477
0.48172624457133034	0.6156360931317705	24.182175636291504
0.4823193538630537	0.6161033870824039	24.212175607681274
0.48567070181078764	0.6147314273045745	24.242175579071045
0.5259269624542522	0.6161960019816475	24.28217577934265
0.526236267085151	0.6187867701044493	24.312175750732422
0.5276110057872109	0.6202611508578882	24.342175722122192
0.5276170394948445	0.6202989924433322	24.38217568397522
0.5281724175001146	0.6212302955982832	24.41217565536499
0.5277307652460647	0.6215798110895545	24.44217562675476
0.5287256534994759	0.6207561857222664	24.482175588607788
0.5306095655138934	0.620529681796354	24.512175798416138
0.5735623917118329	0.6216233537276021	24.542175769805908
0.5722284667187598	0.6204100333513168	24.582175731658936
0.5756499144267275	0.6211439022307923	24.612175703048706
0.5761570392978538	0.6241180216146358	24.642175674438477
0.5761841322020076	0.6254257124496099	24.682175636291504
0.5768032893411239	0.6257157412958736	24.712175607681274
0.5738342801009501	0.6211424820090813	24.742175579071045
0.5691763155137287	0.6211509384732378	24.78217577934265
0.5671278632758234	0.620636394769143	24.812175750732422
0.5669302808179953	0.6216953298801481	24.842175722122192
0.6161716910478103	0.6211242439387494	24.88217568397522
0.6168277749768982	0.62489330225034	24.91217565536499
0.6195907293952851	0.6290881337555415	24.94217562675476
0.6202474997977602	0.6295224598289276	24.982175588607788
0.6192072754743738	0.6301966155093024	25.012175798416138
0.6184188494275147	0.6312474882521933	25.042175769805908
0.61651666773385	0.6358465548825103	25.082175731658936
0.6155568587354742	0.635521340159963	25.112175703048706
0.6041757036879852	0.6258421938361304	25.142175674438477
0.6049757741308461	0.6280847474633469	25.182175636291504
0.603068897538409	0.6306280339856418	25.212175607681274
0.6026455313321228	0.6303680946899543	25.242175579071045
0.6023834839116985	0.6294123455633885	25.28217577934265
0.6034022057977046	0.6302751339937755	25.312175750732422
0.604014512098389	0.6311067134473448	25.342175722122192
0.60344898008444	0.6338597508184938	25.38217568397522
0.6030299686192836	0.631089305942781	25.41217565536499
0.6134530442965962	0.6317290080331001	25.44217562675476
0.6300250535085387	0.6355868602602234	25.482175588607788
0.6290353403799036	0.6372419436674764	25.512175798416138
0.6286831948231851	0.6363004740346436	25.542175769805908
0.6295764227418876	0.6380670287396505	25.582175731658936
0.6275390665269417	0.6389716295539036	25.612175703048706
0.6309494129080991	0.6384702471965303	25.642175674438477
0.6661618059028473	0.639375883158231	25.682175636291504
0.6661267483485602	0.6424514385623581	25.712175607681274
0.6676373863743646	0.6406387238516272	25.742175579071045
0.668419548930325	0.6419958107556826	25.78217577934265
0.6679981676715476	0.6419690114701836	25.812175750732422
0.6690522741958943	0.6409567416453611	25.842175722122192
0.6711248813073268	0.6399809176894705	25.88217568397522
0.6711475419259353	0.6409074208576161	25.91217565536499
0.6704895601637008	0.6399578313911977	25.94217562675476
0.6744968876261358	0.641334852745498	25.982175588607788
0.6846371417197203	0.6425374451948273	26.012175798416138
0.6847720887606464	0.6441645069836075	26.042175769805908
0.6847043728521189	0.6432033016601546	26.082175731658936
0.6838744274890004	0.6464534815799903	26.112175703048706
0.7099577600116065	0.6488650945993505	26.142175674438477
0.7178804239285754	0.649170098487223	26.182175636291504
0.7164360433534105	0.6497670546977377	26.212175607681274
0.7166342239955693	0.6509785930054213	26.242175579071045
0.7164092164459614	0.652356681226313	26.28217577934265
0.7172443589294242	0.6531361174085966	26.312175750732422
0.7172939811687755	0.6546012596451819	26.342175722122192
0.7717555622467358	0.651277481162488	26.38217568397522
0.7863795959908804	0.6545754677215272	26.41217565536499
0.7876548012592668	0.6570807235450221	26.44217562675476
0.7882679290418381	0.657413840832696	26.482175588607788
0.7889140927854291	0.659996481675699	26.512175798416138
0.7880034309262248	0.6594618485288146	26.542175769805908
0.7884422382334021	0.6599154331755587	26.582175731658936
0.7895598963137982	0.6620030829196853	26.612175703048706
0.7900183299428768	0.6616607384440789	26.642175674438477
0.7900782571817415	0.66152140765798	26.682175636291504
0.7897850735605747	0.6619233000916376	26.712175607681274
0.7892429273435573	0.6639247883680169	26.742175579071045
0.7895414605630883	0.6637797721631656	26.78217577934265
0.7883722194221222	0.664900534594498	26.812175750732422
0.7875144010088415	0.665435889911419	26.842175722122192
0.7836717333692891	0.6648161864887421	26.88217568397522
0.7691998863243462	0.657564777156815	26.91217565536499
0.768526232892229	0.6604724875805564	26.94217562675476
0.7679983176135293	0.6611060094499898	26.982175588607788
0.7672976083987832	0.6603358829838539	27.012175798416138
0.7660297598554312	0.6601348455987833	27.042175769805908
0.7664224337085599	0.6598701481028943	27.082175731658936
0.7659882827163093	0.6613477593030186	27.112175703048706
0.7670577631410737	0.6611509536033584	27.142175674438477
0.7692523561621186	0.6601468631943445	27.182175636291504
0.8006639291002863	0.6663244769371043	27.212175607681274
0.8022848269207016	0.6671768103581759	27.242175579071045
0.8027497732505425	0.6643210674378649	27.28217577934265
0.8041793463785634	0.6653077017917807	27.312175750732422
0.8042060880649686	0.6645727004924123	27.342175722122192
0.8038428730320987	0.6651215404832695	27.38217568397522
0.8033567984023481	0.664782032030779	27.41217565536499
0.8030188998062373	0.6668161514563059	27.44217562675476
0.8033784990655995	0.6664908430071843	27.482175588607788
0.8032585825084111	0.6670011283259647	27.512175798416138
0.8019508967584795	0.6652870808086014	27.542175769805908
0.8001531924367251	0.6625515545569506	27.582175731658936
0.8005808423353121	0.662463499384062	27.612175703048706
0.799174423626178	0.6611558030883575	27.642175674438477
0.7983983514777319	0.6615867146192409	27.682175636291504
0.7985173016581057	0.6631668912240204	27.712175607681274
0.7983166362377468	0.6627391386398876	27.742175579071045
0.7979792836218641	0.6624947413384011	27.78217577934265
0.7973160957414437	0.6646128068044249	27.812175750732422
0.7976932901547494	0.6626695296360791	27.842175722122192
0.7968982782047203	0.6604718146247152	27.88217568397522
0.7955940050894993	0.6599210459541024	27.91217565536499
0.7949236335531431	0.6618081648322445	27.94217562675476
0.7939901037696048	0.6611613378103617	27.982175588607788
0.7937610083603615	0.6612750699329336	28.012175798416138
0.7931930542531873	0.6618001100855565	28.042175769805908
0.7937341412545675	0.6621702180760383	28.082175731658936
0.7936120691502907	0.6631963669981686	28.112175703048706
0.7854625589987555	0.6564968376287982	28.142175674438477
0.7845551460550455	0.6569323003859218	28.182175636291504
0.7840606744482815	0.6553067675122715	28.212175607681274
0.7843938729448547	0.6557980001109194	28.242175579071045
0.7853287160442336	0.6564588197812444	28.28217577934265
0.7845127127742517	0.654516135196454	28.312175750732422
0.7853020795669332	0.6561459077348782	28.342175722122192
0.786306759171935	0.655827472843595	28.38217568397522
0.7867434330029973	0.6554155567014234	28.41217565536499
0.7875612507056284	0.6520420684441482	28.44217562675476
0.8023139696936485	0.6517087540589624	28.482175588607788
0.8027226074671305	0.653452429741122	28.512175798416138
0.8033435746154577	0.6519467669093882	28.542175769805908
0.8030778022749507	0.6519814361911958	28.582175731658936
0.8029359104923309	0.6514131333781941	28.612175703048706
0.8019123345736089	0.6530461338173315	28.642175674438477
0.8025291132487627	0.6542130642853812	28.682175636291504
0.8327922022278414	0.6562252093833467	28.712175607681274
0.8584346457111739	0.6600539926971208	28.742175579071045
0.859620184122236	0.6644091853925482	28.78217577934265
0.8601149315468473	0.6703106888309306	28.812175750732422
0.8608727484892396	0.6733612379356577	28.842175722122192
0.8614341508867976	0.6802577804269809	28.88217568397522
0.8617887540082186	0.6849927397534571	28.91217565536499
0.8520177591463614	0.6835779791283396	28.94217562675476
0.8503595064721692	0.6884596905870115	28.982175588607788
0.8499939412271741	0.6902538159845971	29.012175798416138
0.8505406329459009	0.694528838105255	29.042175769805908
0.850867122871287	0.6961299468147759	29.082175731658936
0.8515269982339723	0.6985498301284909	29.112175703048706
0.8527157067911033	0.6996548413563011	29.142175674438477
0.8523956395662573	0.7005505666819681	29.182175636291504
0.85120310443545	0.699466087020113	29.212175607681274
0.8478797408879055	0.6978295826608202	29.242175579071045
0.5132641167726276	0.6059465334285037	29.312175750732422
0.5123437976823259	0.6100885263696738	29.342175722122192
0.5106157880173495	0.6133745086450524	29.38217568397522
0.5097910972471503	0.6125949584138685	29.41217565536499
0.5084610750447365	0.6118788097053691	29.44217562675476
0.5085963166795274	0.6120327714629233	29.482175588607788
0.4918141366021645	0.5910193125103336	29.512175798416138
0.49083197936173445	0.5922455438032636	29.542175769805908
0.49060034405470443	0.5919976879753187	29.582175731658936
0.48976422895324623	0.5928932132089338	29.612175703048706
0.48828439099160864	0.5890074553204003	29.642175674438477
0.48833532943843816	0.5873502501160814	29.682175636291504
0.4879854351012957	0.5828032452046346	29.712175607681274
0.4870871876087361	0.5795211014829724	29.742175579071045
0.4855215403432767	0.5756757719034667	29.78217577934265
0.485456934312957	0.5773063723615269	29.812175750732422
0.48639330324737445	0.5776616225227693	29.842175722122192
0.4899081253657346	0.5792183592899411	29.88217568397522
0.5184855174493973	0.5810249455597175	29.91217565536499
0.5170658329183969	0.583543350464198	29.94217562675476
0.518138990873255	0.5819912772183501	29.982175588607788
0.5167411232660754	0.5844554502149726	30.012175798416138
0.516045426999782	0.5857552102798348	30.042175769805908
0.5166745914338053	0.5863537582548553	30.082175731658936
0.5310498128150926	0.5805265212143126	30.112175703048706
0.5449632403701609	0.5852037627987375	30.142175674438477
0.544745493114637	0.5881426398828842	30.182175636291504
0.5444124058118159	0.5870396839775659	30.212175607681274
0.5447326355124685	0.5879759894961659	30.242175579071045
0.544083039890772	0.5883471863945823	30.28217577934265
0.5795814561423432	0.5905469371338298	30.312175750732422
0.5820099054601217	0.5895916169944488	30.342175722122192
0.5839898899547903	0.5905003629939413	30.38217568397522
0.5843506846951815	0.592615895414141	30.41217565536499
0.5838568795286516	0.5939975131828998	30.44217562675476
0.5835231319795652	0.591578438816594	30.482175588607788
0.584635773126847	0.5924914110909267	30.512175798416138
0.5833605149317442	0.5955901675264985	30.542175769805908
0.5809553862737761	0.5931310513050507	30.582175731658936
0.5770150912502141	0.5917121758881736	30.612175703048706
0.5758876098428006	0.5904900017183105	30.642175674438477
0.5746517590318766	0.5912225869642868	30.682175636291504
0.5753030919454685	0.5917774245985508	30.712175607681274
0.5746000130327842	0.5931115076734632	30.742175579071045
0.6266074209460043	0.5854539296028344	30.78217577934265
0.6436122757131244	0.59447470290731	30.832175731658936
0.6436282943664297	0.5954876677769452	30.85217571258545
0.6416305004618292	0.5966884328978938	30.88217568397522
0.6413247725382596	0.5973329703919538	30.91217565536499
0.6411342158429097	0.5995478062379376	30.94217562675476
0.6398833671289996	0.6018281820782072	30.982175588607788
0.6394942090378503	0.6018744623005811	31.012175798416138
0.6407624886017255	0.5991506160960836	31.042175769805908
0.641296520100936	0.59994294363927	31.082175731658936
0.6275095319508737	0.6001556557183385	31.112175703048706
0.6229304853008605	0.6008717132570424	31.142175674438477
0.6217162311670111	0.6009309753152311	31.182175636291504
0.621930963578002	0.5983675327537774	31.212175607681274
0.6215155335195948	0.5984124927684746	31.242175579071045
0.6219798057412679	0.5974903702018612	31.28217577934265
0.6220783320457932	0.596436310932755	31.312175750732422
0.6408800597364663	0.4641656746015179	31.38217568397522
0.6568999019230509	0.5124809749890634	31.41217565536499
0.651314812786222	0.6287956700097068	31.44217562675476
0.6443491472387957	0.5829665883204482	31.482175588607788
0.644862613271711	0.5959953329758053	31.512175798416138
0.6445644857576653	0.5958166763276598	31.542175769805908
0.7034792759702116	0.5928111196623939	31.582175731658936
0.7106453973948239	0.5962719882341166	31.612175703048706
0.7098279951895778	0.5963478428702108	31.652175664901733
0.709449006901422	0.5988931715015197	31.682175636291504
0.7083594159156238	0.5994106148457167	31.712175607681274
0.7088802153463788	0.5998189778586405	31.742175579071045
0.7090256299374966	0.5989455264105065	31.78217577934265
0.7062908132833563	0.6022908762419902	31.812175750732422
0.7045740219386423	0.6028660064919665	31.842175722122192
0.7043402893437731	0.6028462026025438	31.88217568397522
0.7045048535650635	0.604036366883639	31.91217565536499
0.704800449206212	0.6055001570555679	31.94217562675476
0.7042250717113337	0.6031149087613147	31.982175588607788
0.7043882043755625	0.603747124932509	32.01217579841614
0.7057408752504065	0.6045441095398091	32.04217576980591
0.7348799826404836	0.6148506988461262	32.082175731658936
0.7348301999337582	0.6164910422780453	32.112175703048706
0.7335524157986777	0.6176574379452107	32.14217567443848
0.7337839056806875	0.6188970096761667	32.182175636291504
0.7332968438257416	0.6215420346273822	32.212175607681274
0.7330401963056601	0.6211885191268067	32.242175579071045
0.7336099780065998	0.6232343353729689	32.28217577934265
0.7324956631763836	0.6255659030077774	32.31217575073242
0.735424742950809	0.6238181975601976	32.34217572212219
0.7737350472125932	0.6201766688249846	32.38217568397522
0.7744703213128871	0.621593082269403	32.41217565536499
0.7737245847669847	0.623714972917855	32.44217562675476
0.7753424901355042	0.6255847434350537	32.48217558860779
0.775896262485541	0.6232092959579221	32.51217579841614
0.7749599584127143	0.6240856586611152	32.54217576980591
0.7761837838062486	0.6240115325022142	32.582175731658936
0.7773470335344747	0.6236168641727097	32.612175703048706
0.8199965415224225	0.6274840946891346	32.64217567443848
0.8353564361839704	0.6255336879441388	32.682175636291504
0.8355701700795515	0.6298888554871016	32.712175607681274
0.8357116302575465	0.6304368887762614	32.742175579071045
0.8349720454151308	0.6314204448907383	32.78217577934265
0.8362551293208512	0.6312186436757539	32.81217575073242
0.8353780520366455	0.6313986747585596	32.84217572212219
0.8360072292207523	0.6312558602503292	32.88217568397522
0.8365817669876348	0.6313368713904157	32.91217565536499
0.8499093240175197	0.6305711335575854	32.94217562675476
0.8494369559925826	0.6319407916235983	32.98217558860779
0.8494794791020811	0.6343162839715608	33.01217579841614
0.8496938199317909	0.6347865084015861	33.04217576980591
0.849781056575971	0.6333485098564521	33.082175731658936
0.8505501317118189	0.6346175818944951	33.112175703048706
0.8500279122588897	0.6336320894298351	33.14217567443848
0.8502364912042787	0.6335480209573499	33.182175636291504
0.8504245770442479	0.6360020792599309	33.212175607681274
0.8498854717299342	0.6368154032202895	33.242175579071045
0.8481434771951676	0.6348265701775347	33.28217577934265
0.5272544699287417	0.5660844336413663	33.41217565536499
0.5273077090524761	0.561695599909212	33.44217562675476
0.5236851931255656	0.558768137777407	33.48217558860779
0.5206568411125035	0.5576665882658656	33.51217579841614
0.5205478661119801	0.556384728122653	33.54217576980591
0.5187069052444276	0.556054990762294	33.582175731658936
0.5176948119245086	0.5537723414425453	33.612175703048706
0.516959594796418	0.5548600210597043	33.64217567443848
0.5181802256614005	0.5554794420694495	33.682175636291504
0.5134435440978912	0.552675650973438	33.712175607681274
0.4873439992285644	0.5388897780854536	33.742175579071045
0.4861027867495468	0.5368787993214789	33.78217577934265
0.48580773560366586	0.5365012423112244	33.81217575073242
0.4856466608414559	0.5377457355836018	33.84217572212219
0.48546444573374137	0.5373039203539752	33.88217568397522
0.48559466705903215	0.5375590933802447	33.91217565536499
0.4866066038581906	0.5361492910343555	33.94217562675476
0.48513565224827937	0.5360879535182989	33.98217558860779
0.48487464824484494	0.5364690136686684	34.01217579841614
0.485144002779582	0.5388106979726602	34.04217576980591
0.503180064985338	0.5463379488106139	34.082175731658936
0.5074209904487899	0.5482779771688026	34.112175703048706
0.5076208311030226	0.5491142316596972	34.14217567443848
0.5091841300615471	0.5500995937989845	34.182175636291504
0.5091082527988956	0.5517547153826161	34.212175607681274
0.5094209792263862	0.5515239059266778	34.242175579071045
0.5232826414467844	0.5523677498016945	34.28217577934265
0.5873533922391971	0.5438488845524596	34.31217575073242
0.5886387506286154	0.5461170374229473	34.34217572212219
0.5879411263376486	0.5491788869775587	34.38217568397522
0.5877617247986452	0.5491864908998411	34.41217565536499
0.588589119448412	0.5503990678822637	34.44217562675476
0.5898409420896564	0.5509886498288185	34.48217558860779
0.5907427748533248	0.54951641459469	34.51217579841614
0.5722585782512575	0.5417984586701147	34.54217576980591
0.5707634469384572	0.5438782876637536	34.582175731658936
0.5672214098208167	0.544213682326998	34.612175703048706
0.5669234771365068	0.5423781214496611	34.64217567443848
0.5669876404195257	0.5429079192644809	34.682175636291504
0.5678151576484833	0.545561959507642	34.712175607681274
0.6922422408140053	0.5592600533053066	34.78217577934265
0.6913303701535545	0.5602949506766696	34.81217575073242
0.6914105514423243	0.56262659603696	34.84217572212219
0.6901806065509961	0.5633487017422709	34.88217568397522
0.6895762432204645	0.5662884566587709	34.91217565536499
0.6896750946470055	0.5678974732734392	34.94217562675476
0.6900028857697922	0.5676380664265842	34.98217558860779
0.6883658827808647	0.5637523558481866	35.01217579841614
0.6863459729562481	0.5582427669352611	35.04217576980591
0.6835592950226683	0.5585265870377785	35.082175731658936
0.683990126542126	0.5589521932917415	35.112175703048706
0.6799455462837243	0.5580158190995507	35.14217567443848
0.6518385057434164	0.5534044239108394	35.182175636291504
0.6512990731345057	0.5573078196496402	35.212175607681274
0.6509071162624839	0.5571169553855536	35.242175579071045
0.6511156438695239	0.5566232521749835	35.28217577934265
0.6500546709078517	0.5559564893509833	35.31217575073242
0.6494781513926573	0.5573803110901031	35.34217572212219
0.6504432467241115	0.5582866408000857	35.38217568397522
0.6493676437675947	0.5596129942569625	35.41217565536499
0.6811802702297416	0.5643269541986166	35.44217562675476
0.6951887270913253	0.5641596484016626	35.48217558860779
0.6960299548036124	0.566778720311473	35.51217579841614
0.6961294413038598	0.5673673409940605	35.54217576980591
0.6955534807929322	0.567882696228379	35.582175731658936
0.6965963293324542	0.5695223019621538	35.612175703048706
0.6995358713059898	0.5548114480180639	35.64217567443848
0.6324888878825624	0.5597762252558004	35.682175636291504
0.6302789642135167	0.5617244459790277	35.712175607681274
0.6282178890039704	0.5617908139922246	35.742175579071045
0.6266902168635446	0.5648373690789461	35.78217577934265
0.625323037725334	0.5656303928904808	35.81217575073242
0.6241796259135888	0.5661811817731454	35.84217572212219
0.6243575844051273	0.5629462160711671	35.88217568397522
0.6243770120933095	0.5654686345398565	35.91217565536499
0.6249592739104806	0.5656968223251873	35.94217562675476
0.6675923621762687	0.5656027938226994	35.98217558860779
0.6717819768770993	0.5659077716030823	36.01217579841614
0.6741147449548496	0.566537406271734	36.04217576980591
0.6747602755214186	0.5655302055984931	36.082175731658936
0.6757536394640778	0.5665287776560595	36.112175703048706
0.6764441682157765	0.5679115746966988	36.14217567443848
0.6755277241754019	0.569380455616618	36.182175636291504
0.7194076614738457	0.5629938050261798	36.212175607681274
0.732030217780358	0.5669729754954185	36.242175579071045
0.7324205059568462	0.5693523603437164	36.28217577934265
0.7328370849526373	0.5702574659761755	36.31217575073242
0.7329376072279603	0.5700571454634911	36.34217572212219
0.7319632680017377	0.5727827989974797	36.38217568397522
0.7319222130209596	0.5702153431341735	36.41217565536499
0.7323743983222499	0.5703500997119532	36.44217562675476
0.7321689062092672	0.5714433657143604	36.48217558860779
0.7641080818102929	0.5760721487542484	36.51217579841614
0.7757910662242657	0.573316248962962	36.54217576980591
0.7758123812861424	0.5770008770928033	36.582175731658936
0.7760576983768199	0.5757347015988622	36.612175703048706
0.7753868556824456	0.576583955683334	36.64217567443848
0.7754140111186939	0.5783921830698695	36.682175636291504
0.7762088680954506	0.57814414310052	36.712175607681274
0.799478360375214	0.5767769180006312	36.742175579071045
0.8045134400256446	0.5772745153109781	36.78217577934265
0.8046183782142627	0.5801654497468293	36.81217575073242
0.8049830472492826	0.5794243589522733	36.84217572212219
0.8053458165960504	0.5832736953859328	36.88217568397522
0.8462808739307883	0.5714424342366036	36.91217565536499
0.8382914312585014	0.5827071989910433	36.95217561721802
0.8400921374410045	0.5848561864319571	36.98217558860779
0.8393556129774554	0.586195662136792	37.01217579841614
0.8401315197109399	0.5843178785716477	37.04217576980591
0.8399719869234006	0.5869395074258511	37.082175731658936
0.839545534944395	0.5856845329470661	37.112175703048706
0.8389606542534744	0.5860855560262473	37.14217567443848
0.8553440909322586	0.5876004428236494	37.182175636291504
0.8587461034991887	0.5887739013839959	37.22217559814453
0.8600696074829215	0.5907407628328013	37.242175579071045
0.860713708639949	0.5908216354167544	37.28217577934265
0.8607667811455719	0.589742153099575	37.31217575073242
0.8611888666625979	0.5903277058414648	37.34217572212219
0.5185680488236832	0.5070835179496339	37.44217562675476
0.5152744821498553	0.5101525820016478	37.48217558860779
0.513568265927755	0.5111796960368163	37.51217579841614
0.5123123450468355	0.512385589261399	37.54217576980591
0.5120049673888637	0.5136540739029671	37.582175731658936
0.496798687103	0.49800804631728285	37.612175703048706
0.4957226831616191	0.4994623360076022	37.64217567443848
0.49443125852984005	0.49918480750814953	37.682175636291504
0.4948310087926878	0.49775780985671375	37.712175607681274
0.49447084125824303	0.49718124168060907	37.742175579071045
0.49731867640196237	0.49562210128549194	37.78217577934265
0.5397078685820133	0.49782240792941856	37.81217575073242
0.5395767718256093	0.498871921766553	37.84217572212219
0.5401254989386256	0.4981556781036665	37.88217568397522
0.5406478517229291	0.500998042090288	37.91217565536499
0.5403998431791498	0.501314218454875	37.94217562675476
0.5402825951375669	0.5013435223554398	37.98217558860779
0.540957711336859	0.49964469799052214	38.01217579841614
0.5411083487125301	0.4991442083143484	38.04217576980591
0.5397309583461041	0.5021145083788044	38.082175731658936
0.539569806563997	0.5008718593008066	38.112175703048706
0.627567949886775	0.5058478128001453	38.182175636291504
0.6259885303176803	0.5102622086442784	38.212175607681274
0.6266469624583111	0.5092373441177013	38.242175579071045
0.6254831644230464	0.5100463580480393	38.28217577934265
0.6244482983121751	0.5112913028079762	38.31217575073242
0.6198886100399261	0.5088206285501461	38.34217572212219
0.6082868720570669	0.5074334062999394	38.38217568397522
0.6070526964378444	0.5082032322216853	38.41217565536499
0.6043701267980262	0.5086739004796881	38.44217562675476
0.6047349243271724	0.5079221993961412	38.48217558860779
0.6033998698418679	0.508556821198705	38.51217579841614
0.6058658914505736	0.5078049084984083	38.54217576980591
0.6061059150889148	0.5112700889511207	38.582175731658936
0.6054309817091247	0.5112581836735435	38.612175703048706
0.6029801601770663	0.5127830509708231	38.64217567443848
0.6024625772275451	0.5142966589354714	38.682175636291504
0.6246799277159429	0.5186945529191045	38.712175607681274
0.634124588577244	0.5190754118892772	38.742175579071045
0.6338622555855467	0.5211873127863181	38.78217577934265
0.6329174675503167	0.5217768354553108	38.81217575073242
0.632433472735826	0.5225751065318142	38.84217572212219
0.6330407775024324	0.5224797675197502	38.88217568397522
0.6444241417656119	0.5212939035489421	38.91217565536499
0.6575045717759459	0.5178047907994964	38.94217562675476
0.6569543791676697	0.5194335448610597	38.98217558860779
0.6575026476732773	0.5219565663584723	39.01217579841614
0.658364513193716	0.5218738351563824	39.04217576980591
0.6588388761099789	0.5213223030004954	39.082175731658936
0.6589739588385162	0.5217552856963875	39.112175703048706
0.6597017979420726	0.5230913725008602	39.14217567443848
0.6593854930537802	0.5224975899138634	39.182175636291504
0.659824865136023	0.5228953525995403	39.212175607681274
0.6626625776594972	0.5198513554064366	39.242175579071045
0.6638948111056254	0.5195952012488082	39.28217577934265
0.6644534279237504	0.5208368055709962	39.31217575073242
0.677811079472924	0.5221937751712318	39.34217572212219
0.7035092037491096	0.5216419619851396	39.38217568397522
0.7028093590061747	0.5229146214503947	39.41217565536499
0.7022303795627861	0.5261619525393206	39.44217562675476
0.7012435976163394	0.5258058984219734	39.48217558860779
0.7013995154303302	0.5284547824320378	39.51217579841614
0.7011474769175321	0.5292915839254879	39.54217576980591
0.700273326582289	0.5304017361071026	39.582175731658936
0.699408411493095	0.5307139432850181	39.612175703048706
0.6984661757899724	0.5309510099377647	39.64217567443848
0.6961658691668228	0.5335214065378074	39.682175636291504
0.6959144293047682	0.5339400833610989	39.712175607681274
0.6939173228837535	0.5332714677095765	39.742175579071045
0.6933735699990508	0.5357224380694069	39.78217577934265
0.6939644374471581	0.5353270030374417	39.81217575073242
0.693608705628826	0.5353232370052493	39.84217572212219
0.6949560230894504	0.5361443073962783	39.88217568397522
0.7101884130340236	0.5364864627156283	39.91217565536499
0.7087474361684593	0.5363284057667442	39.94217562675476
0.7081123188826108	0.5366575209009304	39.98217558860779
0.71019310353354	0.5357292280944339	40.01217579841614
0.7382318166477727	0.5335957148982747	40.04217576980591
0.7374621009676993	0.5355416208066839	40.082175731658936
0.7374438986122782	0.5346328014842746	40.112175703048706
0.7375785745165985	0.5336331609310199	40.14217567443848
0.738819530776257	0.5359451956636945	40.182175636291504
0.7388268838442466	0.5352350467453745	40.212175607681274
0.7399647166827107	0.5346448583045252	40.242175579071045
0.7897093601719535	0.5414652582163232	40.28217577934265
0.7890363416028057	0.5413742251186182	40.31217575073242
0.7888912209194916	0.5425507855037304	40.34217572212219
0.789053621196249	0.5422605935086515	40.38217568397522
0.7888755456567662	0.544301095824115	40.41217565536499
0.7892092909175729	0.5452488558896892	40.44217562675476
0.7884397239403166	0.5453104468162863	40.48217558860779
0.7844447392478374	0.5408066138985577	40.51217579841614
0.7821133400839648	0.5400445861081915	40.54217576980591
0.7830471025684197	0.5398696782732167	40.582175731658936
0.8190991161038679	0.5449822296011305	40.612175703048706
0.8199006510557242	0.5466653711086745	40.64217567443848
0.8209455427533823	0.5465885944275202	40.682175636291504
0.8216564371989028	0.5477061761093852	40.712175607681274
0.8217479732485808	0.5490673708824136	40.742175579071045
0.8220136605955245	0.5499121916955007	40.78217577934265
0.8214031040711831	0.5499016523476482	40.81217575073242
0.8214282434243114	0.5514374426262039	40.84217572212219
0.823616340536387	0.5490299150348034	40.88217568397522
0.8603436953010424	0.5488415488542873	40.91217565536499
0.859838983223116	0.5517494431994688	40.94217562675476
0.8587074706554065	0.5521674619314535	40.98217558860779
0.8587347209792705	0.5512561724139926	41.01217579841614
0.8587671657084806	0.554055417191164	41.04217576980591
0.8588578681610504	0.5554955010337018	41.082175731658936
0.85922443915316	0.5551094744003052	41.112175703048706
0.48993204711921756	0.47041696894666807	41.182175636291504
0.48924032571505466	0.47593575214365036	41.212175607681274
0.48841887451272376	0.4775239518759412	41.242175579071045
0.4872900370640858	0.47928043168635437	41.28217577934265
0.48792891187285936	0.48045085868787935	41.31217575073242
0.48718111915478285	0.4830413410623182	41.34217572212219
0.4790944523560424	0.4639263383187178	41.38217568397522
0.4777937458093618	0.4610249747982395	41.41217565536499
0.4763614318791899	0.4575554811497292	41.44217562675476
0.4766587079011489	0.4586407289605628	41.48217558860779
0.49014751996963785	0.4171558747796276	41.51217579841614
0.4964124630586545	0.412847923450294	41.54217576980591
0.4960151853589957	0.4112429230474137	41.582175731658936
0.4958771591031838	0.4110699685541788	41.612175703048706
0.4961439676019971	0.41091148082640405	41.64217567443848
0.49693708689098937	0.41149810392188346	41.682175636291504
0.49787881572394993	0.4132945156049874	41.712175607681274
0.4974532034672383	0.41506516672279153	41.742175579071045
0.4945588230812654	0.4181306285951063	41.78217577934265
0.4958453081055411	0.4205039723394253	41.81217575073242
0.4965024078646783	0.42002736932034124	41.84217572212219
0.49662305692772973	0.4185491348057786	41.88217568397522
0.4990850661411073	0.4179656164227924	41.91217565536499
0.5457829200192029	0.4243502097606921	41.94217562675476
0.5441512652325716	0.4238501330201384	41.98217558860779
0.5460057360770273	0.4237524995470577	42.01217579841614
0.547033190629185	0.4249089266670538	42.04217576980591
0.547852591304001	0.4254651514650925	42.082175731658936
0.5487398521851928	0.426325032163917	42.112175703048706
0.5486432222851582	0.428797560967066	42.14217567443848
0.549869920274258	0.42708328349330754	42.182175636291504
0.5510041450167412	0.42587800582241575	42.212175607681274
0.5731980856250967	0.4248146867793443	42.242175579071045
0.5725433420947847	0.42710064635357486	42.28217577934265
0.5726483231390449	0.42588104173346925	42.31217575073242
0.582635269999887	0.4261889021734486	42.34217572212219
0.6222513410672916	0.423990638138445	42.41217565536499
0.6218561719081213	0.4255772358889403	42.45217561721802
0.6214329000253218	0.42418495593985095	42.48217558860779
0.6198064228043413	0.42448844299818267	42.51217579841614
0.6196779803408086	0.42557343273556847	42.54217576980591
0.6182432635810028	0.4280673810643761	42.582175731658936
0.6088719052168733	0.42521288973096233	42.612175703048706
0.5926885811522398	0.4204756101258958	42.64217567443848
0.5925729988469798	0.4235430582321044	42.682175636291504
0.5921135614493547	0.42409938707530254	42.712175607681274
0.5924623392297039	0.42498358492559707	42.742175579071045
0.5917372339858584	0.4260705612618726	42.78217577934265
0.5941797656932911	0.42546761174226866	42.81217575073242
0.7172074723366761	0.4289655981870123	42.84217572212219
0.723448890742998	0.4318587198790047	42.88217568397522
0.722508387232273	0.4345584882786742	42.932175636291504
0.7222361140744572	0.43592183813920227	42.95217561721802
0.7229872730369381	0.4367821598653997	42.98217558860779
0.7231530529498822	0.4383308098392199	43.01217579841614
0.7233904354802438	0.43968868344225964	43.04217576980591
0.7231127229532015	0.43929486579682864	43.082175731658936
0.7064638825276282	0.43875983142828606	43.112175703048706
0.7073472734341694	0.4387812888385896	43.14217567443848
0.7071972199446366	0.43980413129760654	43.182175636291504
0.707102685134476	0.4396923483595787	43.212175607681274
0.6810423232076582	0.43653501397675765	43.242175579071045
0.6804813933033796	0.4376784234974184	43.29217576980591
0.6805622379038886	0.43705850563200616	43.31217575073242
0.6789620485343548	0.4396371476921332	43.34217572212219
0.6777249904173729	0.4406059423553935	43.38217568397522
0.6767328457051889	0.44102424459595924	43.41217565536499
0.6772213241523044	0.4435004856601195	43.44217562675476
0.6759541576833842	0.4440579881395203	43.48217558860779
0.6753430183606062	0.44353068862421663	43.51217579841614
0.6744186306485325	0.4449585699411211	43.54217576980591
0.6757057711268364	0.4449739130341106	43.582175731658936
0.7559049552944367	0.43989305709092347	43.612175703048706
0.7601122495656463	0.44265800830204444	43.64217567443848
0.7617061166578097	0.44335658767708025	43.682175636291504
0.7623009383149683	0.4436012863208574	43.712175607681274
0.762783156398232	0.4442907018253298	43.742175579071045
0.7635868585325332	0.4466533225909671	43.78217577934265
0.7629423808427743	0.4472128873703151	43.81217575073242
0.7632706060024959	0.4476091648206069	43.84217572212219
0.7640847945903477	0.44736407823109103	43.88217568397522
0.7646437941786485	0.4479368752032189	43.91217565536499
0.7817170226379521	0.4480217752878232	43.94217562675476
0.7960694541290385	0.4481449929654273	43.992175579071045
0.7962298915820033	0.4516106862371033	44.01217579841614
0.7967595162091359	0.4519399757318756	44.04217576980591
0.7974377078107455	0.4520536971415696	44.082175731658936
0.7966686059721653	0.45202739278779663	44.112175703048706
0.7981067448305416	0.45452325266789667	44.14217567443848
0.7836564673185783	0.45509798447329736	44.182175636291504
0.7624746461103121	0.4557578993061281	44.212175607681274
0.7618868266086515	0.45595109303373693	44.242175579071045
0.7603459352792314	0.4582374906295758	44.28217577934265
0.7592848928957633	0.45550572244433424	44.31217575073242
0.7580684289103542	0.457340284910226	44.34217572212219
0.8039183569495234	0.46014921965805494	44.54217576980591
0.7687156758831877	0.41904415767509035	44.582175731658936
0.8017805857200803	0.4542265567055605	44.612175703048706
0.8012114359751502	0.45510951846043873	44.64217567443848
0.8017830932013084	0.4555485380733245	44.682175636291504
0.8016012335539436	0.4570798386845872	44.712175607681274
0.8131858323126828	0.45956088970826114	44.742175579071045
0.813413284070909	0.4559438869317296	44.78217577934265
0.8129304077130517	0.4580066346713708	44.81217575073242
0.8134863296331765	0.4579660557843315	44.84217572212219
0.8147185914400535	0.45830717012843747	44.88217568397522
0.8149522447257497	0.4582760885233303	44.91217565536499
0.8153964246278457	0.45975463812433237	44.94217562675476
0.7862020860333094	0.44756788906406203	44.98217558860779
0.784830907889263	0.44621795518038426	45.01217579841614
0.7836303552108465	0.44833370826633917	45.082175731658936
0.7832728943087142	0.44953717740378324	45.09217572212219
0.7826603657758728	0.4503277474675656	45.112175703048706
0.7820929990649934	0.44930849666890205	45.14217567443848
0.7827873022365053	0.44778971635743015	45.182175636291504
0.7823535564954158	0.44800774007101407	45.212175607681274
0.7828525354913357	0.4479373128423845	45.242175579071045
0.8000213274242318	0.45365720660468745	45.28217577934265
0.81126478366103	0.436969752992557	45.31217575073242
0.8152653676106623	0.4447279551170508	45.34217572212219
0.8145040165460747	0.44606986713728725	45.38217568397522
0.8137078406196635	0.44613881050374277	45.41217565536499
0.8135280710726712	0.44827708731633714	45.44217562675476
0.8137532523694044	0.4497869503833858	45.48217558860779
0.8150263601783648	0.4516911708096704	45.51217579841614
0.8381912663492184	0.4561951139496328	45.54217576980591
0.8369863272905196	0.4610695548982249	45.582175731658936
0.8379912750944106	0.46205443506296134	45.612175703048706
0.838715041421768	0.45900827376474146	45.64217567443848
0.8380618390329958	0.45993907658944055	45.682175636291504
0.8384827452400261	0.46031926886407504	45.712175607681274
0.8362528220190244	0.46273659768998415	45.742175579071045
0.8192927230153602	0.454682993504346	45.78217577934265
0.8211168704034144	0.4606798771298566	45.81217575073242
0.8195695042005183	0.4616221200062642	45.84217572212219
0.8196933393604456	0.4601386464578426	45.88217568397522
0.8205175324650633	0.45922686704180415	45.91217565536499
0.8214836970247816	0.4584816084734119	45.94217562675476
0.8214931057684854	0.4606555037959655	45.98217558860779
0.8217946217323003	0.4594048669721375	46.01217579841614
0.8215265366696468	0.4611067166235541	46.04217576980591
0.8217366299356332	0.46490477830995225	46.082175731658936
0.8397016375741368	0.46330760979273533	46.112175703048706
0.840379433129401	0.4645374399516895	46.14217567443848
0.8401530020875638	0.4660771358393118	46.182175636291504
0.8396790331657071	0.46797467349199445	46.212175607681274
0.8390925655211725	0.46654543237264423	46.242175579071045
0.8525313268067574	0.4504842273804656	46.28217577934265
0.8492643088146586	0.4608704386369774	46.31217575073242
0.8495002787933915	0.46334609580675223	46.35217571258545
0.8626143095934452	0.46943984932494787	46.38217568397522
0.862080004334799	0.4712096627094873	46.42217564582825
0.8615422370603715	0.47147117822898915	46.44217562675476
0.8624990721522592	0.4731034771362769	46.48217558860779
0.8637978259197487	0.4722466288682083	46.51217579841614
0.8636737308502558	0.4728167958090887	46.54217576980591
0.8589491447386446	0.46457541505238364	46.582175731658936
0.8580299727084842	0.4630410057878935	46.612175703048706
0.8574033619566509	0.46225462364260556	46.64217567443848
0.4990413623894763	0.3938787796094711	46.712175607681274
0.49480184609139033	0.3972297324114989	46.742175579071045
0.4932693864271096	0.39859369670564126	46.78217577934265
0.4916409347524549	0.40043370350775265	46.81217575073242
0.4893563212574365	0.40078820388456743	46.84217572212219
0.48887802664540597	0.4017688800570729	46.88217568397522
0.48831691782355313	0.40377152893569307	46.91217565536499
0.4855579440937137	0.3940144854862748	46.94217562675476
0.48476955910831965	0.3926776269307248	46.98217558860779
0.4849458782607383	0.39186523878546065	47.01217579841614
0.4851661571934276	0.39372930622146673	47.04217576980591
0.48591953297383883	0.39301329420900766	47.082175731658936
0.4871061748838898	0.39360073364876896	47.112175703048706
0.48874231385401307	0.3929934002576272	47.14217567443848
0.5377751997014625	0.38873497305850224	47.182175636291504
0.540285426992154	0.39026491533058205	47.212175607681274
0.5408977314728395	0.3905068168709239	47.242175579071045
0.5405236377508864	0.39008512991807	47.28217577934265
0.5418816799214319	0.3906927545797372	47.31217575073242
0.5422301717617467	0.3918570750077882	47.34217572212219
0.5435114464696165	0.39339657435872966	47.38217568397522
0.5441773017338768	0.3931176973095998	47.41217565536499
0.5444813100165067	0.39221910439833624	47.44217562675476
0.5446397621538012	0.3917914354277597	47.48217558860779
0.5454945476687988	0.3946798788974643	47.51217579841614
0.5463336096485817	0.3954209284796455	47.54217576980591
0.5490071362132616	0.3955291262588074	47.582175731658936
0.5784725211737939	0.39347975529625806	47.612175703048706
0.578094588767735	0.39285656346928644	47.64217567443848
0.5787383127142354	0.39432538486756386	47.682175636291504
0.5787329070087731	0.3939300711805485	47.712175607681274
0.5780420200148791	0.3956104082267491	47.742175579071045
0.5793609889389574	0.39515666460866655	47.78217577934265
0.5775159620489542	0.39552814410123316	47.81217575073242
0.5768223955080999	0.39389119584559834	47.84217572212219
0.5766785120925078	0.39647536708362024	47.88217568397522
0.5771171876371758	0.3962426311493303	47.91217565536499
0.572427237234072	0.3921196684628951	47.94217562675476
0.5628508758129179	0.3871741424006708	47.98217558860779
0.5612954302196295	0.3881422875635607	48.01217579841614
0.5614999499633069	0.387739470556296	48.04217576980591
0.5364364420852299	0.38604756672055196	48.082175731658936
0.5371259912174616	0.3924579255893897	48.112175703048706
0.5366989894114583	0.3962034025995902	48.14217567443848
0.5353957684020264	0.3941725897223297	48.182175636291504
0.5349003435831324	0.39716148271389135	48.212175607681274
0.5346596765214624	0.3989557570794716	48.242175579071045
0.5341673829359854	0.39580004354607085	48.28217577934265
0.5363393976941209	0.39443812106760123	48.31217575073242
0.6031070311785633	0.38131799525166454	48.34217572212219
0.6461467355763266	0.3892378931816889	48.38217568397522
0.6464674609898058	0.3881757374895418	48.41217565536499
0.6479841785671372	0.3886731428985827	48.45217561721802
0.6489010262594173	0.38979883015088873	48.48217558860779
0.6488627368895699	0.3919129961420124	48.51217579841614
0.6490898042969728	0.39043626393853187	48.552175760269165
0.648203658257464	0.39177730888235535	48.582175731658936
0.6479911652120469	0.39246347378537255	48.612175703048706
0.6485021969903775	0.3914620508964531	48.65217566490173
0.6480303581425348	0.390314807039891	48.682175636291504
0.6490139324505517	0.39092475243369706	48.712175607681274
0.7220745402510645	0.39060615796394893	48.7521755695343
0.7219039622896852	0.39946041043920283	48.78217577934265
0.7208849712767953	0.3995102463470667	48.82217574119568
0.7199980980942075	0.40345812863082786	48.85217571258545
0.7198579034902274	0.40047018269986207	48.88217568397522
0.7188094633502403	0.40433273173494816	48.91217565536499
0.7175032549628174	0.40613382438026774	48.95217561721802
0.7158333212892444	0.4063449516153374	48.98217558860779
0.7007387902696792	0.4051190218985966	49.01217579841614
0.7001929660997069	0.4055076882322083	49.052175760269165
0.6993183811177379	0.40562096778678575	49.082175731658936
0.7001053436175347	0.4071328404710662	49.112175703048706
0.6993909910177821	0.4074634659044838	49.15217566490173
0.6991885067280487	0.40743264114344335	49.182175636291504
0.6990973463911183	0.40949439278076266	49.212175607681274
0.6995456789660806	0.4082868053205409	49.2521755695343
0.727730163300902	0.4094388167775681	49.28217577934265
0.7652913742665131	0.4068340556452481	49.31217575073242
0.7658811885041912	0.40699347345013487	49.35217571258545
0.7666457613449498	0.4107762379002624	49.38217568397522
0.7670078076384023	0.4111982509171043	49.41217565536499
0.766329525623066	0.41188899515439664	49.45217561721802
0.7670283828042971	0.41155681692291307	49.48217558860779
0.7677455147890181	0.41195835567882727	49.51217579841614
0.7529140944270145	0.4066107612169296	49.552175760269165
0.7494926659649596	0.407328124312618	49.582175731658936
0.7490018283246838	0.4077819427494139	49.612175703048706
0.7485865974441134	0.4057462356944523	49.65217566490173
0.748418879902403	0.40668115267152577	49.682175636291504
0.7490837508313036	0.40638230069775116	49.712175607681274
0.7493356991617813	0.4068116006881858	49.7521755695343
