COORDENADA X	 COORDENADA Y	 TEMPO
0.6674182066994574	0.27780548885242773	-46.334744691848755
0.6633140968498934	0.28704632870579505	-46.29474472999573
0.6586047848303834	0.301275054771225	-46.26474475860596
0.655272997303601	0.2742476212801356	-46.23474478721619
0.6324913693705999	0.2798245105482269	-46.19474458694458
0.6296709544492126	0.2926429892923734	-46.16474461555481
0.6157895393138423	0.28447174069699394	-46.13474464416504
0.6167210944052691	0.27512103147434397	-46.09474468231201
0.5269314831886439	0.37849537360039326	-46.06474471092224
0.48011959673686	0.39082605375220925	-46.03474473953247
0.4969138704481347	0.3983652982216058	-45.99474477767944
0.48950872072172047	0.47326543240208896	-45.964744567871094
0.47838646958218406	0.5636687525037405	-45.894744634628296
0.4584194965873304	0.5711012592471144	-45.864744663238525
0.4490913507419369	0.569260005738032	-45.834744691848755
0.44171018927695554	0.5771547024946551	-45.79474472999573
0.4330269943116747	0.583971898682035	-45.76474475860596
0.43081646309021115	0.5738951780499679	-45.73474478721619
0.41341689498893625	0.27138269759747413	-45.69474458694458
0.41689767601613664	0.257912676419914	-45.66474461555481
0.41106064080655014	0.25804943448495465	-45.63474464416504
0.428214581600658	0.2737049353084654	-45.59474468231201
0.42658756836084566	0.24826105156035982	-45.56474471092224
0.4262933246748407	0.26722121375445745	-45.53474473953247
0.43161319136481474	0.285092152220111	-45.49474477767944
0.4468216294013584	0.2652552239544752	-45.464744567871094
0.44006215929191955	0.29506010392725535	-45.43474459648132
0.448948987156487	0.32299522199555286	-45.394744634628296
0.8102530697277397	0.14687899721301634	-45.364744663238525
0.8100133240854712	0.1483801981744011	-45.334744691848755
0.8109547393710465	0.1503057051471118	-45.29474472999573
0.8118918255589492	0.1531163548336699	-45.26474475860596
0.4368547587356588	0.27628784545334123	-45.23474478721619
0.4373646306085528	0.2769731280870153	-45.19474458694458
0.4374545028588764	0.27774099795983953	-45.16474461555481
0.44012154323131064	0.2812412739955021	-45.13474464416504
0.4417906384431599	0.28268622033201135	-45.09474468231201
0.4455625512778812	0.316112071389989	-45.06474471092224
0.44846447238973797	0.35176086109426624	-45.03474473953247
0.44325052648575236	0.3444547910530628	-44.99474477767944
0.4379924773876819	0.3432277443709867	-44.964744567871094
0.4424112465140787	0.351202774276955	-44.93474459648132
0.44243739653735187	0.3532465803964853	-44.894744634628296
0.4418504869167732	0.3599231078146967	-44.864744663238525
0.4387771735638591	0.35859951313227395	-44.834744691848755
0.44023389282882236	0.36434440117860706	-44.79474472999573
0.5619648346287985	0.7214469589233599	-44.69474458694458
0.6244623146718739	0.8154369214570671	-44.66474461555481
0.6073293490693599	0.8324829874325925	-44.63474464416504
0.5940459979573587	0.8386061987439815	-44.59474468231201
0.5878362259479989	0.8371152562153995	-44.56474471092224
0.8370770810025568	0.36469849402502996	-44.53474473953247
0.5063693800162243	0.9165304055688668	-44.49474477767944
0.49283715396376504	0.9179931661549072	-44.464744567871094
0.49180410079403547	0.8981547861984743	-44.43474459648132
0.48285375616970555	0.9034206428588742	-44.394744634628296
0.4783353962826438	0.8875840990295014	-44.364744663238525
0.4747680552615613	0.8923418566465512	-44.334744691848755
0.4687417490964032	0.8814084443936784	-44.29474472999573
0.44591253687378524	0.7955892809074664	-44.26474475860596
0.44239875758477665	0.7888610368918336	-44.23474478721619
0.4332531253339454	0.7802843149300598	-44.19474458694458
0.4311118488333636	0.7809585288291442	-44.16474461555481
0.49398938755345273	0.7805718396685327	-44.13474464416504
0.49483262091035074	0.7812082769936974	-44.09474468231201
0.4938129813099087	0.788174583710413	-44.06474471092224
0.49106958249730925	0.7894566016035358	-44.03474473953247
0.48939514994040983	0.7918941854301551	-43.99474477767944
0.48956314196434575	0.7910251150517414	-43.964744567871094
0.49090143565810357	0.7973184139434951	-43.93474459648132
0.4937454469246869	0.7900593992079944	-43.894744634628296
0.4918942864392758	0.7979198601420524	-43.864744663238525
0.49307426407156024	0.7941253402147154	-43.834744691848755
0.4934003670508134	0.7935727489043936	-43.79474472999573
0.4926195337150387	0.7932706661659508	-43.76474475860596
0.4914420527529625	0.7945566925019604	-43.73474478721619
0.5282740170451249	0.8039920843287555	-43.69474458694458
0.5211332471924485	0.818704768782147	-43.66474461555481
0.5205709197291336	0.8003987996291357	-43.63474464416504
0.5250488730223072	0.7986937737983666	-43.59474468231201
0.5782763230007858	0.7821935339399786	-43.56474471092224
0.45717001970998666	0.5654301520475244	-43.53474473953247
0.5844511963291908	0.8019792838709892	-43.464744567871094
0.5705719124905373	0.806171212725947	-43.43474459648132
0.5598843796183403	0.8064735456958344	-43.394744634628296
0.5556324177575173	0.806239145859175	-43.364744663238525
0.5562364196093363	0.7998919619616909	-43.334744691848755
0.5523879897037103	0.8041774661061181	-43.29474472999573
0.5996764057681078	0.7997084255757861	-43.26474475860596
0.5889170674948544	0.8084038692078086	-43.23474478721619
0.5864134694072302	0.810025889859984	-43.19474458694458
0.5845443357925542	0.8088821391292742	-43.16474461555481
0.5830222086371196	0.8087190551943915	-43.13474464416504
0.5816453129364876	0.81232679659822	-43.09474468231201
0.5806585005491831	0.8114463251022269	-43.06474471092224
0.5788086015826273	0.8147458062357632	-43.03474473953247
0.5771604846928075	0.8166895226247748	-42.99474477767944
0.5746377482793094	0.8114538024204409	-42.964744567871094
0.5730238112451491	0.8134408904304475	-42.93474459648132
0.5725061931657518	0.8142204958062134	-42.894744634628296
0.5708206537318539	0.8132971388590209	-42.864744663238525
0.6192605930434932	0.8117628195671394	-42.834744691848755
0.6206918112651268	0.8094000322778862	-42.79474472999573
0.6190428970818767	0.8134549211484305	-42.76474475860596
0.6190430083233277	0.8135170939320847	-42.73474478721619
0.6200052166889285	0.8119227167812353	-42.69474458694458
0.6793658104421207	0.8054129688017149	-42.66474461555481
0.6820730209927314	0.8086159278734184	-42.63474464416504
0.6790005292815688	0.8111192580840169	-42.59474468231201
0.6767933125159873	0.8162453176394989	-42.56474471092224
0.6761244872237416	0.817171914311715	-42.53474473953247
0.6756711365838509	0.8174673175959688	-42.49474477767944
0.6737993174912736	0.8166959933945583	-42.464744567871094
0.6715672758521706	0.8148285925078068	-42.43474459648132
0.6703323926007165	0.81604930326013	-42.394744634628296
0.703713993711527	0.8164787282139344	-42.364744663238525
0.703089520815719	0.8244152307238046	-42.334744691848755
0.7009936306673304	0.8231848369016428	-42.29474472999573
0.7026347827728158	0.8153848599551374	-42.26474475860596
0.704112040435271	0.8128410258315798	-42.23474478721619
0.7043583457370768	0.8114595922921217	-42.19474458694458
0.7049341987519604	0.8126529630254475	-42.16474461555481
0.7042735171061719	0.8105101630478043	-42.13474464416504
0.6839418663415446	0.8037705834710247	-42.09474468231201
0.682293799962125	0.8052338957109461	-42.06474471092224
0.6817114019174032	0.8031397300331853	-42.03474473953247
0.683222916868859	0.8037732543685714	-41.99474477767944
0.6846185737191308	0.8034320339336121	-41.964744567871094
0.6841845384118159	0.8028400365107823	-41.93474459648132
0.6814914379642211	0.8023535328765042	-41.894744634628296
0.7539209173271981	0.8036570434731659	-41.864744663238525
0.7460371337194763	0.8063293265540956	-41.8247447013855
0.7439572130356918	0.8100436681401352	-41.79474472999573
0.7433069361234073	0.8144642124531236	-41.76474475860596
0.743898981923422	0.8133915225434136	-41.73474478721619
0.743379599233656	0.8133647939392831	-41.69474458694458
0.7433589627695075	0.8144077605038093	-41.66474461555481
0.743329759632779	0.8127104307129924	-41.63474464416504
0.7423010917419601	0.8117696048274725	-41.59474468231201
0.7429503265513487	0.8115713368269628	-41.56474471092224
0.7410600526326576	0.8110101343267747	-41.53474473953247
0.7420545301271774	0.81224343578863	-41.49474477767944
0.793111849753809	0.8016860649482747	-41.464744567871094
0.7947379658441754	0.8023279266782094	-41.43474459648132
0.7940520906239658	0.8043047815208556	-41.394744634628296
0.795029137476865	0.802765028726929	-41.364744663238525
0.7942156266525516	0.8037136378142368	-41.334744691848755
0.794493817256594	0.8036539149050811	-41.29474472999573
0.793261442827789	0.8046387680152903	-41.26474475860596
0.6960420390820443	0.7762045848006464	-41.23474478721619
0.692225078381015	0.781773855961909	-41.19474458694458
0.6909580703640164	0.7848121908754634	-41.16474461555481
0.689457222073409	0.7861282312297336	-41.13474464416504
0.6885612179349931	0.789475911906096	-41.09474468231201
0.6875680630646555	0.7899276779911891	-41.06474471092224
0.6845177097704088	0.7904792915933742	-41.03474473953247
0.4763952515490224	0.6772538508389269	-40.99474477767944
0.47281145937671876	0.6963689015833985	-40.964744567871094
0.4699339401068787	0.7019302921510311	-40.93474459648132
0.4669586071143598	0.7036967962602869	-40.894744634628296
0.464610553200936	0.7085287140119879	-40.864744663238525
0.46425422703131675	0.7099658308990778	-40.834744691848755
0.44451398494893263	0.681951312905759	-40.79474472999573
0.4418633837275609	0.676858798625291	-40.76474475860596
0.4411403635270618	0.6792525158104281	-40.73474478721619
0.4412266241735419	0.6779932890684898	-40.69474458694458
0.438928359592773	0.6756156593904976	-40.66474461555481
0.4428291081008245	0.6740943193697297	-40.63474464416504
0.4435397296418143	0.6711967638200452	-40.59474468231201
0.4410551135463607	0.6524397684156046	-40.56474471092224
0.4445559485315188	0.6386400633807262	-40.53474473953247
0.4487884651540133	0.6450505264467501	-40.49474477767944
0.44761990970286614	0.6478723916077477	-40.464744567871094
0.4464856009098643	0.6516367322655419	-40.43474459648132
0.4451234828437775	0.6545253643388933	-40.394744634628296
0.44240612378626554	0.6581367483021278	-40.364744663238525
0.44166873942244417	0.6614221818081786	-40.334744691848755
0.4400113028426277	0.658227596017919	-40.29474472999573
0.4346865964857954	0.650549515793414	-40.26474475860596
0.43503832274112236	0.6474403944585193	-40.23474478721619
0.43725883317551534	0.6472097103636661	-40.19474458694458
0.4361889148369792	0.6493712997769706	-40.16474461555481
0.43479287341368983	0.6490739387883545	-40.13474464416504
0.43505460117802397	0.6474332832634243	-40.09474468231201
0.4354433726751238	0.6471708179995752	-40.06474471092224
0.4351183540466591	0.6481164583355181	-40.03474473953247
0.435612620799947	0.6485762437557023	-39.99474477767944
0.4365717071639581	0.6486079530453368	-39.964744567871094
0.44217358321719535	0.657340647982252	-39.93474459648132
0.4428353228394463	0.6652323434502926	-39.894744634628296
0.4445671508334901	0.6683495997158462	-39.864744663238525
0.4437310597867248	0.6672232494977828	-39.834744691848755
0.44523289208106887	0.6692761741030538	-39.79474472999573
0.4446269391920718	0.6694133019541664	-39.76474475860596
0.4433784071543525	0.670194773222275	-39.73474478721619
0.44356749571890436	0.6715011577359077	-39.69474458694458
0.44225008919721376	0.6727213245976102	-39.66474461555481
0.442429742282809	0.6734396683960766	-39.63474464416504
0.4380519742663278	0.6639373252098946	-39.59474468231201
0.43656383329514675	0.6605281155930751	-39.56474471092224
0.43557243259900413	0.6633590125979675	-39.53474473953247
0.4343562638073894	0.6631156165996362	-39.49474477767944
0.43322171082948574	0.6656865294660387	-39.464744567871094
0.42800179803919075	0.6667452587208703	-39.43474459648132
0.4171508454772027	0.6448206058990987	-39.394744634628296
0.41629650361104825	0.6415702765707942	-39.364744663238525
0.41480301954601956	0.6541158910868202	-39.334744691848755
0.41277765478073836	0.6603861632722791	-39.29474472999573
0.41382173713287523	0.6220328406282378	-39.26474475860596
0.4009285488670175	0.649667743203669	-39.23474478721619
0.38837358764065705	0.6421325380643862	-39.19474458694458
0.385727237705173	0.6519595157827116	-39.16474461555481
0.3868193147224401	0.6369106141396872	-39.13474464416504
0.39902965803660195	0.6752211180108293	-39.09474468231201
0.3962200623073487	0.6638344748542333	-39.06474471092224
0.3934600253964346	0.6595746668895884	-39.03474473953247
0.3936116317993739	0.6705162196917357	-38.99474477767944
1.1806545809913185	1.8627353553376662	-38.964744567871094
0.3843684721131437	0.6629037560392482	-38.93474459648132
0.3837241796730833	0.6718681725542676	-38.894744634628296
0.38175598949160067	0.6617534863258108	-38.864744663238525
0.381100961572764	0.6655406568064735	-38.834744691848755
0.3640299271697983	0.6411805470143389	-38.79474472999573
0.3596427841340389	0.6452827978909134	-38.76474475860596
0.3638212383849637	0.6391126162115878	-38.73474478721619
0.36178038274652013	0.6429678793941864	-38.69474458694458
0.36093391320068885	0.6413896188808025	-38.66474461555481
0.36320397356273554	0.6447316225849642	-38.63474464416504
0.3635764153306946	0.6480979459754207	-38.59474468231201
0.40444802106827943	0.565563989817653	-38.56474471092224
0.4087507103158531	0.5820435568911762	-38.53474473953247
0.412940022202008	0.5872100246380684	-38.49474477767944
0.4161646892891468	0.5673006265876122	-38.464744567871094
0.42051857269846754	0.5669528202066917	-38.43474459648132
0.40855014294096786	0.5605749890894254	-38.394744634628296
0.40109817224837174	0.7057425150076797	-38.364744663238525
0.411144944453761	0.7056844528207686	-38.334744691848755
0.411144944453761	0.7056844528207686	-38.29474472999573
0.5054525456496218	0.6081592557939843	-38.19474458694458
0.4822518249812243	0.5633423097547325	-38.16474461555481
0.47663321656394986	0.5613670671772433	-38.13474464416504
0.5119246231302407	0.5783071936584984	-38.09474468231201
0.5077801147127473	0.570484649696557	-38.06474471092224
0.5011733434923901	0.5760857514932246	-38.03474473953247
0.5038166515489878	0.5581545059141552	-37.99474477767944
0.5056624459926269	0.5498411788783099	-37.964744567871094
0.5050907142706006	0.548797644489026	-37.93474459648132
0.5059057967637123	0.5441974153430749	-37.894744634628296
0.5055999209169759	0.5457669313264214	-37.864744663238525
0.5058335078331242	0.5481706854800966	-37.834744691848755
0.4996280790110956	0.5407046403646015	-37.79474472999573
0.496089571405979	0.5404380639030828	-37.76474475860596
0.49849791322311415	0.5406396883919674	-37.73474478721619
0.49599687365305134	0.5479049136977814	-37.69474458694458
0.4982626148123314	0.5400332596941402	-37.66474461555481
0.5058322469743279	0.5476178063122733	-37.63474464416504
0.5100323397213151	0.5452478132365192	-37.59474468231201
0.5617454768599728	0.5475802120910467	-37.56474471092224
0.5621664235759016	0.5492390588523274	-37.53474473953247
0.5605782929612575	0.5520190679215141	-37.49474477767944
0.6222073413062019	0.5530875852526128	-37.43474459648132
0.6226776618888387	0.552920180074995	-37.394744634628296
0.6200376270008502	0.554327858897648	-37.364744663238525
0.6180092852937715	0.561066080612051	-37.334744691848755
0.6166015807596069	0.5629105105235329	-37.29474472999573
0.40449186645627316	1.0769224467277332	-37.26474475860596
0.43515613357932803	1.0451375234336615	-37.23474478721619
0.43357090990368685	1.0470968146407282	-37.19474458694458
0.4327521089035149	1.0471933223385166	-37.16474461555481
0.431947954320676	1.0486871264836217	-37.13474464416504
0.4259439967532571	1.0542803914125922	-37.09474468231201
0.4239170758954617	1.0559250217251472	-37.06474471092224
0.41041862797548573	1.0684941871501474	-37.03474473953247
0.40438318699528625	1.0732610085607144	-36.99474477767944
0.402888716299605	1.0745034823798905	-36.964744567871094
0.6262767564958076	0.5595773162501237	-36.93474459648132
0.6236612998830154	0.5596663698740015	-36.894744634628296
0.6267055894392928	0.5543675655651309	-36.864744663238525
0.6781518642348466	0.5485633650109352	-36.834744691848755
0.6716650763363959	0.5660930608012653	-36.79474472999573
0.6713310963423956	0.5553012152534764	-36.76474475860596
0.6702858771095981	0.5600642107557893	-36.73474478721619
0.6679168283252856	0.5607038566474276	-36.69474458694458
0.6655072996270859	0.5583483267059193	-36.66474461555481
0.6833612453822728	0.5520068889386857	-36.63474464416504
0.6856746013783738	0.556696763527755	-36.59474468231201
0.6868968035892902	0.5590794943982619	-36.56474471092224
0.6860392572203329	0.560380955849249	-36.53474473953247
0.6895918204093375	0.5644717385756309	-36.49474477767944
0.7207789965435072	0.5527920050227441	-36.464744567871094
0.7667067705622117	0.54757785941687	-36.43474459648132
0.7733562951560609	0.5843898449423585	-36.364744663238525
0.7567766421004092	0.5865527919393598	-36.334744691848755
0.7510139213018687	0.5842081264581889	-36.29474472999573
0.7886469669797155	0.5816537330998136	-36.26474475860596
0.782107538337479	0.5742901741350394	-36.23474478721619
0.7789839615840953	0.5771530676420941	-36.19474458694458
0.7771123691635855	0.5799459970269321	-36.16474461555481
0.7746565220042403	0.5816254855896977	-36.13474464416504
0.7734344842530871	0.57962221432904	-36.09474468231201
0.7716984014814836	0.5817494004892192	-36.06474471092224
0.7700752340956445	0.5834091935866599	-36.03474473953247
0.7686275179507062	0.583418578730889	-35.99474477767944
0.765924093064137	0.5834495489856295	-35.964744567871094
0.7658583204111	0.5831693521771039	-35.93474459648132
0.7665261903885725	0.5832711168006972	-35.894744634628296
0.7653142382008249	0.5807456912852544	-35.864744663238525
0.7620116127848174	0.5816879141096197	-35.834744691848755
0.4528997161788677	0.4416491941934545	-35.79474472999573
0.43798988889608076	0.44424380369107097	-35.76474475860596
0.43814632275680493	0.442622415536922	-35.73474478721619
0.4324745406104541	0.45027619350057163	-35.69474458694458
0.42970126938975767	0.45464677172967455	-35.66474461555481
0.43183872852330163	0.4578302762942707	-35.63474464416504
0.4292899464701893	0.4609630044300916	-35.59474468231201
0.4278100963044209	0.46141144274848833	-35.56474471092224
0.42663441973650496	0.4615686777243019	-35.53474473953247
0.425860116388636	0.46415106329155736	-35.49474477767944
0.4270387562347267	0.46637053037866455	-35.464744567871094
0.426728468655028	0.4683218920074534	-35.43474459648132
0.4264824783384111	0.46844526820246307	-35.394744634628296
0.4269315845370767	0.4718254736500181	-35.364744663238525
0.4275060106859294	0.4734837419859287	-35.334744691848755
0.4268647503470888	0.4761741469013933	-35.29474472999573
0.42625774755871615	0.4777814111814165	-35.26474475860596
0.4256160577740593	0.4798177951884898	-35.23474478721619
0.4242814650700418	0.4807038875255635	-35.19474458694458
0.4239101538583943	0.48070031341908304	-35.16474461555481
0.42301023041656804	0.48236986674231874	-35.13474464416504
0.4215157809011589	0.48397137811454993	-35.09474468231201
0.42280964095880647	0.48537881964733237	-35.06474471092224
0.41317221657833314	0.47972155469984096	-35.03474473953247
0.41180647740858783	0.4822552675876818	-34.99474477767944
0.41154294880618003	0.4833894449639074	-34.964744567871094
0.40948970413846103	0.48495586117489764	-34.93474459648132
0.40761070525299425	0.48526187126113324	-34.894744634628296
0.4076283812364796	0.48213624005942457	-34.864744663238525
0.4071083991021646	0.48411196104890103	-34.834744691848755
0.4211433898281078	0.4737825622715853	-34.79474472999573
0.4562840813161126	0.48620856950975505	-34.76474475860596
0.4888101206886031	0.5052785456316786	-34.73474478721619
0.5169495341425762	0.5938721779291151	-34.394744634628296
0.4837676915628313	0.5680139333785197	-34.364744663238525
0.4619945175776654	0.5632530150090527	-34.334744691848755
0.4653863550122335	0.5614769384048154	-34.29474472999573
0.45965790549306346	0.5530519613784335	-34.26474475860596
0.45114557989072246	0.5455111984654594	-34.23474478721619
0.48797737595562296	0.5555469846697143	-34.19474458694458
0.48797737595562296	0.5555469846697143	-34.16474461555481
0.48797737595562296	0.5555469846697143	-34.13474464416504
0.4066085544140325	0.4922019903789064	-34.09474468231201
0.40624572011537236	0.4874495500238137	-34.06474471092224
0.40807770898239565	0.49438430068137057	-34.03474473953247
0.4031821748967931	0.4851390903363422	-33.99474477767944
0.40917121348396274	0.4907420812630578	-33.964744567871094
0.4077032331443186	0.4972694619295879	-33.93474459648132
0.4069498922571424	0.5153492792014494	-33.894744634628296
0.7617001444809867	0.2514454441191931	-33.864744663238525
0.7617001444809867	0.2514454441191931	-33.834744691848755
0.7617001444809867	0.2514454441191931	-33.79474472999573
0.7617001444809867	0.2514454441191931	-33.76474475860596
0.7617001444809867	0.2514454441191931	-33.73474478721619
0.42777133603672324	0.5239479110812437	-33.69474458694458
0.43133555980177396	0.5205939696006403	-33.66474461555481
0.41623519154713295	0.5214664195470209	-33.63474464416504
0.4263927349178818	0.5208923480312132	-33.59474468231201
0.42564411364183496	0.5122299224728616	-33.56474471092224
0.4472497068175093	0.5016361881679281	-33.53474473953247
0.4387279682084944	0.4857437725862588	-33.49474477767944
0.4387279682084944	0.4857437725862588	-33.464744567871094
0.4387279682084944	0.4857437725862588	-33.43474459648132
0.4387279682084944	0.4857437725862588	-33.394744634628296
0.4387279682084944	0.4857437725862588	-33.364744663238525
0.4387279682084944	0.4857437725862588	-33.334744691848755
0.4387279682084944	0.4857437725862588	-33.29474472999573
0.4387279682084944	0.4857437725862588	-33.26474475860596
0.4387279682084944	0.4857437725862588	-33.23474478721619
0.4239030189962569	0.48117584611040115	-33.19474458694458
0.441444410901302	0.48165230312830454	-33.16474461555481
0.4243573534093358	0.5043661175006351	-33.13474464416504
0.42379305413466256	0.5645770323385839	-33.09474468231201
0.40133940728078177	0.530240274682261	-33.06474471092224
0.42656577988204	0.5458635232174334	-33.03474473953247
0.42547242808283375	0.542487085206556	-32.99474477767944
0.46761632337718156	0.5507629198722256	-32.964744567871094
0.4298391459531889	0.5284591707400166	-32.93474459648132
0.4323131069991424	0.5356798772589696	-32.894744634628296
0.43073467965827383	0.5511224485111352	-32.864744663238525
0.44386638353715185	0.6189785662125261	-32.834744691848755
0.4496477642070798	0.6060542187900252	-32.79474472999573
0.42886746223133515	0.5517632340455066	-32.76474475860596
0.43079958179278544	0.5538930617679737	-32.73474478721619
0.43087226664921424	0.5524271195818187	-32.69474458694458
0.4313809818667731	0.5499182340761133	-32.66474461555481
0.4258548424082334	0.5438979996919147	-32.63474464416504
0.4228039693943741	0.5510254337504801	-32.59474468231201
0.42544370976474394	0.5445213345909794	-32.56474471092224
0.4245670642983742	0.5446470007934433	-32.53474473953247
0.4220924600383973	0.5448817019159453	-32.49474477767944
0.4191716390959048	0.5446654906413718	-32.464744567871094
0.4247794579965666	0.5541404912960594	-32.43474459648132
0.424865174097562	0.5561457843532099	-32.394744634628296
0.42450296087792544	0.556745892867975	-32.364744663238525
0.42222353771735516	0.5583343488789815	-32.334744691848755
0.42276568792319835	0.5571701375982816	-32.29474472999573
0.42175109929335325	0.5587836850553244	-32.26474475860596
0.4225747140120103	0.5611128358693297	-32.23474478721619
0.4239506411168833	0.5607480621823564	-32.19474458694458
0.421153208210789	0.5563929357220432	-32.16474461555481
0.4556663211027855	0.5460247784286925	-32.13474464416504
0.5197898098034638	0.5576371237216693	-31.994744777679443
0.4848833978666756	0.520693945360493	-31.964744567871094
0.46461370236487565	0.5285204471081414	-31.934744596481323
0.4540047143634028	0.5201611556178377	-31.894744634628296
0.4466227857220507	0.5191529346054999	-31.864744663238525
0.43876540950147214	0.5204175412885369	-31.834744691848755
0.4256137320121503	0.5741309681182114	-31.794744729995728
0.42157228526165286	0.5742637442030948	-31.764744758605957
0.4186805442683651	0.574240918921517	-31.734744787216187
0.4170145307436862	0.5739741266675115	-31.69474458694458
0.42143623496619137	0.577592738857938	-31.66474461555481
0.4235937762749159	0.5783352581292721	-31.63474464416504
0.41873635402778014	0.5807060555772037	-31.59474468231201
0.41717104657042486	0.5777507624318597	-31.56474471092224
0.4161716450130159	0.5748960140646635	-31.53474473953247
0.41242998930309327	0.5756920009570632	-31.494744777679443
0.4104087507172283	0.5696168732950901	-31.464744567871094
0.4066334760892193	0.5707473365156799	-31.434744596481323
0.4049661165236632	0.5679358510123509	-31.394744634628296
0.4026127331320702	0.5544639032685631	-31.364744663238525
0.4007518241363227	0.5469068774179705	-31.334744691848755
0.3996442885014814	0.5405207974211578	-31.294744729995728
0.3996841323968583	0.5402307169645348	-31.264744758605957
0.4012671266754408	0.5393718842072929	-31.234744787216187
0.4021734366852123	0.5388326299287123	-31.19474458694458
0.4032074119669095	0.5378385149456009	-31.16474461555481
0.4028194936184413	0.5345518865291965	-31.13474464416504
0.40318116435475787	0.5348404417732594	-31.09474468231201
0.4034081971375045	0.5349981476270335	-31.06474471092224
0.4026672594016896	0.5367584964979076	-31.03474473953247
0.40226159616579366	0.5382190941400147	-30.994744777679443
0.40269487740403664	0.5374589965510154	-30.964744567871094
0.40314171687873573	0.5385654674190614	-30.934744596481323
0.4028775581837686	0.5380113303787248	-30.894744634628296
0.4027720536909449	0.5344893667487677	-30.864744663238525
0.4031615616121243	0.5356422161702752	-30.834744691848755
0.4102035001905679	0.5409944687984066	-30.794744729995728
0.40805522975055436	0.5391301777578147	-30.764744758605957
0.40921249032872453	0.5396049177575679	-30.734744787216187
0.40936811512445764	0.5368952878478298	-30.69474458694458
0.40874077064291686	0.5351317219825859	-30.66474461555481
0.4099548128124302	0.535867430853764	-30.63474464416504
0.4107965730270391	0.535154776054391	-30.59474468231201
0.41154163207293903	0.534083944530842	-30.56474471092224
0.41120962783558174	0.5320796579200057	-30.53474473953247
0.412162685281221	0.5318378860024383	-30.494744777679443
0.4148525837762503	0.5292526855325981	-30.464744567871094
0.4181831196270379	0.503631738685697	-30.434744596481323
0.4197699227339692	0.5012201175123585	-30.394744634628296
0.4203091307438643	0.5033641978694641	-30.364744663238525
0.42052767817931175	0.5029613164458013	-30.334744691848755
0.42081672234153794	0.5004438730463496	-30.294744729995728
0.4218277057880898	0.5029212544524959	-30.264744758605957
0.42141862594770796	0.50720182435731	-30.234744787216187
0.4217173706557984	0.5044619025520947	-30.19474458694458
0.42234074727746673	0.5034836032547378	-30.16474461555481
0.4216062250326445	0.5054672418566085	-30.13474464416504
0.4229739428028544	0.5062534354684505	-30.09474468231201
0.4235907425607076	0.5031373671747953	-30.06474471092224
0.42523385745382036	0.5060294337507388	-30.03474473953247
0.42458802625779285	0.5056261113311852	-29.994744777679443
0.42521307353057247	0.5050251044223987	-29.964744567871094
0.42595175611069075	0.5064336190847251	-29.934744596481323
0.4190296101607054	0.5029980619196346	-29.894744634628296
0.41855748249313446	0.5030396980182458	-29.864744663238525
0.4172975720700667	0.5005148566542801	-29.834744691848755
0.4178063327205812	0.5036135990815913	-29.794744729995728
0.41784327111972436	0.5057880384573484	-29.764744758605957
0.4171181012515664	0.5055987341939124	-29.734744787216187
0.41708096762295055	0.5045907543405058	-29.69474458694458
0.41668196851392914	0.5041503238884465	-29.66474461555481
0.4161963519312248	0.504872540484659	-29.63474464416504
0.416658415896723	0.5039009369207982	-29.59474468231201
0.415074047938955	0.5026982987126377	-29.56474471092224
0.41592624608458034	0.502099869972164	-29.53474473953247
0.4156158272009723	0.5009387535004983	-29.494744777679443
0.41438234193263257	0.5002976494476176	-29.464744567871094
0.4140367284254857	0.5015612866181334	-29.434744596481323
0.4135293693641906	0.5001171516366335	-29.394744634628296
0.3865954155292169	0.3750748825451887	-29.364744663238525
0.3922057266710587	0.3203834285254855	-29.334744691848755
0.3903352654057844	0.32188167327386563	-29.294744729995728
0.3924195624317989	0.3277123991340091	-29.264744758605957
0.4065806111649615	0.39625126799375315	-29.234744787216187
0.40542173317366076	0.3979086674982186	-29.19474458694458
0.40484090452066085	0.4003774502805564	-29.16474461555481
0.4043394909240226	0.39935846765453076	-29.13474464416504
0.40432628090855366	0.41110430044315066	-29.09474468231201
0.4026697086643362	0.4189352431852932	-29.06474471092224
0.40176525782724803	0.42076307157093124	-29.03474473953247
0.4021544738418002	0.4232399438311426	-28.994744777679443
0.40293816533007343	0.42347304310883543	-28.964744567871094
0.4027756050493591	0.42660565583182425	-28.934744596481323
0.4025063053874381	0.42797019308514495	-28.894744634628296
0.40497151905324413	0.4980432798582416	-28.864744663238525
0.40444893799913595	0.5018127483981384	-28.834744691848755
0.4029767768445516	0.5099583473325026	-28.794744729995728
0.40320123938759506	0.513140411600201	-28.764744758605957
0.4032696489079368	0.5143551600200367	-28.734744787216187
0.40556995207023167	0.5158316252064814	-28.69474458694458
0.40464220824074104	0.5162676290656963	-28.66474461555481
0.405032833759197	0.5195476832977546	-28.63474464416504
0.4046141621840704	0.5215342882934658	-28.59474468231201
0.4036624822837795	0.5223331376016673	-28.56474471092224
0.40457624785670204	0.5199472071970462	-28.53474473953247
0.4031548521264952	0.5200155753225029	-28.494744777679443
0.4087684621410164	0.5253176408835815	-28.464744567871094
0.40699774847331044	0.5248150228861307	-28.434744596481323
0.40820671519398616	0.5245395467004956	-28.394744634628296
0.40990081488391505	0.5244423262014938	-28.364744663238525
0.4096308497071581	0.5226664024075303	-28.334744691848755
0.4094940191636241	0.5228298401621799	-28.294744729995728
0.41115041963071647	0.5222774397678319	-28.264744758605957
0.4110855752170999	0.5221631326244034	-28.234744787216187
0.4107331180453477	0.5218796218564625	-28.19474458694458
0.4112347096818388	0.5202142920744939	-28.16474461555481
0.41083086143489667	0.5189139404797203	-28.13474464416504
0.41182806909281494	0.5190773900052282	-28.09474468231201
0.4133312453149996	0.5205748728772961	-28.06474471092224
0.41430182307236046	0.520203464997275	-28.03474473953247
0.4265656629858576	0.5294621086408482	-27.994744777679443
0.426786139290727	0.5307357392933372	-27.964744567871094
0.4273872613438754	0.5319320718725915	-27.934744596481323
0.42809344446808456	0.5328903265786767	-27.894744634628296
0.42711830353390423	0.533655591806243	-27.864744663238525
0.42662288865229114	0.5365267975973379	-27.834744691848755
0.425829415526718	0.5335211515328004	-27.794744729995728
0.4250110969301683	0.5351892425013342	-27.764744758605957
0.424391832413359	0.5345006382053984	-27.734744787216187
0.42503824984548527	0.5355362326844186	-27.69474458694458
0.42570128205105856	0.5331793348667466	-27.66474461555481
0.42600667616001436	0.5317856473776699	-27.63474464416504
0.4237865564525914	0.5280073994199971	-27.59474468231201
0.4252665169378384	0.5268016244107313	-27.56474471092224
0.42395546248430277	0.528451012160801	-27.53474473953247
0.424133226783771	0.5293964902865705	-27.494744777679443
0.4243838256435366	0.5307067441886725	-27.464744567871094
0.42283034079444337	0.532182146105976	-27.434744596481323
0.42313950611681356	0.5273741611674098	-27.394744634628296
0.44325559643262874	0.4312453673378865	-27.364744663238525
0.4441092859217365	0.4208894993713856	-27.334744691848755
0.4456118675441562	0.42202285354902896	-27.294744729995728
0.4465252574089685	0.4230852566634993	-27.264744758605957
0.44705108853265885	0.4228531781619106	-27.234744787216187
0.44698929447676594	0.4227479694278642	-27.19474458694458
0.44579716006349446	0.42490448889470306	-27.16474461555481
0.4457244061869422	0.425935899817338	-27.13474464416504
0.4435555299795594	0.43213579827185117	-27.09474468231201
0.43427461476379636	0.4637172684339992	-27.06474471092224
0.43381402699457966	0.466402104592825	-27.03474473953247
0.4332551102828267	0.47018975895995513	-26.994744777679443
0.4315615893527327	0.4705244672423942	-26.964744567871094
0.745131562253869	0.5723029362417392	-26.894744634628296
0.7453877133021787	0.5901585212424373	-26.78474473953247
0.7446452095327017	0.5917163122897288	-26.764744758605957
0.7433527488268029	0.5949931241988899	-26.734744787216187
0.7441813310297541	0.5982655586753683	-26.69474458694458
0.7432724920980734	0.5998134734316996	-26.66474461555481
0.7424372360459265	0.6027526981010403	-26.63474464416504
0.7411497660634038	0.6036594428893829	-26.59474468231201
0.7408635271461466	0.6030162603620985	-26.56474471092224
0.7395142373608695	0.6041368213032418	-26.53474473953247
0.7403612764961873	0.6072780852278427	-26.494744777679443
0.6599195128988862	0.5891296767782187	-26.464744567871094
0.6634273795823542	0.5942199107585817	-26.434744596481323
0.6616108965928991	0.597023820202667	-26.394744634628296
0.6612669612478059	0.5981414017531729	-26.364744663238525
0.6608670279165157	0.599956991723684	-26.334744691848755
0.660228551974878	0.6010538256145783	-26.294744729995728
0.6603253968759816	0.6038830529048285	-26.264744758605957
0.664278349371147	0.6025283962559062	-26.22474455833435
0.686112810340147	0.6149885530856357	-26.19474458694458
0.6887020901900915	0.6152318474011793	-26.16474461555481
0.6875289320176778	0.613558024890416	-26.13474464416504
0.6879219822085183	0.6152524588881016	-26.09474468231201
0.688077715162777	0.6184308702514191	-26.06474471092224
0.6889332049933415	0.6198927676384948	-26.024744749069214
0.4488324066185064	0.5252590835727646	-25.964744567871094
0.4390436405201443	0.5192918335331563	-25.924744606018066
0.43536105356301746	0.5228338181668466	-25.894744634628296
0.42612160549048833	0.5450012546869298	-25.864744663238525
0.4225857261061573	0.5413089186876955	-25.824744701385498
0.42203950147301483	0.5486790649769787	-25.794744729995728
0.41959430793223407	0.5514533951760946	-25.764744758605957
0.4195054606509034	0.551042993663822	-25.72474455833435
0.42049631162996076	0.5516778045259271	-25.69474458694458
0.4210310192175376	0.5479410039721596	-25.66474461555481
0.4218251424704231	0.5474061397194693	-25.624744653701782
0.42186464942862134	0.5417825098062947	-25.59474468231201
0.42321835948249154	0.5392415454200211	-25.56474471092224
0.4227148622235876	0.5392963467431465	-25.524744749069214
0.422050909631034	0.5350737329124716	-25.494744777679443
0.42248648111900206	0.534855075582147	-25.464744567871094
0.4231262708768956	0.5333249761403676	-25.424744606018066
0.4241362717095484	0.5327876152859989	-25.394744634628296
0.42483651074413914	0.5374750277623773	-25.364744663238525
0.42495604036984813	0.5384017624798076	-25.324744701385498
0.4240465936917471	0.539378874446678	-25.294744729995728
0.4249152811696681	0.5392147242259611	-25.264744758605957
0.42435075845203624	0.5410621788034843	-25.22474455833435
0.42542643535563945	0.5430615929101832	-25.19474458694458
0.4256807107498049	0.5439292280876821	-25.16474461555481
0.42624629622014254	0.5462480955254263	-25.124744653701782
0.42628120820841325	0.5458380810431109	-25.09474468231201
0.42643872702982866	0.5482675974613278	-25.06474471092224
0.42466808301219794	0.5482690113198792	-25.024744749069214
0.42472524915222015	0.5472277522124364	-24.994744777679443
0.4260630429684618	0.5467743651079444	-24.964744567871094
0.426573028676607	0.5462372405746595	-24.924744606018066
0.4273762222335199	0.5490142590517034	-24.894744634628296
0.4278827053368301	0.5464668038660936	-24.864744663238525
0.42838936187870225	0.5475071889260466	-24.824744701385498
0.42465213395940155	0.5442962099397757	-24.794744729995728
0.42264199038885675	0.5414627189623626	-24.764744758605957
0.42231246357777247	0.5420523215006829	-24.72474455833435
0.423122170698467	0.541302338521089	-24.69474458694458
0.4241243841497345	0.5408208644956687	-24.66474461555481
0.42338423819649956	0.5387511714378067	-24.624744653701782
0.4254239442582659	0.5395478214618025	-24.59474468231201
0.4262965430183201	0.540232569786404	-24.56474471092224
0.42640347333299056	0.5374693164209358	-24.524744749069214
0.42553500344422135	0.5378744943140954	-24.494744777679443
0.42702353506279533	0.540386306585186	-24.464744567871094
0.45114660793535516	0.4413160423674887	-24.424744606018066
0.4549829857975322	0.3946699797072508	-24.394744634628296
0.4542662654262233	0.3976326657449826	-24.364744663238525
0.4537281058687733	0.40312013103315575	-24.324744701385498
0.45347547583287057	0.4070889969107444	-24.294744729995728
0.4301478218090259	0.39319626584723066	-24.264744758605957
0.41731139626250163	0.3820328490789538	-24.22474455833435
0.41649329013634784	0.38382536322806815	-24.19474458694458
0.4168172950728459	0.3848241419563234	-24.16474461555481
0.4207421225309614	0.3844399516446741	-24.124744653701782
0.4318654229612553	0.3913824400353629	-24.09474468231201
0.5407763458370058	0.4195667902266238	-23.964744567871094
0.528002749838822	0.42020019358426797	-23.924744606018066
0.5187794123835406	0.40434100612550994	-23.894744634628296
0.5156972023761548	0.4017236453180136	-23.864744663238525
0.5113273399969847	0.40067102854728937	-23.824744701385498
0.5090451466072509	0.4005250939625758	-23.794744729995728
0.5060137355138994	0.3991403117008487	-23.764744758605957
0.5033295154943568	0.39890693046222636	-23.72474455833435
0.5424978467740785	0.39646650121308624	-23.69474458694458
0.5497993026434561	0.396348429607566	-23.66474461555481
0.5486161124597606	0.3981129890903143	-23.624744653701782
0.5469887803264419	0.39892383963489497	-23.59474468231201
0.5457234417714409	0.39727405629748125	-23.56474471092224
0.5451318636383785	0.39682092767041305	-23.524744749069214
0.5432933849275909	0.396354304604595	-23.494744777679443
0.5421175128226916	0.39332668207468	-23.464744567871094
0.5416930425738136	0.38994020584573474	-23.424744606018066
0.5401833964937653	0.38801493885258437	-23.394744634628296
0.5273602313245456	0.381660067438606	-23.364744663238525
0.5270495731406066	0.3831839439268507	-23.324744701385498
0.5258658305373334	0.38037333494706876	-23.294744729995728
0.5247566004230656	0.38009287092771615	-23.264744758605957
0.5245368313831986	0.37832300326192303	-23.22474455833435
0.5248918130790499	0.3790338293928346	-23.19474458694458
0.668760764927182	0.37907254007402175	-23.124744653701782
0.6677581768299189	0.37448306697382067	-23.09474468231201
0.6692775709676777	0.37583813412601	-23.06474471092224
0.6685722108386247	0.3773771074239279	-23.024744749069214
0.6676196839684608	0.37765748987395437	-22.994744777679443
0.6739825156795777	0.3756888962817831	-22.964744567871094
0.695766619380862	0.38971436933997977	-22.924744606018066
0.6972985554074949	0.38855830126469126	-22.894744634628296
0.6979495203858901	0.38794288547401273	-22.864744663238525
0.6995298147617109	0.38582213040139673	-22.824744701385498
0.6998416879427575	0.38613083916586416	-22.794744729995728
0.6996510911235819	0.38491721295269027	-22.764744758605957
0.6999705481645295	0.38528938323603645	-22.72474455833435
0.6993825030998986	0.3857809176143773	-22.69474458694458
0.6987895133527391	0.3842767066013069	-22.66474461555481
0.6982859723148302	0.38696356196162274	-22.624744653701782
0.698587825238725	0.3860616995473286	-22.59474468231201
0.6981408923340158	0.3855650850912849	-22.56474471092224
0.6984215234058269	0.38380831265204585	-22.524744749069214
0.6978556064458088	0.3865607016544752	-22.494744777679443
0.697891337629066	0.3865456800757772	-22.464744567871094
0.6969697939611309	0.388784711165028	-22.424744606018066
0.6972195485884539	0.387746711080309	-22.394744634628296
0.7504387939500593	0.3864065123897029	-22.364744663238525
0.7457799103412223	0.39316758290558895	-22.324744701385498
0.7453076990557892	0.3883274766086779	-22.294744729995728
0.7459108591831071	0.3895290406548846	-22.264744758605957
0.44738954174696804	0.3029113535109977	-22.19474458694458
0.4393452214516154	0.31231331874982915	-22.16474461555481
0.4352583936747654	0.31743292246605154	-22.124744653701782
0.43334351757663064	0.32520168253208864	-22.09474468231201
0.43216765705129184	0.33045870754036694	-22.06474471092224
0.43110023267473835	0.3351627682210852	-22.024744749069214
0.4292311233179008	0.3383103626827107	-21.994744777679443
0.4282280844129617	0.3424886809857777	-21.964744567871094
0.42727843778007313	0.34318689375407174	-21.924744606018066
0.42557248273924086	0.34419641246348626	-21.894744634628296
0.4253526676734567	0.34788054831955045	-21.864744663238525
0.426227325368934	0.3499794045349699	-21.824744701385498
0.42481940136814733	0.3457881590842664	-21.794744729995728
0.4249550285723142	0.2870976124000441	-21.764744758605957
0.4232105716695796	0.29034256461143554	-21.72474455833435
0.4229195256793783	0.29091975816670806	-21.69474458694458
0.4235838014310713	0.2902490256974796	-21.66474461555481
0.4237991890422233	0.2900040147501176	-21.624744653701782
0.4373544319125963	0.2620897965733699	-21.59474468231201
0.4381490045175954	0.26054094142186857	-21.56474471092224
0.435139819822872	0.26158364393865546	-21.524744749069214
0.43453308228405835	0.26325502469501355	-21.494744777679443
0.43374007233553613	0.2643511643925502	-21.464744567871094
0.43414996383650784	0.2616753804767965	-21.424744606018066
0.4341277152115077	0.260120329639424	-21.394744634628296
0.43446960304712307	0.2596232752472831	-21.364744663238525
0.4335720344993888	0.26048558489537355	-21.324744701385498
0.4338775638876784	0.26276738659825716	-21.294744729995728
0.4362534567526229	0.2578915136816629	-21.264744758605957
0.4421781408469405	0.2535719694189789	-21.22474455833435
0.44433552492808814	0.249752773874049	-21.19474458694458
0.44563233750738884	0.2508670516477067	-21.16474461555481
0.44583782153317797	0.2497946103498276	-21.124744653701782
0.4456991550709181	0.2506299333699997	-21.09474468231201
0.44426197631432945	0.2519704460717211	-21.06474471092224
0.44359715941211436	0.252555057195443	-21.024744749069214
0.4433405938116454	0.25380346302104645	-20.994744777679443
0.44327755968173077	0.2524701021507433	-20.964744567871094
0.44451678959702057	0.25197745584488473	-20.924744606018066
0.44395482174701406	0.2505151613791801	-20.894744634628296
0.44345404184293985	0.2484781473983534	-20.864744663238525
0.44397476859804114	0.24869471616636188	-20.824744701385498
0.4454412459552219	0.25087208326937	-20.794744729995728
0.44482047790778123	0.2510846754214095	-20.764744758605957
0.4445063660859025	0.2534712927205021	-20.72474455833435
0.4448382247894165	0.25250500773458073	-20.69474458694458
0.44441931369731597	0.2536203355128362	-20.66474461555481
0.5385740330362904	0.3805284472854219	-20.624744653701782
0.5322466426537633	0.3520207463289686	-20.59474468231201
0.5326183360341213	0.3526962471311531	-20.56474471092224
0.5324212314098691	0.3558966321685943	-20.524744749069214
0.5296437551659949	0.35404475086518833	-20.494744777679443
0.5269512307570619	0.3553499081997493	-20.464744567871094
0.46399249678566934	0.3255195291000313	-20.424744606018066
0.46278158439071276	0.3277450325897437	-20.394744634628296
0.46096882593745636	0.3316827676219752	-20.364744663238525
0.4599840980511192	0.3317960103493417	-20.324744701385498
0.45873252861061026	0.3323963176139286	-20.294744729995728
0.4577599894726244	0.3303580600831007	-20.264744758605957
0.4575113367613457	0.3294201011768947	-20.22474455833435
0.45867650805427107	0.33008792942475823	-20.19474458694458
0.45796633382499985	0.3312128843476515	-20.16474461555481
0.45687901549556237	0.33137714849459526	-20.124744653701782
0.4563758827975038	0.3299025985716719	-20.09474468231201
0.751484951255809	0.3420794679318906	-20.024744749069214
0.7452556425618688	0.3453231264548495	-19.994744777679443
0.7406134146588512	0.35240636958027405	-19.964744567871094
0.7421409396662689	0.35072872935294885	-19.924744606018066
0.7440309753611068	0.35186176833447874	-19.894744634628296
0.742385654123889	0.35198453268582114	-19.864744663238525
0.7418225221669908	0.3507231709243688	-19.824744701385498
0.7404244286807782	0.3516466676451093	-19.794744729995728
0.7402633698121183	0.35080360818285433	-19.764744758605957
0.7408098370042449	0.3527428074509951	-19.72474455833435
0.7579480575619195	0.35990620000287143	-19.69474458694458
0.756188457072822	0.35910820567389856	-19.66474461555481
0.7574127873286886	0.3613049743040533	-19.624744653701782
0.7578572965077885	0.3632764539437411	-19.59474468231201
0.7557460374870403	0.3673175318929898	-19.56474471092224
0.5448053641821773	0.3072136132475527	-19.524744749069214
0.5299521354759293	0.32796184633199366	-19.494744777679443
0.5236981747353071	0.328974186701507	-19.464744567871094
0.522697411507563	0.33210267864246346	-19.424744606018066
0.5187779497241889	0.3370199133952652	-19.394744634628296
0.5165809995153027	0.34135782878174575	-19.364744663238525
0.514945623214799	0.34287078092874773	-19.324744701385498
0.46279807853480925	0.3367695163472635	-19.294744729995728
0.43865456058309055	0.33909711563349815	-19.264744758605957
0.43575629560762325	0.3395436018573044	-19.22474455833435
0.436295415696727	0.33946742793856133	-19.19474458694458
0.4379955469950113	0.3426532900811081	-19.16474461555481
0.4383025981174788	0.34235279129932605	-19.124744653701782
0.4386286648342237	0.3445373352567368	-19.09474468231201
0.4383845616780167	0.343993403059542	-19.06474471092224
0.5029318399597064	0.3381185297777949	-19.024744749069214
0.500514854622928	0.3398013353373329	-18.994744777679443
0.4984500718735066	0.3434437539043216	-18.964744567871094
0.4978285601665301	0.3448266290145694	-18.924744606018066
0.49752926067997993	0.3459172085743075	-18.894744634628296
0.4967951446974683	0.34463310563474325	-18.864744663238525
0.5585284613035424	0.3325465014641987	-18.824744701385498
0.5731716938071159	0.3413617170550671	-18.794744729995728
0.5738390233689528	0.3463470056014104	-18.764744758605957
0.5726323800563936	0.35048098193790994	-18.72474455833435
0.573285165774652	0.351536574024689	-18.69474458694458
0.5706857146559395	0.3523100039189724	-18.66474461555481
0.5723234083301891	0.3540307271813866	-18.624744653701782
0.5715169643155779	0.3562103096709607	-18.59474468231201
0.5707110821349509	0.357836933719613	-18.56474471092224
0.5698990607682034	0.3596735751782133	-18.524744749069214
0.5443814714971621	0.35006061122142923	-18.494744777679443
0.5386104166133039	0.3463887096556829	-18.464744567871094
0.5365348719420697	0.3485472334784299	-18.424744606018066
0.5349335855185919	0.34904214319399207	-18.394744634628296
0.5375213765354494	0.3486254201569546	-18.364744663238525
0.6721959877769269	0.3589263237794487	-18.324744701385498
0.6596410619364678	0.3601976377002541	-18.294744729995728
0.6602405618497711	0.35937386085803824	-18.264744758605957
0.6591552223951231	0.3627649695813907	-18.22474455833435
0.6567662986804498	0.3617523408400038	-18.19474458694458
0.655286719671329	0.36103875500270594	-18.16474461555481
0.6552535191898184	0.36075991053544176	-18.124744653701782
0.6551283364046918	0.3607786757234743	-18.09474468231201
0.6548248820088541	0.362785467661654	-18.06474471092224
0.6566190123941034	0.3622917389528879	-18.024744749069214
0.6553341772991164	0.3618676681957386	-17.994744777679443
0.655598871447833	0.3655187649396472	-17.964744567871094
0.6555189480154284	0.3664608458439715	-17.924744606018066
0.7079917705541156	0.3618419231967809	-17.894744634628296
0.7069707155525521	0.3618102260753182	-17.864744663238525
0.7065053007821355	0.3659878445309216	-17.824744701385498
0.7063508489627761	0.36902628434611323	-17.794744729995728
0.7067642567194633	0.3698855511145216	-17.764744758605957
0.7051576337193337	0.37073001441127973	-17.72474455833435
0.6725156509565376	0.36012025689529903	-17.69474458694458
0.6673924000761037	0.3615575249402058	-17.66474461555481
0.6658644696791783	0.3660825668934454	-17.624744653701782
0.6650060161965493	0.3664403566778873	-17.59474468231201
0.6658311484698879	0.36655670975088855	-17.56474471092224
0.6666301596225548	0.3675141344022928	-17.524744749069214
0.7135521405004819	0.36827807797384904	-17.464744567871094
0.7144389549181834	0.3667382240262494	-17.424744606018066
0.7156808977727095	0.36694418990989286	-17.394744634628296
0.7152914888635717	0.36675547979613793	-17.364744663238525
0.7151337599850331	0.36681423552643283	-17.324744701385498
0.7141114424700784	0.3673274500735017	-17.294744729995728
0.7135963959160522	0.36776536153341266	-17.264744758605957
0.7142510496865491	0.3711654442565809	-17.22474455833435
0.7143805145734353	0.36801187793556134	-17.19474458694458
0.713556725873882	0.37178387798117374	-17.16474461555481
0.7105526224253094	0.37397758069215914	-17.124744653701782
0.6310941002505339	0.35524350713247066	-17.09474468231201
0.6309265144127568	0.3562634671555203	-17.06474471092224
0.6297592219864815	0.3608029537725824	-17.024744749069214
0.6276507425186967	0.3621760459692065	-16.994744777679443
0.6269487464666177	0.36352312292374567	-16.964744567871094
0.6253550918307548	0.3644461135583832	-16.924744606018066
0.5530836768330933	0.37664716603739323	-16.894744634628296
0.5509384557023015	0.35268132101811484	-16.864744663238525
0.5489448622738965	0.35828278761746624	-16.824744701385498
0.5454304556450077	0.3637391623237731	-16.794744729995728
0.5436442717512482	0.3622674180567879	-16.764744758605957
0.5441376242770999	0.365130360653312	-16.72474455833435
0.5438679379812736	0.36760639280407964	-16.69474458694458
0.5445973865396173	0.36560875849882074	-16.66474461555481
0.5445400232892109	0.36821719659141505	-16.624744653701782
0.5443421521272871	0.36828310269418063	-16.59474468231201
0.5467798873791576	0.3696611368769396	-16.56474471092224
0.5432928744516089	0.36906813038649045	-16.524744749069214
0.4936280350628617	0.35172133689834567	-16.494744777679443
0.4904925346579784	0.3530889629671569	-16.464744567871094
0.48802072648546296	0.35685347813173096	-16.424744606018066
0.48785951266947886	0.35786401996054684	-16.394744634628296
0.4863954088385335	0.3595050212459399	-16.364744663238525
0.4620746767689194	0.35464382267477657	-16.324744701385498
0.4599949329905074	0.35785784227442685	-16.294744729995728
0.4582800851561603	0.358160410022847	-16.264744758605957
0.45835514298157765	0.3607653296531463	-16.22474455833435
0.45797472074891055	0.36113109315145825	-16.19474458694458
0.45900584246231185	0.3601077394056043	-16.16474461555481
0.45843594455147757	0.3567205552212371	-16.124744653701782
0.4588499294870477	0.35565417153979917	-16.09474468231201
0.4585362532835629	0.356673872913433	-16.054744720458984
0.457279456331196	0.35587333685751776	-16.024744749069214
0.45692869713659734	0.3575113032887442	-15.994744777679443
0.4602753793003354	0.3587661631354404	-15.964744567871094
0.48787754647027504	0.36226864520196367	-15.924744606018066
0.48702668857959486	0.36152439551173965	-15.894744634628296
0.4863965491042724	0.36185222035155923	-15.854744672775269
0.4858250827190631	0.36465103581433306	-15.824744701385498
0.48767783292820654	0.3612055599116061	-15.794744729995728
0.4889567160660705	0.36331322769796465	-15.7547447681427
0.4912671542943489	0.36324915452709094	-15.72474455833435
0.5428953842230347	0.36345375167896327	-15.69474458694458
0.5411730445620594	0.3576062256730721	-15.654744625091553
0.5401022196197904	0.3607415750411256	-15.624744653701782
0.5396770442029115	0.3618092284160249	-15.594744682312012
0.5391370320413159	0.3627349086370672	-15.554744720458984
0.5378537647699203	0.36300152425280874	-15.524744749069214
0.5378006081991228	0.3632382520160296	-15.494744777679443
0.5375836945360678	0.3653175044313398	-15.454744577407837
0.5414324179686572	0.3625406413150589	-15.424744606018066
0.5762510988410274	0.36189807641802096	-15.394744634628296
0.5753107463823028	0.36546162910694746	-15.354744672775269
0.5748282552286706	0.3683702585235508	-15.324744701385498
0.573745186122141	0.3666629460549647	-15.294744729995728
0.5732059421878147	0.36769282486721483	-15.2547447681427
0.5740120014102367	0.3699487822717379	-15.22474455833435
0.5739240259421478	0.36932625178039835	-15.19474458694458
0.5761881841891292	0.3677763054868844	-15.154744625091553
0.6188721695105401	0.37225140335434587	-15.124744653701782
0.6219630697343785	0.36834749503457515	-15.094744682312012
0.6214913412495158	0.37257317508780274	-15.054744720458984
0.6227411318992457	0.3702484319429354	-15.024744749069214
0.7270087395600466	0.3561981552815487	-14.994744777679443
0.7260719953101107	0.3543655887824675	-14.934744596481323
0.7217715236341027	0.3594478755156592	-14.91474461555481
0.7219491797715026	0.36425462037128065	-14.894744634628296
0.7210461051159663	0.36590131194426734	-14.854744672775269
0.7195719771688673	0.36806756739128	-14.824744701385498
0.7181027555657566	0.36816491126453704	-14.794744729995728
0.7180565039145099	0.36722699032129197	-14.7547447681427
0.7174145949936239	0.3675921806475228	-14.72474455833435
0.7176271739157678	0.36936356539866355	-14.69474458694458
0.7033285137718155	0.3615405046784866	-14.654744625091553
0.6987288231254887	0.36223508805177973	-14.624744653701782
0.6966890880840786	0.360847880004109	-14.594744682312012
0.6958227921811423	0.3628018070606769	-14.554744720458984
0.6947698456604178	0.36217932834901895	-14.524744749069214
0.6931848426135339	0.3595943423312727	-14.494744777679443
0.7217981378957089	0.3640413755959408	-14.454744577407837
0.7242476286705279	0.3632104997358268	-14.424744606018066
0.7250504070094131	0.3649017786005987	-14.394744634628296
0.7245380717943809	0.3657128377182155	-14.354744672775269
0.7229057408975994	0.36785516628972936	-14.324744701385498
0.774322519323662	0.36684162457989944	-14.294744729995728
0.773371938391833	0.36783483593053934	-14.2547447681427
0.7717173285633407	0.36769624546791607	-14.22474455833435
0.7704642952316458	0.37006866144895517	-14.19474458694458
0.7705125271626838	0.3704141642666661	-14.154744625091553
0.4730369693560667	0.2643732499655347	-14.094744682312012
0.46566947982255	0.27706833470131015	-14.054744720458984
0.46154925581743433	0.28092653247141447	-14.024744749069214
0.45801614049804074	0.2850219002830002	-13.994744777679443
0.45644085340870705	0.28895832489810586	-13.954744577407837
0.4550678243821261	0.29663854095552905	-13.924744606018066
0.452566630332562	0.29982514771179103	-13.894744634628296
0.452489839222906	0.30441690594541226	-13.854744672775269
0.45174694638064317	0.3060808353384587	-13.824744701385498
0.4521509015608983	0.3031818485712827	-13.794744729995728
0.49200673201519524	0.31300919428597035	-13.7547447681427
0.487375070655354	0.31644972527181625	-13.72474455833435
0.4862336480479792	0.3139673477768687	-13.69474458694458
0.4847414495808817	0.31607791219026105	-13.654744625091553
0.48375791680736185	0.3169685583708963	-13.624744653701782
0.4824076527056444	0.3153095119102198	-13.594744682312012
0.4549475679057453	0.2505134719116778	-13.554744720458984
0.4534250419477083	0.24332739246042523	-13.524744749069214
0.4509255000612964	0.24640719275006065	-13.494744777679443
0.4522755028701709	0.24710191116319952	-13.454744577407837
0.4523187851931593	0.2473038080794796	-13.424744606018066
0.4529086801014096	0.24647102252892736	-13.394744634628296
0.45347332253163875	0.24742783222017178	-13.354744672775269
0.45486091576120147	0.24097852983356155	-13.324744701385498
0.4624287608673015	0.21646823759104994	-13.294744729995728
0.4598311704877429	0.21928960030223835	-13.2547447681427
0.4582414867022771	0.22017111271994616	-13.22474455833435
0.4581001044190591	0.2204029364308633	-13.19474458694458
0.4574759851294243	0.22114932152505856	-13.154744625091553
0.4573407415840401	0.2228110351487749	-13.124744653701782
0.45661087136840156	0.22400616536229495	-13.094744682312012
0.4562339563977659	0.2237611435393986	-13.054744720458984
0.45565765269878783	0.22453756531919697	-13.024744749069214
0.4544095887481262	0.22695630512453568	-12.994744777679443
0.45728685185250273	0.23761560962484882	-12.954744577407837
0.4566940753011979	0.24563747309266493	-12.924744606018066
0.456807164698848	0.24552022944832566	-12.894744634628296
0.457598179766881	0.24617776824555118	-12.854744672775269
0.45751856933928586	0.24559400441962786	-12.824744701385498
0.45545592710971344	0.24932907260943218	-12.794744729995728
0.4559581921959129	0.2513283910990096	-12.7547447681427
0.4545214066940202	0.25053935361722474	-12.72474455833435
0.45746197461694926	0.24751849054139138	-12.69474458694458
0.5094977394068089	0.2575368102014381	-12.654744625091553
0.5081912062467517	0.2554159185501048	-12.624744653701782
0.5068039943605047	0.2576730393908808	-12.594744682312012
0.507495985899779	0.255668406406242	-12.554744720458984
0.5075303391004757	0.2582395903111471	-12.524744749069214
0.5071686224128293	0.2593338299413211	-12.494744777679443
0.5063625310166919	0.2602773549798627	-12.454744577407837
0.5000150328862925	0.2688150414845267	-12.424744606018066
0.4728203413255401	0.27630284504471336	-12.394744634628296
0.4711825320062364	0.27928911770725434	-12.354744672775269
0.4699274312155223	0.28065693037743966	-12.324744701385498
0.46972367282929195	0.28104460200779374	-12.294744729995728
0.47107910604122283	0.2810592264571793	-12.2547447681427
0.46949580698683846	0.2809782672599307	-12.22474455833435
0.46815981195172407	0.2814660950166042	-12.19474458694458
0.46811438389974536	0.2823375007780415	-12.154744625091553
0.4666740646862799	0.28218198602598354	-12.124744653701782
0.46616297294126324	0.2827596760095157	-12.094744682312012
0.48251103936929185	0.2707199998122505	-12.054744720458984
0.535332064845388	0.28133858848155907	-12.024744749069214
0.534124134529836	0.2843894862419434	-11.994744777679443
0.533488040091011	0.2849863717157294	-11.954744577407837
0.5326861061593617	0.2852262184346978	-11.924744606018066
0.5329171118674773	0.2874119101291566	-11.894744634628296
0.5331080539206273	0.2876369182325294	-11.854744672775269
0.5323928697923296	0.2877870089637903	-11.824744701385498
0.5325160247559613	0.28776452131681257	-11.794744729995728
0.5179418362532162	0.2795569329444811	-11.7547447681427
0.5158549097525378	0.2757266612998251	-11.72474455833435
0.5134910231688747	0.276832328740946	-11.69474458694458
0.5138249216182854	0.2763600915479048	-11.654744625091553
0.5137299155122952	0.2756997163022663	-11.624744653701782
0.7746514313984748	0.32748289540328057	-11.554744720458984
0.7723836236784889	0.32778466481058843	-11.514744758605957
0.7697718674405931	0.3319836534191982	-11.494744777679443
0.767301086048187	0.33224507170699796	-11.454744577407837
0.7654559861517003	0.3365644784990645	-11.424744606018066
0.7629224636586216	0.33901359012934335	-11.394744634628296
0.7612636515287032	0.34271608798512615	-11.354744672775269
0.7602572509945015	0.344004456453353	-11.324744701385498
0.7589680514858885	0.3457728908973069	-11.294744729995728
0.6857906586517889	0.33063245051830337	-11.2547447681427
0.6845723111143205	0.33326550682095113	-11.22474455833435
0.6827302680458429	0.3368819029814211	-11.19474458694458
0.6812998435159039	0.33768956951259915	-11.154744625091553
0.6805528885136383	0.339611086061047	-11.124744653701782
0.6766188817542347	0.342764560697063	-11.094744682312012
0.48288428618327983	0.2592549510757438	-11.054744720458984
0.47113073024711993	0.27352594284321047	-11.024744749069214
0.4691685294927661	0.27893321418274464	-10.994744777679443
0.4660584435188662	0.28329501505524896	-10.954744577407837
0.46362006262409794	0.2846750216216916	-10.924744606018066
0.46195712907558845	0.2861002951656943	-10.894744634628296
0.46112944119153015	0.2848114593446022	-10.854744672775269
0.4599227936475168	0.28654530098045156	-10.824744701385498
0.45959875478908097	0.2909998558515651	-10.794744729995728
0.45946721132281154	0.2946886953925209	-10.7547447681427
0.4600519058311204	0.29588621965733103	-10.72474455833435
0.45957363151062586	0.2985713721977816	-10.69474458694458
0.45856133450788844	0.30206834495429186	-10.654744625091553
0.4592913325489211	0.3007027225635026	-10.624744653701782
0.45745069106562325	0.3007463316075816	-10.594744682312012
0.458027942375307	0.301325958745319	-10.554744720458984
0.4568987470238315	0.30287344003434297	-10.524744749069214
0.45602594410053504	0.29347683906234245	-10.494744777679443
0.4548365611833219	0.28535493208758195	-10.454744577407837
0.46300199769172007	0.25084327195191	-10.424744606018066
0.47358061236645194	0.20877557636892144	-10.394744634628296
0.47322048150872464	0.21396147333834795	-10.354744672775269
0.4727742234161512	0.21593335473361508	-10.324744701385498
0.4735561111759926	0.21754793065698128	-10.294744729995728
0.4739188050933109	0.21744054431807483	-10.2547447681427
0.4745586274089726	0.21775799715561958	-10.22474455833435
0.4753379002804935	0.21667998178945294	-10.19474458694458
0.46336268415773046	0.20876908910672737	-10.154744625091553
0.46138739421992125	0.21050570613657904	-10.124744653701782
0.45978422565615523	0.2118971386787741	-10.094744682312012
0.4594026234508272	0.21549813625531192	-10.054744720458984
0.4579288018608636	0.21332963904157526	-10.024744749069214
0.4584067103010333	0.21302090289228048	-9.994744777679443
0.4584606909103035	0.2141821107418864	-9.954744577407837
0.45745439671451715	0.21531317308036962	-9.924744606018066
0.4558921013451347	0.21589681870287727	-9.894744634628296
0.4569593201277556	0.2155944551614283	-9.854744672775269
0.45549913440766454	0.21135479457837486	-9.824744701385498
0.4537624889690584	0.20259456111035334	-9.794744729995728
0.4526273872898064	0.197808209419782	-9.7547447681427
0.45334957591132885	0.19726065633076312	-9.72474455833435
0.45267584706704606	0.19662787329782486	-9.69474458694458
0.45217681762041173	0.19915804470391693	-9.654744625091553
0.4517569462803921	0.19793446534289583	-9.624744653701782
0.4521335924183703	0.19776148414260283	-9.594744682312012
0.5337825961082293	0.27167056850474575	-9.554744720458984
0.5310489520522411	0.24639142008432513	-9.524744749069214
0.5300812939359595	0.25271625838853634	-9.494744777679443
0.5295532358729217	0.2553084796414493	-9.454744577407837
0.5302961597471507	0.25512037249423425	-9.424744606018066
0.5299497078670068	0.25540599488088783	-9.394744634628296
0.530390702557293	0.25671969389031923	-9.354744672775269
0.5303037640427883	0.25777534521769124	-9.324744701385498
0.527479534471082	0.26255957896942145	-9.294744729995728
0.46922763907204534	0.23194442091348183	-9.2547447681427
0.46628177744877514	0.237039549972927	-9.22474455833435
0.4638485374864939	0.2408000937984573	-9.19474458694458
0.46374263711290326	0.24422659549912537	-9.154744625091553
0.46258697636444224	0.24755005360921523	-9.124744653701782
0.46144015705340796	0.2508469300298021	-9.094744682312012
0.46099031476361735	0.2500025606866828	-9.054744720458984
0.4606076821537206	0.24891420811496948	-9.024744749069214
0.4623595073703887	0.24776066690573717	-8.994744777679443
0.5074802559371183	0.25801204508528053	-8.954744577407837
0.50168045101527	0.2628774859159491	-8.924744606018066
0.5023211808356689	0.2725722554462739	-8.894744634628296
0.5017266707112523	0.2726085078037607	-8.854744672775269
0.5019260886563606	0.27255827606234695	-8.824744701385498
0.5007141811373275	0.2727909166184825	-8.794744729995728
0.5000321655778628	0.27100036927430304	-8.7547447681427
0.5004760072176541	0.27052107720057317	-8.72474455833435
0.5016953439413913	0.26992572635064355	-8.69474458694458
0.5021993751677576	0.26680546526345544	-8.654744625091553
0.5059910171132707	0.25896394179859006	-8.624744653701782
0.58783631451823	0.2517107204469002	-8.594744682312012
0.587568951577225	0.25269475183288465	-8.554744720458984
0.5850768896075983	0.25423471937769215	-8.524744749069214
0.585374253857022	0.25515312191500195	-8.494744777679443
0.5850431360391477	0.25525466616466924	-8.454744577407837
0.5850649871527862	0.2542142767630136	-8.424744606018066
0.5846323544533881	0.2541398282895767	-8.394744634628296
0.5847677297232444	0.2545152172792635	-8.354744672775269
0.583407062112889	0.25455519336864646	-8.324744701385498
0.581096685942268	0.25178735561557225	-8.294744729995728
0.548978389884067	0.24505959880979494	-8.2547447681427
0.548097603089685	0.244212792445462	-8.22474455833435
0.5495178887291501	0.24287764252797484	-8.19474458694458
0.5507858174669817	0.24340312955199792	-8.154744625091553
0.5497492642092064	0.241974317951307	-8.124744653701782
0.5505115922832562	0.2422955265528369	-8.094744682312012
0.5501855751245134	0.24395064532586594	-8.054744720458984
0.5494572920485186	0.24521145501037483	-8.024744749069214
0.6011833126656878	0.24725334919366754	-7.954744577407837
0.600001606940209	0.25232117983021046	-7.924744606018066
0.5978480918390536	0.25383605676139576	-7.894744634628296
0.597330647497637	0.25206069146881394	-7.8547446727752686
0.5959505170285919	0.2538008558224356	-7.824744701385498
0.5949586229968125	0.2549203472975379	-7.7947447299957275
0.5944164797381079	0.25584185984589614	-7.7547447681427
0.594543307436069	0.25500049978823286	-7.724744558334351
0.5899193166164228	0.25109305304528323	-7.69474458694458
0.5827779958325513	0.2448743497816902	-7.654744625091553
0.5799806216193265	0.24646015507672975	-7.624744653701782
0.5782135074197838	0.24487088546359057	-7.594744682312012
0.5783500613857745	0.246175996618586	-7.554744720458984
0.5746015606411052	0.2489581306266059	-7.524744749069214
0.458342367751171	0.2206111950855111	-7.494744777679443
0.45308353051158484	0.22503774082830313	-7.454744577407837
0.4505392639980642	0.22821823268638983	-7.424744606018066
0.4485031886037175	0.23011889651979037	-7.394744634628296
0.4473670221424387	0.23079203103929008	-7.3547446727752686
0.4457993061763344	0.23577534363810337	-7.324744701385498
0.4450832134405936	0.2379520647635811	-7.2947447299957275
0.44459828056511824	0.24108510125576973	-7.2547447681427
0.4431316767171142	0.24371809072114564	-7.224744558334351
0.44325435359546267	0.24375508435794244	-7.19474458694458
0.44172180895601393	0.24657964659319012	-7.154744625091553
0.44173614095768127	0.2431681431677803	-7.124744653701782
0.48523352301575284	0.24140321678226595	-7.094744682312012
0.48488430502249497	0.2464032861802432	-7.054744720458984
0.48205389274584864	0.24764084197428707	-7.024744749069214
0.48122308829659494	0.2481712754763835	-6.994744777679443
0.4811336318692724	0.24761656175117808	-6.954744577407837
0.4806200027847663	0.24847312514491246	-6.924744606018066
0.48057091265810853	0.2461796493785971	-6.894744634628296
0.47931418633946543	0.24641747063864597	-6.8547446727752686
0.47842252792975704	0.24683180386767875	-6.824744701385498
0.4784665737607712	0.2480890352617079	-6.7947447299957275
0.48076299054212085	0.2533123752886928	-6.7547447681427
0.5006683743209657	0.25663466381324157	-6.724744558334351
0.5397912168149399	0.2830544936770525	-6.69474458694458
0.5384510277111402	0.3470839985881745	-6.624744653701782
0.49513852914695067	0.28254087756172297	-6.594744682312012
0.47129560695118833	0.31145660221019433	-6.554744720458984
0.4564200172248847	0.3228050814311442	-6.524744749069214
0.4381150773612955	0.30756299214890903	-6.494744777679443
0.5010549709175006	0.39065526526637845	-6.454744577407837
0.49810317059013937	0.3858315264897107	-6.424744606018066
0.4877288563702427	0.3770309010053606	-6.394744634628296
0.45619769175604835	0.4038481518781762	-6.3547446727752686
0.4512685647973655	0.39674769313159397	-6.324744701385498
0.45170833323376436	0.399731652428705	-6.2947447299957275
0.43737734611858303	0.3102741272506525	-6.2547447681427
0.44360283480398743	0.30977661566302317	-6.224744558334351
0.443487384308119	0.3079300656066188	-6.19474458694458
0.43421066491610527	0.30051976571977485	-6.154744625091553
0.4348281941486824	0.3035836299179602	-6.124744653701782
0.43465110379749744	0.30122758909532493	-6.094744682312012
0.4328357196056156	0.3077325816156167	-6.054744720458984
0.7501230915072167	0.3179098601682584	-5.994744777679443
0.7438632890203543	0.3261966291748907	-5.954744577407837
0.7405199702022068	0.33022621387933376	-5.924744606018066
0.7403885381577133	0.3298555132182744	-5.894744634628296
0.7325195067914733	0.33766489741688166	-5.8547446727752686
0.7262520896653689	0.3483592964800838	-5.824744701385498
0.6323681683178292	0.557379833253489	-5.7947447299957275
0.5806245125621607	0.621432239555181	-5.7547447681427
0.5975669379917448	0.6815667436977294	-5.724744558334351
0.5997459995520614	0.6972925447398653	-5.69474458694458
0.5976218226798528	0.713780672749473	-5.654744625091553
0.5313270404261393	0.7146727503534801	-5.624744653701782
0.5403743542308485	0.6725148478101503	-5.594744682312012
0.5403743542308485	0.6725148478101503	-5.554744720458984
0.5403743542308485	0.6725148478101503	-5.524744749069214
0.5403743542308485	0.6725148478101503	-5.4847447872161865
0.5403743542308485	0.6725148478101503	-5.454744577407837
0.5403743542308485	0.6725148478101503	-5.424744606018066
0.5403743542308485	0.6725148478101503	-5.394744634628296
0.5403743542308485	0.6725148478101503	-5.3547446727752686
0.5662364687697817	0.7924630276163859	-5.324744701385498
0.5655405674524294	0.7920327715845453	-5.2947447299957275
0.5676214958292255	0.7886917760830461	-5.2547447681427
0.5672628022172209	0.7873340294267444	-5.224744558334351
0.5670339967788743	0.7894520751099406	-5.19474458694458
0.5661388637744036	0.7867327468862593	-5.154744625091553
0.5654284406060638	0.7842592546155888	-5.124744653701782
0.5713797637412851	0.7976550172717916	-5.094744682312012
0.5692648380903018	0.7990399254391514	-5.054744720458984
0.5668058946063333	0.7940255952248667	-5.024744749069214
0.3758041082874691	0.24390385638565665	-4.994744777679443
0.3816592323985646	0.24034149987675188	-4.954744577407837
0.3810451492113093	0.24961406213149362	-4.924744606018066
0.3803388622699013	0.25889405244497204	-4.894744634628296
0.3801960940450773	0.2697866815400945	-4.8547446727752686
0.3841871724758759	0.27786082964056974	-4.824744701385498
0.38676789869056166	0.2821507006054329	-4.7947447299957275
0.3814873955420061	0.2832315825257925	-4.7547447681427
0.3804240387862134	0.2806964419684464	-4.724744558334351
0.3944123309218638	0.2776028623195431	-4.69474458694458
0.3898334235723551	0.2786498029880574	-4.654744625091553
0.3921966114414173	0.27591304989087906	-4.624744653701782
0.3919192814395849	0.27156307144380315	-4.594744682312012
0.39051404410313867	0.2695550052784241	-4.554744720458984
0.3912477897728273	0.26762953702131975	-4.524744749069214
0.3926095750315463	0.2706491018930938	-4.494744777679443
0.36625891220163376	0.26347466719525114	-4.454744577407837
0.3656369560969225	0.2716584349659596	-4.424744606018066
0.36569350629474145	0.27050032586239586	-4.394744634628296
0.36542266049287925	0.2696070334239896	-4.3547446727752686
0.3657353507001381	0.26913936875551076	-4.324744701385498
0.3657157091791354	0.2691158613727025	-4.2947447299957275
0.365037267346236	0.26962967252632514	-4.2547447681427
0.36628409207745793	0.27001236906691334	-4.224744558334351
0.36471291595533334	0.2721967318719447	-4.19474458694458
0.3654295276777945	0.27612688299639204	-4.154744625091553
0.36524744148940325	0.2780090367922895	-4.124744653701782
0.36383450408305346	0.27769189171232334	-4.094744682312012
0.36515651267475535	0.27555226837614544	-4.054744720458984
0.36287984636860143	0.2761549948005004	-4.024744749069214
0.36900643464962285	0.27865997307182494	-3.9947447776794434
0.36931482065335164	0.2765691652358915	-3.954744577407837
0.36415676006274195	0.27383462077865334	-3.9247446060180664
0.367095202999667	0.2725132467115787	-3.894744634628296
0.3654088459041236	0.2685676466863834	-3.8547446727752686
0.36781895646302976	0.27556714772510105	-3.824744701385498
0.3697172335857953	0.27298855639696906	-3.7947447299957275
0.36499311803947904	0.27270828523171287	-3.7547447681427
0.3662176324143814	0.2735076123799351	-3.7247445583343506
0.36682383550407655	0.27162499761391623	-3.69474458694458
0.408421190912782	0.23723199377852006	-3.6547446250915527
0.4113564717678349	0.24230635509085585	-3.6247446537017822
0.4124260392215202	0.24379223427672111	-3.5947446823120117
0.4140407675713224	0.24219057131337096	-3.5547447204589844
0.4084896831415892	0.2379895322952803	-3.524744749069214
0.41282117843670535	0.23904361056158552	-3.4947447776794434
0.4191275812499927	0.24596966987984947	-3.454744577407837
0.4241983113496625	0.2519153485718797	-3.4247446060180664
0.4434187292682721	0.33868443829285927	-3.394744634628296
0.44238214457731356	0.34212435591927925	-3.3547446727752686
0.44238214457731356	0.34212435591927925	-3.324744701385498
0.44238214457731356	0.34212435591927925	-3.2947447299957275
0.44238214457731356	0.34212435591927925	-3.2547447681427
0.44238214457731356	0.34212435591927925	-3.2147445678710938
0.44238214457731356	0.34212435591927925	-3.1847445964813232
0.44238214457731356	0.34212435591927925	-3.1547446250915527
0.4027163896961456	0.26063262699657586	-3.1247446537017822
0.42871338672988113	0.26447742675909713	-3.0947446823120117
0.431977419690925	0.3004183648434643	-2.9247446060180664
0.4236982664772824	0.2955777996462002	-2.894744634628296
0.42192418583474134	0.29191180229220887	-2.8547446727752686
0.4187774714930396	0.2893467576262304	-2.824744701385498
0.4157572003572585	0.28781199318038947	-2.7947447299957275
0.4125961501788545	0.28376751067938166	-2.7547447681427
0.4104198649225492	0.2816812158488047	-2.7247445583343506
0.3916069520154281	0.2795149950486398	-2.69474458694458
0.3867449160099743	0.27842505545428475	-2.6547446250915527
0.3885712447753127	0.2772714935559041	-2.6247446537017822
0.38624091288306084	0.2769396653714875	-2.5947446823120117
0.38329331508762027	0.276051839544419	-2.5547447204589844
0.3814981174677895	0.2761538793284025	-2.524744749069214
0.38292388351649104	0.27671946326352104	-2.4947447776794434
0.3797073616541214	0.27835470532268836	-2.454744577407837
0.37929252723333823	0.27890436616910597	-2.4247446060180664
0.37750150579336034	0.28405757514253166	-2.394744634628296
0.3768530873004546	0.27921273698080007	-2.3547446727752686
0.3749843445860738	0.2870665140244898	-2.324744701385498
0.4065330395636287	0.2810842968538119	-2.2947447299957275
0.4023959103147735	0.2812344604108108	-2.2547447681427
0.40182009805567975	0.2866702705493165	-2.2247445583343506
0.4004507508218643	0.2876158998339186	-2.19474458694458
0.4006323299278253	0.2883972204467983	-2.1547446250915527
0.4007150786368929	0.2883156381089157	-2.1247446537017822
0.41174392129699905	0.2819875043623752	-2.0947446823120117
0.41884828665945084	0.2826974717452837	-2.0547447204589844
0.4187444444014885	0.28401999216250656	-2.024744749069214
0.4177638466923611	0.28322537731471864	-1.9947447776794434
0.41759036401897265	0.2848666939500288	-1.954744577407837
0.4186918181844211	0.28604074733525203	-1.9247446060180664
0.41812019491013025	0.28476585823772066	-1.894744634628296
0.4168111576668398	0.28273001055667013	-1.8547446727752686
0.41321927283733173	0.28213977395549056	-1.824744701385498
0.4102164508936071	0.28170940358120383	-1.7947447299957275
0.40405409481276605	0.27300034308200877	-1.7547447681427002
0.39640735366788415	0.26713450126403127	-1.7247445583343506
0.39302263328015585	0.26431815610051956	-1.69474458694458
0.3927782590845314	0.2672563124103208	-1.6547446250915527
0.3938140965675681	0.26791011893527533	-1.6247446537017822
0.39387542488976013	0.26688671140845055	-1.5947446823120117
0.3912718421721614	0.26906141400285777	-1.5547447204589844
0.35538767907180224	0.28835768239733317	-1.5247447490692139
0.3540451823258861	0.2911258889558098	-1.4947447776794434
0.35440175207620034	0.29577350610450165	-1.454744577407837
0.34876306708527427	0.29533153936423434	-1.4247446060180664
0.34896513539046875	0.29516405651265715	-1.394744634628296
0.34802599946334833	0.294668004302385	-1.3547446727752686
0.3475521652776456	0.3004190510516379	-1.324744701385498
0.35087572222391156	0.2993953683912623	-1.2947447299957275
0.362223123024582	0.31989322743922893	-1.2547447681427002
0.3638641268571621	0.31832257991374097	-1.2247445583343506
0.36428104763049807	0.3198659879197138	-1.19474458694458
0.3637888799774078	0.3228589639566886	-1.1547446250915527
0.3651215474395073	0.3230568326410129	-1.1247446537017822
0.3658802962862614	0.3229361535288488	-1.0947446823120117
0.3666559016657065	0.32384251980550316	-1.0547447204589844
0.3642420769626311	0.31715662769467096	-1.0247447490692139
0.35138303645294966	0.18440490289169775	-0.9947447776794434
0.35424821632220704	0.18210692246519639	-0.9547445774078369
0.3560644667847649	0.18547082973012835	-0.9247446060180664
0.35752531894739153	0.18658664807899955	-0.8947446346282959
0.3592874003177152	0.18693093125475632	-0.8547446727752686
0.35957478312587393	0.18346240902164435	-0.824744701385498
0.3607398913464549	0.18182054048959995	-0.7947447299957275
0.36269790372572563	0.18076617900943492	-0.7547447681427002
0.3600694023745087	0.17963761458841684	-0.7247445583343506
0.36452820677763736	0.1786261775782346	-0.6947445869445801
0.3646081383091118	0.17760354053660918	-0.6547446250915527
0.36443223796331947	0.17867261934447293	-0.6247446537017822
0.36415863767882645	0.17808729895416264	-0.5947446823120117
0.3659203440378667	0.17625749701879273	-0.5547447204589844
0.3647504404641705	0.1717113177788564	-0.5247447490692139
0.3638571853381633	0.1680541706369026	-0.49474477767944336
0.3614998225617314	0.16413164467353197	-0.4547445774078369
0.3586682480097185	0.16182848967578775	-0.4247446060180664
0.3573350531987743	0.16253841801505262	-0.3947446346282959
0.3576024556345901	0.16392894890259652	-0.35474467277526855
0.3565545130989397	0.1622982508164976	-0.32474470138549805
0.3580912140831816	0.1613492860156196	-0.29474472999572754
0.3588723971638563	0.16080424111715444	-0.2547447681427002
0.35813737871734524	0.15517441074541538	-0.22474455833435059
0.3595824879656972	0.15859364429968018	-0.19474458694458008
0.35908384256668474	0.15822508854674724	-0.15474462509155273
0.3607690476588248	0.16005634962857263	-0.12474465370178223
0.3620109860750459	0.15951885349581985	-0.09474468231201172
0.36343206487356655	0.15769785444224715	-0.054744720458984375
0.3651967329365026	0.15934006237310747	-0.024744749069213867
0.3657158901824625	0.16471756030164125	0.005255222320556641
0.3661707457921129	0.1577888872058789	0.045255422592163086
0.3626794581866072	0.17231551051754362	0.0752553939819336
0.36190873697277814	0.17711587688976907	0.1052553653717041
0.361156960900102	0.17832276560996013	0.14525532722473145
0.3593062883374364	0.1676881644792258	0.17525529861450195
0.4874743069955841	0.542575038160517	0.2452552318572998
0.4805961032805958	0.5598014587755877	0.2752554416656494
0.47212439160934827	0.5838870622556009	0.3052554130554199
0.46606748955910465	0.5788826041891454	0.34525537490844727
0.4592410989151082	0.5968750074277973	0.3752553462982178
0.4548206318484595	0.600373830828646	0.4052553176879883
0.4383682071948016	0.6011002191356696	0.4452552795410156
0.5746216779891233	0.8179786226216511	0.5052552223205566
0.5594588343496515	0.8142603188253404	0.5452554225921631
0.5560528209443614	0.820629164967221	0.5752553939819336
0.5519013767997234	0.824988993747015	0.6052553653717041
0.4081219518456902	0.8320978248602126	0.675255298614502
0.3924807627365118	0.8417379786320027	0.7052552700042725
0.3876020029566344	0.8423194834844296	0.7452552318572998
0.38201918254177797	0.8361946825468314	0.7752554416656494
0.37517188803573387	0.8364130114415608	0.8052554130554199
0.3593776570886654	0.8414631274307859	0.8452553749084473
0.35130207616823816	0.8543899422505793	0.8752553462982178
0.35191973918184005	0.8675462731021825	0.9052553176879883
0.3605705942099002	0.8569057931823607	0.9452552795410156
0.4774418468772615	0.9102450297328272	1.0752553939819336
0.4563841616346536	0.8901482225995645	1.105255365371704
0.4429812041189102	0.8978732261238842	1.1452553272247314
0.44171146424794516	0.8937002144636913	1.175255298614502
0.438382198186805	0.8984646184733741	1.2052552700042725
0.4343432668210921	0.8905953671153543	1.2452552318572998
0.5359555249764463	0.8842827932854335	1.2752554416656494
0.5286245358729852	0.8878807151204238	1.30525541305542
0.5268787488313591	0.8878787065999203	1.3452553749084473
0.5264311368572472	0.8887413857387988	1.3752553462982178
0.5259226691220797	0.8879275545843421	1.4052553176879883
0.5254637900274893	0.8905928453614691	1.4452552795410156
0.5238232382926634	0.8904493784305234	1.4752552509307861
0.5235172302039725	0.8911107076750446	1.5052552223205566
0.5232801200623054	0.8927380072444194	1.545255422592163
0.5212373186349265	0.8902100629640277	1.5752553939819336
0.5208339310960437	0.8883983222762681	1.605255365371704
0.5221433719460042	0.8882107422228323	1.6452553272247314
0.520758935316137	0.8868090188262252	1.675255298614502
0.5196794060785579	0.8842207782584623	1.7052552700042725
0.519652416908602	0.8843097859079843	1.7452552318572998
0.5185360655407265	0.8854698827357206	1.7752554416656494
0.5173985020775224	0.8872714455846692	1.80525541305542
0.5156260201373404	0.8899384521185295	1.8452553749084473
0.6025391690231053	0.8794252536241108	1.8752553462982178
0.6108623390534623	0.8823451079060635	1.9052553176879883
0.6101726179195012	0.8854141790280893	1.9452552795410156
0.6097331629000236	0.8843700745553056	1.9752552509307861
0.6089092485695569	0.8866183342725396	2.0052552223205566
0.6089086555157678	0.8864240502640292	2.045255422592163
0.6106417047171148	0.8840613942798301	2.0752553939819336
0.6082138247919958	0.8852986506462946	2.105255365371704
0.6103575001445698	0.880472197128376	2.1452553272247314
0.6097082802869549	0.8794766717348289	2.175255298614502
0.611785742560336	0.8778562519031472	2.2052552700042725
0.6098967898708803	0.873548263744553	2.2452552318573
0.4841776211548215	0.7781071752233012	2.2752554416656494
0.47556263360763834	0.7788822166926697	2.30525541305542
0.4753080026522059	0.7776522873726937	2.3452553749084473
0.47456138001452386	0.7787937557660345	2.3752553462982178
0.47610415346143614	0.7789732969348354	2.4052553176879883
0.4754705968687415	0.7801363999387426	2.4452552795410156
0.47480031663419126	0.7796954014806938	2.475255250930786
0.4747070652253641	0.7800481682454107	2.5052552223205566
0.4745250654799689	0.7771093855158933	2.545255422592163
0.4775195104053525	0.7756614940559675	2.5752553939819336
0.5494842699303929	0.7364511035307618	2.605255365371704
0.5400986087601065	0.7544928023604771	2.6452553272247314
0.5405458336461741	0.7532750534059725	2.675255298614502
0.5391086243635396	0.7545179391317465	2.7052552700042725
0.5405356131884943	0.7545913247762956	2.7452552318573
0.5403108461869354	0.7541735501528816	2.7752554416656494
0.5476184232196263	0.7020886766013478	2.80525541305542
0.5555407798800815	0.6764140344166287	2.8452553749084473
0.5535901268792629	0.6763579023218919	2.8752553462982178
0.5546543239801099	0.6798465355786578	2.9052553176879883
0.5565171095350472	0.6764109861077051	2.9452552795410156
0.5565470229982772	0.677587629370824	2.975255250930786
0.5562443590135434	0.678053220769006	3.0052552223205566
0.5630069522911174	0.6756274783626365	3.045255422592163
0.6059996343102485	0.6755842511940298	3.0752553939819336
0.605046706588386	0.6791414366879603	3.105255365371704
0.6074363689182759	0.6772449885851967	3.1452553272247314
0.6074392259879913	0.6802409471630987	3.175255298614502
0.6086181031444708	0.6798937731975258	3.2052552700042725
0.6092625510965557	0.6804592630088506	3.2452552318573
0.6944781635329973	0.6724274314806642	3.30525541305542
0.6946785372889336	0.6673053091332307	3.3452553749084473
0.6955302744459622	0.6681658069478603	3.3752553462982178
0.6952563272914319	0.6672667862522248	3.4052553176879883
0.6941897413094192	0.6679885221894387	3.4452552795410156
0.6933951942048828	0.6703999324028201	3.475255250930786
0.6912634874973593	0.6700782389885794	3.5052552223205566
0.6908223314200659	0.6699853549186978	3.545255422592163
0.6913777586166844	0.6719078439483538	3.5752553939819336
0.6893032707192944	0.671160913884223	3.605255365371704
0.6889881194868138	0.6713931105734481	3.6452553272247314
0.68970623271776	0.6691820357466448	3.675255298614502
0.6893184647063029	0.6718015296611696	3.7052552700042725
0.6933315385517503	0.6745977767895028	3.7452552318573
0.7725351157345907	0.7373789273591527	3.7752554416656494
0.7668690956421675	0.7420606357380819	3.80525541305542
0.7666948868142776	0.7460861324315913	3.8452553749084473
0.7658743005506679	0.7476844315662224	3.8752553462982178
0.7638686862616635	0.7498854914689	3.915255308151245
0.7639083587157584	0.752059035304982	3.9452552795410156
0.7637703362629072	0.7515849936556444	3.975255250930786
0.7599550219734382	0.7528499728558227	4.005255222320557
0.7594962190980606	0.7527358202661786	4.045255422592163
0.7592504636826579	0.752537793109614	4.075255393981934
0.8093313035890197	0.7660581336012074	4.105255365371704
0.8125180770080895	0.7650473098589249	4.1452553272247314
0.8124910732561915	0.7697526002798143	4.175255298614502
0.8115535465976406	0.7700998405055937	4.2052552700042725
0.8100607582421889	0.7762224469850434	4.2452552318573
0.80723700468901	0.7795898332064419	4.275255441665649
0.8062114525855317	0.7825151979658956	4.30525541305542
0.8043749717953304	0.7833376476363973	4.345255374908447
0.803718268986	0.7864269795464892	4.375255346298218
0.8037289175278381	0.7899202926669427	4.405255317687988
0.8052557065514742	0.7927132164169438	4.445255279541016
0.5974757265705943	0.47081973360440743	4.505255222320557
0.5956160150139761	0.4736734143048431	4.545255422592163
0.5929186525522164	0.48087205662683524	4.575255393981934
0.5905315478483555	0.48417824720005176	4.605255365371704
0.5894513417598279	0.4851468961572514	4.6452553272247314
0.5878155757283615	0.48476441545362975	4.675255298614502
0.5868892824953214	0.48278088473824443	4.7052552700042725
0.526729479660359	0.5050728749491817	4.7452552318573
0.5158057270138323	0.5162848262540229	4.785255432128906
0.5129743120084234	0.5164878084175125	4.80525541305542
0.5105363413962674	0.5202367493167027	4.845255374908447
0.509219273940085	0.5233119788185113	4.875255346298218
0.5084185624025263	0.5263463237546524	4.915255308151245
0.5061826323153708	0.5286455931468698	4.945255279541016
0.5057027274405337	0.5281860822184848	4.975255250930786
0.5056528008368613	0.5299367233784726	5.005255222320557
0.5061559375359134	0.5298522348737114	5.045255422592163
0.504791982937642	0.5319855079371585	5.075255393981934
0.5015597525137909	0.526500507818446	5.105255365371704
0.4822557369060506	0.47691824760095275	5.1452553272247314
0.48257587167592936	0.47832050208634186	5.175255298614502
0.4796520275759586	0.47500824415078113	5.2052552700042725
0.48116421089547556	0.47599703340468474	5.2452552318573
0.4824606206033552	0.4776931520992642	5.275255441665649
0.4831657161132145	0.47664801890218184	5.30525541305542
0.4851057444849532	0.4754754520083846	5.345255374908447
0.4868853415219966	0.47602106209981854	5.375255346298218
0.4881268252449147	0.4763918009618358	5.405255317687988
0.4870262790046492	0.4761422868715689	5.445255279541016
0.4873396250025919	0.47486338528696137	5.475255250930786
0.4878716358634752	0.47385867136017445	5.505255222320557
0.45905713186970387	0.44216639211151	5.545255422592163
0.42096411767775543	0.42989367950467255	5.58525538444519
0.42640606508398426	0.4216595340196542	5.605255365371704
0.4227530348998303	0.4238260565406767	5.6452553272247314
0.423622791903792	0.42420514491177047	5.675255298614502
0.426307311544215	0.4185041415501601	5.7052552700042725
0.4254135383789047	0.42120392508797255	5.7452552318573
0.42542156635552175	0.42166953935866547	5.775255441665649
0.4251017747541173	0.418907653354175	5.80525541305542
0.42582083342305094	0.41854152377449766	5.845255374908447
0.43028789115636706	0.4130845039391478	5.875255346298218
0.5213840460774207	0.33962501387978844	5.905255317687988
0.5206936939371852	0.3414573847510512	5.945255279541016
0.5196208649852084	0.34106674464750214	5.975255250930786
0.5194538703735702	0.34287722435984735	6.005255222320557
0.519415906419061	0.345467914816852	6.045255422592163
0.5184501925271421	0.34457213504721823	6.075255393981934
0.5189675152218188	0.3449402305456607	6.105255365371704
0.5981985976328303	0.3401279748822531	6.1452553272247314
0.6368645834387542	0.33855120469481875	6.175255298614502
0.6361848958566363	0.3392214066130289	6.2052552700042725
0.636640559456427	0.34205397583007796	6.2452552318573
0.6357529984231929	0.3418536481690921	6.275255441665649
0.6362639248339204	0.344529551236299	6.30525541305542
0.6368000165184123	0.34561122186295334	6.345255374908447
0.6363954428456634	0.3483542431905188	6.375255346298218
0.6369009363447838	0.349901685723082	6.405255317687988
0.6367576632344875	0.34950213006165837	6.445255279541016
0.6706377028050778	0.31720871379695625	6.475255250930786
0.6688410462194239	0.3179994029721028	6.505255222320557
0.6680814998392705	0.31705351357312944	6.545255422592163
0.6675686190546171	0.3177006092741467	6.575255393981934
0.6953425848260804	0.3554093297130203	6.605255365371704
0.6943422995060458	0.35801002876498633	6.6452553272247314
0.6935228630792563	0.36097736010276665	6.675255298614502
0.6919274096212854	0.36562822086463276	6.7052552700042725
0.6916747498259022	0.3656575121933033	6.7452552318573
0.6912804062321252	0.36622577809768864	6.775255441665649
0.6952542454154489	0.36795804973552637	6.80525541305542
0.7643830474990365	0.3512033597418854	6.845255374908447
0.7642276568555463	0.34844568934662884	6.885255336761475
0.7647472906814519	0.3481187845369007	6.905255317687988
0.7654325936633033	0.3502302988917373	6.945255279541016
0.7648606299215426	0.352702520403195	6.975255250930786
0.7657731754444328	0.3550159858600197	7.005255222320557
0.7664627880879681	0.35739674911975644	7.045255422592163
0.7669730087697172	0.35496964499863104	7.075255393981934
0.7675630194678216	0.3573114119043045	7.105255365371704
0.7681144899846007	0.35749284542569704	7.1452553272247314
0.7684754180761895	0.3563898918292792	7.175255298614502
0.7680699014564796	0.35551841096115483	7.2052552700042725
0.6729203318932985	0.29172642165851304	7.2452552318573
0.6673633681765814	0.2906292067595267	7.275255441665649
0.6653601734125538	0.29175358419431957	7.30525541305542
0.6611705498646065	0.29299342771348125	7.345255374908447
0.6592689225868401	0.29440712837356897	7.375255346298218
0.6595691152210069	0.29429047237861455	7.405255317687988
0.6583763215613321	0.29526049490664735	7.445255279541016
0.659697228145731	0.2941517755036953	7.475255250930786
0.7118287846094953	0.26645107733639106	7.505255222320557
0.7093250289459703	0.26916618894959643	7.545255422592163
0.7071277536093434	0.27302792165654743	7.575255393981934
0.7097090300011051	0.26906239325335707	7.605255365371704
0.7037634770805841	0.2767203105624535	7.6452553272247314
0.6999989302262456	0.27555469293021695	7.675255298614502
0.6440852629816934	0.2744924748953983	7.7052552700042725
0.6419808103332112	0.2742328031409922	7.7452552318573
0.6419125341613943	0.2827133199012521	7.775255441665649
0.641407410259362	0.2823211720376175	7.80525541305542
0.640641907378421	0.2886901896061453	7.845255374908447
0.6385708088070412	0.2919031072115678	7.875255346298218
0.5788059162552686	0.2942836984340357	7.905255317687988
0.5721032670919605	0.30459669312077187	7.945255279541016
0.5706613827034216	0.3073916624112476	7.975255250930786
0.5694499258334134	0.30364248753347334	8.005255222320557
0.5696673965596385	0.30262684528880524	8.045255422592163
0.5700752449006736	0.303604672434426	8.075255393981934
0.5686217334722188	0.3050371618027907	8.105255365371704
0.5651981141135864	0.30544679929413965	8.145255327224731
0.5483775118819396	0.3019227192623632	8.175255298614502
0.4936769509720686	0.31675630386425496	8.205255270004272
0.48978960662705967	0.3185825226953402	8.2452552318573
0.4890509823168047	0.3156232073623523	8.27525544166565
0.4893898603352779	0.31062607266139763	8.30525541305542
0.48799035357528275	0.3092844729257534	8.345255374908447
0.48927899627298305	0.31094595896344357	8.375255346298218
0.4524334883074822	0.2654590106654813	8.405255317687988
0.45212406890577517	0.24896088660263588	8.445255279541016
0.4525719698632533	0.24847471935621238	8.475255250930786
0.45182822971241887	0.24988790035135724	8.505255222320557
0.45063705153308	0.25021884939460093	8.545255422592163
0.4509475754425068	0.24799799091673588	8.575255393981934
0.4520305342177332	0.24593292068820521	8.605255365371704
0.4521946268714188	0.2430335875669435	8.645255327224731
0.4539028314116902	0.24201272008954874	8.675255298614502
0.45256512577296526	0.23977484919540468	8.705255270004272
0.41370329817517515	0.19146928337768535	8.7452552318573
0.41424328942827376	0.18929850967912024	8.77525544166565
0.4106371172346946	0.18689916337175294	8.80525541305542
0.4133574516448906	0.1856914577989307	8.845255374908447
0.41333682436475283	0.18411464711085135	8.875255346298218
0.4133674711315785	0.1813288594210523	8.905255317687988
0.4135230490454925	0.179728647749177	8.945255279541016
0.41441662886802205	0.18076793901258947	8.975255250930786
0.41825292179383117	0.1799933209833355	9.005255222320557
0.4185014438396376	0.18307683295857635	9.045255422592163
0.4601327359929233	0.16388198047663788	9.075255393981934
0.48558825013587786	0.1552517386993687	9.105255365371704
0.48590351718065133	0.15910702641103877	9.145255327224731
0.4855312247656972	0.16018642695320168	9.175255298614502
0.4847607223288014	0.1600828698223144	9.205255270004272
0.48591094853514544	0.15938238002758906	9.2452552318573
0.48629353681458964	0.16091754498476676	9.27525544166565
0.4869416309731325	0.16155481542891736	9.30525541305542
0.48617293811121765	0.16482781771726052	9.345255374908447
0.4863580030022358	0.16545054000470005	9.375255346298218
0.4853524650732073	0.16708051957208023	9.405255317687988
0.48489728792234815	0.1696355984617251	9.445255279541016
0.3810284559732343	0.15468289184813908	9.505255222320557
0.37883233965807794	0.1541977024832071	9.545255422592163
0.3745166881263428	0.15789851887058015	9.575255393981934
0.373457655804154	0.1586176550552396	9.605255365371704
0.3717534016314565	0.15837937240892563	9.645255327224731
0.36913037176149033	0.1572001513261563	9.675255298614502
0.37149889120630597	0.16090434247866164	9.705255270004272
0.3659238985523025	0.1567346941823478	9.7452552318573
0.37087737022027534	0.16088915935520673	9.77525544166565
0.3689456079392512	0.16481042106640476	9.80525541305542
0.36937217316978616	0.16667660992932412	9.845255374908447
0.5940516189078646	0.4667463551534467	9.905255317687988
