COORDENADA X	 COORDENADA Y	 TEMPO
0.5002751003167774	0.3337533144049067	-67.55047869682312
0.501219491802988	0.3386288322924711	-67.52047872543335
0.503504494079438	0.32155320212799654	-67.49047875404358
0.4924968853540882	0.32121047276004355	-67.45047855377197
0.79936137881997	0.21858154789351603	-67.4204785823822
0.849061865642289	0.3290268702780801	-67.3504786491394
0.849061865642289	0.3290268702780801	-67.32047867774963
0.849061865642289	0.3290268702780801	-67.29047870635986
0.849061865642289	0.3290268702780801	-67.25047874450684
0.849061865642289	0.3290268702780801	-67.22047853469849
0.849061865642289	0.3290268702780801	-67.19047856330872
0.849061865642289	0.3290268702780801	-67.15047860145569
0.849061865642289	0.3290268702780801	-67.12047863006592
0.849061865642289	0.3290268702780801	-67.09047865867615
0.2541881164663891	0.8803397566338298	-67.02047872543335
0.28847578154885756	0.8846539417962722	-66.99047875404358
0.6464225109639122	0.44096790538465347	-66.89047861099243
0.34488140076561524	0.8780202050149118	-66.83047866821289
0.3468150882535408	0.8802884530534417	-66.81047868728638
0.33731103164418574	0.9153397781598527	-66.79047870635986
0.3290308057789855	0.9246414139337814	-66.75047874450684
0.2417226528552881	0.9049252935496168	-66.72047853469849
0.25558525438380836	0.9187838765450981	-66.69047856330872
0.2832062743627779	0.9092670542265133	-66.65047860145569
0.2832062743627779	0.9092670542265133	-66.62047863006592
0.2832062743627779	0.9092670542265133	-66.59047865867615
0.2832062743627779	0.9092670542265133	-66.55047869682312
0.49267076995847026	1.1661998210056694	-66.52047872543335
0.33600282890919214	0.9048022904658952	-66.45047855377197
0.3518226874763845	1.0094245133290891	-66.4204785823822
0.33959960229455344	1.042165059405436	-66.39047861099243
0.33364098954062155	1.0583908141143643	-66.3504786491394
0.18103872179367725	1.0812078949260295	-61.09047865867615
0.1881165338394229	1.133316921590429	-60.720478534698486
0.009978846894957443	0.9831502491786444	-59.59047865867615
0.051552207665813136	1.0212983495215688	-59.15047860145569
0.14035509237832297	0.7521144968271835	-58.95047855377197
0.25497628820226365	0.7903985493292095	-58.750478744506836
0.2535784444250213	0.796333384974914	-58.720478534698486
0.26987977149098447	0.7988747601847481	-58.690478563308716
0.2706890289408043	0.8017342629462079	-58.65047860145569
0.31525063567052625	0.7247046052363847	-58.62047863006592
0.3081623829496471	0.7160086176091007	-58.59047865867615
0.3158608537645843	0.7193748066751975	-58.55047869682312
0.23880225839714242	0.6733578302426452	-58.52047872543335
0.24499358990243317	0.6694622004569154	-58.49047875404358
0.24894334249887534	0.6682234673283133	-58.45047855377197
0.25117251325882867	0.6681002029817125	-58.4204785823822
0.2480709604429894	0.6584668204713551	-58.39047861099243
0.25388311104323347	0.6622530994833589	-58.350478649139404
0.25355766049923734	0.6520270558150962	-58.320478677749634
0.2553608901717965	0.6496349088434192	-58.29047870635986
0.26588384751648786	0.6462232824269505	-58.250478744506836
0.2501647535033374	0.6747322408013807	-58.220478534698486
0.23579213286968176	0.6911044326664291	-58.190478563308716
0.22963026972102202	0.6564571824159	-58.15047860145569
0.23176194351037951	0.6594085498179957	-58.12047863006592
0.23482438186365032	0.653522705120105	-58.09047865867615
0.23721081454189158	0.657293547839242	-58.05047869682312
0.23908395009771585	0.6568487712060521	-58.02047872543335
0.3051202049664851	0.735219341427321	-57.95047855377197
0.29550916800116367	0.730533746415441	-57.9204785823822
0.30144801306381885	0.7417894898282976	-57.89047861099243
0.2970171756248077	0.735519733280489	-57.850478649139404
0.2932984008064058	0.7382605896175727	-57.820478677749634
0.28341304560020913	0.743469412980006	-57.79047870635986
0.2775842267442381	0.754414172230459	-57.750478744506836
0.2605895430452831	0.7393667449854336	-57.720478534698486
0.2564209984870888	0.7342786197602654	-57.690478563308716
0.25345768786202266	0.7293463912238198	-57.65047860145569
0.24241409363229918	0.7237811797301663	-57.62047863006592
0.35367269110334926	0.7096271443062903	-57.59047865867615
0.37287002467314784	0.712071520489961	-57.55047869682312
0.7837332818053153	0.23916802703235598	-57.52047872543335
0.7890900418962534	0.23980188143419032	-57.49047875404358
0.3580773802431166	0.758508400308566	-57.45047855377197
0.35176846914578874	0.7531185902230398	-57.4204785823822
0.3511101237031738	0.7484768574825654	-57.39047861099243
0.280270614838263	0.7495109879722519	-57.350478649139404
0.27924855657872755	0.748268754557902	-57.320478677749634
0.3057146537100493	0.7383456916581642	-57.29047870635986
0.30034813656041515	0.7407844412187006	-57.250478744506836
0.30111597886971914	0.738378813323847	-57.220478534698486
0.30544349054439374	0.7398559579042258	-57.190478563308716
0.37222840349004577	0.7058111543407962	-57.15047860145569
0.4098156997803536	0.7210191900387092	-57.09047865867615
0.40787659829136436	0.7281410177741074	-57.05047869682312
0.38443428210570335	0.7372827990298068	-57.02047872543335
0.37053536429084766	0.7397172489480924	-56.99047875404358
0.36460936228280544	0.7442582340608824	-56.95047855377197
0.3507993236045674	0.751711987489213	-56.9204785823822
0.35062896182041353	0.7431521732549559	-56.89047861099243
0.34129935349318224	0.7460204098595566	-56.79047870635986
0.34222629365767504	0.7432622197385934	-56.77047872543335
0.33490764124333183	0.7525677182148192	-56.74047875404358
0.33250155868357256	0.7473115739088354	-56.71047854423523
0.3308567455156983	0.7501967955495059	-56.690478563308716
0.3307052752020501	0.7534544766111001	-56.65047860145569
0.32967907854555223	0.7527945122898726	-56.62047863006592
0.32778246175944664	0.755669162060896	-56.59047865867615
0.32449009174400983	0.7596434114907689	-56.55047869682312
0.32769423496206523	0.7603677682371777	-56.52047872543335
0.3941054165839772	0.7537129647317482	-56.49047875404358
0.3941057502544678	0.7541625238386381	-56.45047855377197
0.39413485152248373	0.7540220001089466	-56.4204785823822
0.3957565517340294	0.7529222245495958	-56.39047861099243
0.39612076839625915	0.7537833378637717	-56.350478649139404
0.3988428607389744	0.7527114409612164	-56.320478677749634
0.48369057739237886	0.7397724069303253	-56.29047870635986
0.4678427741599054	0.7544920611349446	-56.250478744506836
0.47244691391698557	0.7499676960645366	-56.220478534698486
0.47315280167814777	0.7483070228635843	-56.190478563308716
0.4721905493696944	0.7506254379880003	-56.15047860145569
0.47078119265226825	0.7497798369968854	-56.12047863006592
0.4673826887420174	0.7504505122447069	-56.09047865867615
0.4664242275579184	0.755397303125335	-56.05047869682312
0.4645590102615695	0.7554077296873484	-56.02047872543335
0.4904521043725476	0.75894154244386	-55.99047875404358
0.524373407939956	0.7522737325613864	-55.95047855377197
0.5215737497351594	0.7487035450879442	-55.9204785823822
0.5233667303925174	0.7468471802288619	-55.89047861099243
0.5222572696114518	0.7442814966342018	-55.850478649139404
0.5223259427057416	0.7436041005557774	-55.820478677749634
0.524285574094187	0.7399685757323674	-55.79047870635986
0.521525998827218	0.7408376687308587	-55.750478744506836
0.523292033894615	0.7401647670223325	-55.720478534698486
0.6037022467669401	0.7241213865579912	-55.65047860145569
0.6045955990584194	0.7239047014583943	-55.62047863006592
0.6034514688015131	0.7215736318305221	-55.59047865867615
0.6032905889465827	0.7224037346712119	-55.55047869682312
0.6016728449134375	0.7211283421504061	-55.52047872543335
0.6022535238975246	0.7232853447182225	-55.49047875404358
0.6004062631124811	0.7269216366428284	-55.45047855377197
0.603081472662812	0.724452044945631	-55.4204785823822
0.6046984439686495	0.7239355234366287	-55.39047861099243
0.6057696126665499	0.7246869205093258	-55.350478649139404
0.6271029434670463	0.7455295316511438	-55.320478677749634
0.6293377392849594	0.7406770128340575	-55.29047870635986
0.6314424280514742	0.7377752037359652	-55.250478744506836
0.6312167072261797	0.7389107713496075	-55.220478534698486
0.630880615706156	0.7381216995524136	-55.190478563308716
0.6913411685196843	0.7212978686246546	-55.15047860145569
0.6891611214572629	0.7209984467054898	-55.12047863006592
0.6878550825538852	0.7218474372922721	-55.09047865867615
0.6903622283679999	0.7231798964296529	-55.05047869682312
0.772096772249338	0.20574074573193835	-54.99047875404358
0.7735310105528108	0.21437297728708124	-54.95047855377197
0.775809829240118	0.21578669005306259	-54.9204785823822
0.7767650974900321	0.2199181278458579	-54.89047861099243
0.780083398487427	0.22854116716855366	-54.850478649139404
0.7354606501976442	0.21782468374719513	-54.820478677749634
0.7351235564722507	0.21898809876436492	-54.79047870635986
0.7346513611433652	0.21875951057959803	-54.750478744506836
0.30377992743152704	0.5740202639244595	-54.720478534698486
0.31766120738524484	0.5961518493714104	-54.660478591918945
0.31429407616514987	0.6077822262964947	-54.62047863006592
0.31247622735070596	0.6127009217648812	-54.59047865867615
0.31054683697940777	0.615245467588948	-54.55047869682312
0.30725558815333837	0.6167531241365971	-54.52047872543335
0.3084542514931742	0.6242909225685829	-54.49047875404358
0.3095435774894229	0.6293136658033757	-54.45047855377197
0.311052050255017	0.6336897390274386	-54.4204785823822
0.3117872850956798	0.635105153170338	-54.39047861099243
0.31113517649412775	0.637201849602922	-54.350478649139404
0.3074913931108804	0.6395236084342961	-54.320478677749634
0.3088053058206846	0.6418897513186756	-54.29047870635986
0.3120131494342204	0.6455535961205552	-54.250478744506836
0.31395141253860703	0.6484560636118428	-54.220478534698486
0.3160619464869554	0.6477462522964796	-54.190478563308716
0.31889828750546656	0.6468023781032561	-54.15047860145569
0.3024965603208582	0.6438963772762861	-54.12047863006592
0.29169386151628257	0.6359713246685755	-54.08047866821289
0.29285563241397333	0.6368325491815858	-54.05047869682312
0.29134130719511153	0.63941487205964	-54.02047872543335
0.29803904409707355	0.6594509425790306	-53.99047875404358
0.2967821780726027	0.6634849729476507	-53.95047855377197
0.294246311239786	0.6683202558986694	-53.9204785823822
0.2925388213616852	0.670658264032215	-53.89047861099243
0.29290401716445386	0.674576058865123	-53.850478649139404
0.29158774238040625	0.6781847687014618	-53.820478677749634
0.2934995176054483	0.6738786450536554	-53.79047870635986
0.2953076247743466	0.6781082713291747	-53.750478744506836
0.2966342807272799	0.677975722028096	-53.720478534698486
0.2942107611392697	0.6747183886417237	-53.690478563308716
0.2936795135347726	0.6748420143644105	-53.65047860145569
0.2927983853649548	0.642384974055397	-53.62047863006592
0.29008794351866984	0.6392522700368151	-53.59047865867615
0.2899831504471004	0.6411667933919918	-53.55047869682312
0.28840548039588787	0.6450633801687221	-53.52047872543335
0.2887791577709908	0.6465087427503111	-53.49047875404358
0.2874558510101197	0.6479116123634899	-53.45047855377197
0.28899100299133157	0.6537132978791697	-53.4204785823822
0.290523729852024	0.6509693257715133	-53.39047861099243
0.29206988676973267	0.6485208904515279	-53.350478649139404
0.2943979694811427	0.6123288772367674	-53.320478677749634
0.29615414941740337	0.6041189231748072	-53.280478715896606
0.2959018144580069	0.6002054509091018	-53.250478744506836
0.29498177423416366	0.5898853918186869	-53.220478534698486
0.2968807907729716	0.5882951183607161	-53.190478563308716
0.2975114291711823	0.585286306188666	-53.15047860145569
0.29745182546968013	0.5884791725063223	-53.12047863006592
0.29833949502563495	0.5894936785389001	-53.09047865867615
0.29922666008292303	0.5885584995760402	-53.05047869682312
0.3022861974878251	0.5875331837349194	-53.02047872543335
0.30303917441762696	0.5868193970067913	-52.99047875404358
0.32415379035865166	0.5695395848737144	-52.95047855377197
0.32369087659022955	0.5728141826993735	-52.9204785823822
0.3223154171722091	0.5731382424036147	-52.89047861099243
0.32335623012686293	0.5763733817911668	-52.850478649139404
0.29098245891462887	0.6014837558017907	-52.820478677749634
0.27287927990258554	0.5583188968064577	-52.79047870635986
0.2724433373000516	0.5622794015861633	-52.750478744506836
0.2725695529909198	0.5657149662002969	-52.720478534698486
0.2739621989327979	0.566868414776815	-52.690478563308716
0.2767579623156096	0.5653613217357051	-52.65047860145569
0.27501945747845186	0.5653624623904513	-52.62047863006592
0.27640111410721213	0.5662694618817931	-52.59047865867615
0.2777692738941683	0.5681730844286682	-52.55047869682312
0.27812218860321314	0.5684603964313385	-52.52047872543335
0.27776672268994856	0.5643708310412621	-52.49047875404358
0.27787410385448036	0.5641948398412568	-52.45047855377197
0.2781189498233792	0.5649756121148237	-52.4204785823822
0.27945388736163634	0.5650081656313971	-52.39047861099243
0.27798773389179465	0.5636131882371119	-52.350478649139404
0.2754330906049989	0.5681079516630861	-52.320478677749634
0.274966387591108	0.5711793095282781	-52.29047870635986
0.273354597329392	0.5721056006632227	-52.250478744506836
0.27158162139893244	0.5713427253876926	-52.220478534698486
0.2720323636767843	0.5729635965320129	-52.190478563308716
0.42906938234291114	0.5336840144520388	-52.15047860145569
0.5538331887173639	0.6930678161835125	-52.12047863006592
0.549799267938885	0.6859271851010865	-52.09047865867615
0.5386902433597308	0.701206559499196	-52.05047869682312
0.53692821944668	0.6994796862177604	-52.02047872543335
0.5347874569686181	0.7013441195913547	-51.99047875404358
0.5331268611308325	0.7026102597640711	-51.95047855377197
0.5389771245709464	0.7053804377587056	-51.9204785823822
0.44929825469596146	0.6822633870511191	-51.89047861099243
0.4451674499857045	0.7141331760908942	-51.850478649139404
0.44063940380327554	0.7051289288823289	-51.820478677749634
0.4391755723189657	0.7128403200258195	-51.79047870635986
0.42850074362789403	0.7231271160417994	-51.65047860145569
0.39283963138460143	0.714436622897392	-51.62047863006592
0.3658201759136008	0.7303045228748912	-51.59047865867615
0.3702047633491596	0.7802211277336841	-51.55047869682312
0.3797206641104828	0.8292057004765236	-51.52047872543335
0.37525034438974064	0.832748123779643	-51.49047875404358
0.36770741343801333	0.8395193772322754	-51.45047855377197
0.36481175574281477	0.8432293585914721	-51.4204785823822
0.3636361261075965	0.8477516492709117	-51.39047861099243
0.36518235820631184	0.84830929512379	-51.350478649139404
0.36389311455580586	0.8418043743057858	-51.320478677749634
0.3604685500887873	0.8425026385312403	-51.29047870635986
0.3596009681194637	0.8495682316855416	-51.250478744506836
0.3572865287335156	0.8565002875070302	-51.220478534698486
0.3555685524280717	0.8575100723082616	-51.190478563308716
0.35686569844106963	0.8590124833434657	-51.15047860145569
0.3555532451112307	0.8577396337832842	-51.12047863006592
0.35666600708704144	0.8605758817977106	-51.09047865867615
0.3577316822056973	0.8621992234426902	-51.05047869682312
0.35713074526797933	0.8605669818663247	-51.02047872543335
0.3600344635941286	0.8606683734158402	-50.99047875404358
0.28983320373420046	0.5404837673989535	-50.9204785823822
0.2874023151637457	0.5470385495577155	-50.89047861099243
0.28771962958976466	0.5534943478068616	-50.850478649139404
0.28734555311459703	0.5600649493485166	-50.820478677749634
0.2881335884691202	0.5623092526987742	-50.79047870635986
0.28845762659210983	0.5613116267092636	-50.750478744506836
0.28757055018919636	0.5640703285808428	-50.720478534698486
0.2853493696183787	0.5597353396947475	-50.690478563308716
0.26853316235320124	0.5311712976770612	-50.65047860145569
0.2714404672374923	0.532532004159699	-50.62047863006592
0.27074781257575486	0.5336966881811778	-50.59047865867615
0.27064245501733736	0.5345343369899448	-50.55047869682312
0.27209045820833455	0.5374768977435517	-50.52047872543335
0.2744885636744391	0.5366683211501776	-50.49047875404358
0.27684050582830555	0.5337359723835485	-50.45047855377197
0.2776163989594734	0.5333334033945437	-50.4204785823822
0.27882320671065697	0.5328332597271844	-50.39047861099243
0.27947815774432483	0.5337067018234998	-50.350478649139404
0.2811658217853644	0.5324440446425107	-50.320478677749634
0.2792932659638104	0.5193160980424553	-50.29047870635986
0.2802427939330356	0.5195266110231069	-50.250478744506836
0.27845853108102664	0.5209287437129262	-50.220478534698486
0.27892844807216066	0.5224110145403401	-50.190478563308716
0.27984181518613027	0.5230003850247343	-50.15047860145569
0.2815064787218335	0.5223630609265569	-50.12047863006592
0.279745468566771	0.525845789143398	-50.09047865867615
0.2787082431605663	0.5270344520862905	-50.05047869682312
0.28024205972990013	0.5244809988338973	-50.02047872543335
0.2972248389615313	0.5070044640987117	-49.99047875404358
0.3311400715896269	0.4988175769982133	-49.95047855377197
0.3312183804538303	0.37597319145456004	-49.820478677749634
0.47099464949215675	0.6083349135165316	-49.79047870635986
0.2744904171535049	0.41229479195800417	-49.750478744506836
0.2744904171535049	0.41229479195800417	-49.720478534698486
0.2744904171535049	0.41229479195800417	-49.690478563308716
0.2744904171535049	0.41229479195800417	-49.65047860145569
0.2744904171535049	0.41229479195800417	-49.62047863006592
0.31252811257240937	0.5385357338337499	-49.59047865867615
0.3029569076261602	0.536816233546948	-49.55047869682312
0.29621473033566836	0.541361121545527	-49.52047872543335
0.291761330218436	0.5472395456406217	-49.49047875404358
0.28558798690498644	0.550637394882884	-49.45047855377197
0.28516494185976915	0.5525850226094241	-49.4204785823822
0.6232341678383618	1.2180307791382758	-49.39047861099243
0.3282575658730387	0.5032151795362465	-49.220478534698486
0.31547413254324547	0.5427038447373852	-49.190478563308716
0.30140241968824444	0.5385826239633544	-49.15047860145569
0.28948310357144436	0.5502455886476962	-49.12047863006592
0.2843873211617502	0.5380206657021535	-49.09047865867615
0.2809752468125869	0.5343979740400985	-49.05047869682312
0.27340295116688956	0.5390494430262863	-49.02047872543335
0.26893591568717534	0.5387103688853092	-48.99047875404358
0.2671181051889534	0.5470203893238232	-48.95047855377197
0.2708258837349996	0.5492374181647209	-48.9204785823822
0.28153402736998046	0.549969951066295	-48.89047861099243
0.304855248918863	0.5430287381635501	-48.850478649139404
0.25613727626673083	0.3500113331753408	-48.79047870635986
0.36090254647590697	0.7013836797564822	-48.720478534698486
0.7673521543665883	0.22738193116549316	-48.690478563308716
0.7683066673466774	0.23135796529243605	-48.65047860145569
0.7701553647161103	0.2389426936887958	-48.62047863006592
0.38853951668239384	0.6499959573517252	-48.59047865867615
0.38047436183895	0.6946628089205886	-48.55047869682312
0.37890552155509005	0.7298662549596038	-48.52047872543335
0.37731497759107085	0.7229483208429819	-48.49047875404358
0.37432082420741364	0.7304112611873524	-48.43047857284546
0.36960304798609006	0.7427657489589261	-48.40047860145569
0.36960304798609006	0.7427657489589261	-48.380478620529175
0.36960304798609006	0.7427657489589261	-48.350478649139404
0.36960304798609006	0.7427657489589261	-48.320478677749634
0.3258389059921665	0.5744536891174151	-48.29047870635986
0.32841626945479635	0.5771219519385611	-48.250478744506836
0.36493982171776057	0.5724655263246015	-48.220478534698486
0.42226137213540565	0.5787787961021799	-48.190478563308716
0.4246966740229156	0.15752757554350946	-47.95047855377197
0.48305246088457227	0.23776884934936612	-47.9204785823822
0.467352586529733	0.20873570376464848	-47.89047861099243
0.4565014107934071	0.19475653743546933	-47.850478649139404
0.449595486413449	0.18127550050492994	-47.820478677749634
0.34796174168693617	0.23850544867945347	-47.79047870635986
0.3296050598661453	0.25636988070816474	-47.750478744506836
0.3294863866060966	0.21391690719599377	-47.720478534698486
0.2561648904130393	0.1573344476577766	-47.690478563308716
0.25819896267626774	0.14205472108308898	-47.65047860145569
0.2692391068026791	0.17339294920245274	-47.62047863006592
0.2718336472214245	0.20246305164710182	-47.59047865867615
0.36239940046308416	0.21871954887878628	-47.49047875404358
0.3748662124426937	0.27627775221929096	-47.39047861099243
0.40999958716392065	0.41297618732850083	-47.350478649139404
0.37698502271770873	0.44398267186857543	-47.320478677749634
0.3908802402051948	0.4874430422809965	-47.29047870635986
0.8075223027022886	0.17499591131278772	-47.250478744506836
0.8072441681787119	0.17694874241453049	-47.220478534698486
0.24644603882716778	0.46953323569813316	-47.190478563308716
0.24207848534210882	0.4785681591022741	-47.15047860145569
0.24269832107054387	0.48027544318037313	-47.12047863006592
0.2390240704407653	0.47919351014417794	-47.09047865867615
0.23488566160969568	0.4818623542772231	-47.05047869682312
0.2322193041442051	0.48791783250350584	-47.02047872543335
0.22474647356922853	0.5206027092488282	-46.99047875404358
0.21496325962087623	0.5251674689940935	-46.95047855377197
0.21089147338532604	0.5418652726882632	-46.9204785823822
0.2068551572878993	0.5350988174802288	-46.89047861099243
0.20455251578461578	0.535388945228845	-46.850478649139404
0.2011242992826567	0.5359379851484538	-46.820478677749634
0.20405437721271166	0.5376004528970723	-46.79047870635986
0.20324909943682404	0.5389875210622264	-46.750478744506836
0.20350703939120846	0.5395540061250367	-46.720478534698486
0.19810205111369938	0.5405509200531877	-46.690478563308716
0.19691419196810603	0.5415807044240534	-46.65047860145569
0.19565242650889994	0.5402745659249301	-46.62047863006592
0.19395145884285284	0.5447834262767696	-46.59047865867615
0.1942894795143478	0.5444260496780948	-46.55047869682312
0.192826431748885	0.5477253831951847	-46.52047872543335
0.19267225082140224	0.5494552764618647	-46.49047875404358
0.19117890957909883	0.5510755987816759	-46.45047855377197
0.18969490627150853	0.5533658213016844	-46.4204785823822
0.18927773344953153	0.5563422115914581	-46.39047861099243
0.1896987474412348	0.5565594411813273	-46.350478649139404
0.1850416424184762	0.5470748939465038	-46.320478677749634
0.18839795521641794	0.5557463977835468	-46.29047870635986
0.19188341703853898	0.5363095753052302	-46.250478744506836
0.2194771869035955	0.545956709033511	-46.220478534698486
0.22567871019309804	0.5327384504325894	-46.190478563308716
0.2267990630262622	0.5364101978755005	-46.15047860145569
0.22698584615234246	0.5300456390574545	-46.12047863006592
0.22551533899005294	0.5601399953248755	-46.09047865867615
0.21305156777155462	0.5406164483334032	-46.05047869682312
0.2259820811760203	0.5221080821130141	-46.02047872543335
0.22540379933508284	0.5419224662098432	-45.99047875404358
0.23978307783674024	0.5894830356542741	-45.95047855377197
0.24611803721664555	0.5990597380559823	-45.9204785823822
0.6737616900109366	1.16214345095698	-45.89047861099243
0.6511394066394445	1.184617990273909	-45.850478649139404
0.6553217397025229	1.183284269701502	-45.820478677749634
0.32263888081549885	0.538190593998069	-45.79047870635986
0.326084879297391	0.538432645623926	-45.750478744506836
0.326508864011753	0.5396310867244742	-45.720478534698486
0.32939032868552653	0.519236833172599	-45.690478563308716
0.3292712558732172	0.5179581549853025	-45.65047860145569
0.3309648539411838	0.520729104767964	-45.62047863006592
0.3339899668472663	0.518199229974461	-45.59047865867615
0.335189211159922	0.517477315146037	-45.55047869682312
0.33663384472974667	0.5173517838376264	-45.52047872543335
0.3342097486879466	0.5210893884065799	-45.49047875404358
0.33606079601157024	0.5254639816807866	-45.45047855377197
0.3274067602964811	0.5143075701365831	-45.39047861099243
0.32147797986336235	0.5191385239205504	-45.350478649139404
0.3154067095563789	0.5226178929982187	-45.320478677749634
0.2840459811463153	0.5342919968762234	-45.250478744506836
0.2791278804376967	0.5404933536114838	-45.220478534698486
0.27979979558858553	0.5334736103825718	-45.15047860145569
0.27411250605313153	0.5145628109069946	-45.12047863006592
0.2722573540568469	0.5116045975583757	-45.09047865867615
0.2726081217270804	0.5148057208685304	-45.05047869682312
0.27119288572654776	0.5170041602439753	-45.02047872543335
0.27682533241118584	0.5086685508951303	-44.99047875404358
0.3152243377504869	0.4961648726918492	-44.95047855377197
0.3133694055743095	0.4973043508344616	-44.9204785823822
0.3113866699620714	0.5005950227395718	-44.89047861099243
0.3158011976022462	0.49559191205495323	-44.850478649139404
0.3203134036029814	0.49393284047268743	-44.820478677749634
0.3212937875795549	0.4850806274711023	-44.79047870635986
0.3233397538870438	0.4822574558496791	-44.750478744506836
0.32452010758588096	0.4800479450485232	-44.720478534698486
0.3279492191115883	0.4784403881771725	-44.690478563308716
0.4067822486772828	0.463085026312879	-44.65047860145569
0.4054340108775102	0.46675646919712926	-44.62047863006592
0.40249396344530836	0.4721697349975891	-44.59047865867615
0.4007991250089699	0.4736627174017027	-44.55047869682312
0.39709895573950355	0.4748379756023504	-44.52047872543335
0.3937481574487066	0.48380364768096035	-44.49047875404358
0.3928744657851803	0.47957748869361805	-44.45047855377197
0.39347379941406	0.47894791753577864	-44.4204785823822
0.3921959097293938	0.481139540219176	-44.39047861099243
0.3914503633732296	0.47881411164503535	-44.350478649139404
0.39162487351962855	0.47556056337879204	-44.320478677749634
0.31874273865462555	0.46814399659988526	-44.29047870635986
0.3196997975554915	0.4710101777854658	-44.250478744506836
0.3190779584599706	0.4679907705979598	-44.220478534698486
0.31919990130983966	0.4691289237182373	-44.190478563308716
0.3200544264299551	0.4695740989195133	-44.15047860145569
0.32197310906221266	0.46671363869554544	-44.12047863006592
0.3209208073443394	0.46760985276157035	-44.09047865867615
0.3203639700478335	0.46713344445100635	-44.05047869682312
0.31974743281417933	0.46562557692218637	-44.02047872543335
0.31884349419426317	0.4645723372965637	-43.99047875404358
0.31987848758805887	0.4661359316239953	-43.95047855377197
0.3211211223103784	0.472483179970086	-43.9204785823822
0.32528349422082836	0.4758221774151477	-43.89047861099243
0.32838035585383685	0.4745384646092309	-43.850478649139404
0.3285199169457152	0.47292430820848047	-43.820478677749634
0.3281257339652487	0.47361273247785	-43.79047870635986
0.3284693895444012	0.4747535468461377	-43.750478744506836
0.3299511426890688	0.4720247524817892	-43.720478534698486
0.3383899187609738	0.485114061005079	-43.690478563308716
0.3447098014697032	0.4642641858125569	-43.65047860145569
0.3447098014697032	0.4642641858125569	-43.4204785823822
0.3447098014697032	0.4642641858125569	-43.39047861099243
0.3447098014697032	0.4642641858125569	-43.350478649139404
0.3447098014697032	0.4642641858125569	-43.320478677749634
0.3447098014697032	0.4642641858125569	-43.29047870635986
0.3447098014697032	0.4642641858125569	-43.190478563308716
0.3447098014697032	0.4642641858125569	-43.05047869682312
1.0798168350417447	0.06300205882602053	-42.99047875404358
1.0798168350417447	0.06300205882602053	-42.9204785823822
1.0798168350417447	0.06300205882602053	-42.89047861099243
1.0798168350417447	0.06300205882602053	-42.820478677749634
1.0798168350417447	0.06300205882602053	-42.780478715896606
1.0798168350417447	0.06300205882602053	-42.59047865867615
1.0798168350417447	0.06300205882602053	-42.45047855377197
1.0798168350417447	0.06300205882602053	-42.4204785823822
0.16388637804217895	0.3008472320654749	-42.190478563308716
0.22848354813167066	0.31941054491357845	-42.12047863006592
0.22848354813167066	0.31941054491357845	-42.09047865867615
0.22848354813167066	0.31941054491357845	-42.05047869682312
0.22848354813167066	0.31941054491357845	-42.02047872543335
0.22848354813167066	0.31941054491357845	-41.99047875404358
0.22848354813167066	0.31941054491357845	-41.95047855377197
0.22848354813167066	0.31941054491357845	-41.9204785823822
0.22848354813167066	0.31941054491357845	-41.89047861099243
0.22848354813167066	0.31941054491357845	-41.850478649139404
0.22848354813167066	0.31941054491357845	-41.820478677749634
0.22848354813167066	0.31941054491357845	-41.690478563308716
0.22848354813167066	0.31941054491357845	-41.65047860145569
0.22848354813167066	0.31941054491357845	-41.59047865867615
0.22848354813167066	0.31941054491357845	-41.52047872543335
0.22848354813167066	0.31941054491357845	-41.49047875404358
0.22848354813167066	0.31941054491357845	-41.45047855377197
0.22848354813167066	0.31941054491357845	-41.4204785823822
0.22848354813167066	0.31941054491357845	-41.39047861099243
0.22848354813167066	0.31941054491357845	-41.350478649139404
0.22848354813167066	0.31941054491357845	-41.29047870635986
0.22848354813167066	0.31941054491357845	-41.220478534698486
0.22848354813167066	0.31941054491357845	-41.190478563308716
0.22848354813167066	0.31941054491357845	-41.15047860145569
0.22848354813167066	0.31941054491357845	-41.09047865867615
0.22848354813167066	0.31941054491357845	-41.02047872543335
1.7187549659698107	0.24235637915728261	-40.9204785823822
1.6998058202430077	0.1340761689059421	-40.850478649139404
1.7197199698452688	0.21221374773556476	-40.820478677749634
1.7113869711774625	0.20197218054290494	-40.79047870635986
1.7113869711774625	0.20197218054290494	-40.750478744506836
1.7113869711774625	0.20197218054290494	-40.350478649139404
1.7113869711774625	0.20197218054290494	-40.320478677749634
1.7113869711774625	0.20197218054290494	-40.190478563308716
1.7113869711774625	0.20197218054290494	-39.220478534698486
1.7113869711774625	0.20197218054290494	-38.95047855377197
0.0947973349885573	0.8472766009282712	-38.79047870635986
0.05706286634442686	1.0987430920397638	-38.65047860145569
0.3269596183236203	1.1293662121599959	-38.49047875404358
0.12645159553459856	1.131264027233335	-38.45047855377197
0.23293608333806837	0.957319289563041	-37.820478677749634
0.02665519342768515	1.1123112022139363	-37.79047870635986
0.20499566724042118	0.8817041920798253	-37.49047875404358
0.12391405743498822	0.9324047967829868	-37.4204785823822
0.17442614983218255	0.7675296612977972	-37.39047861099243
0.21058639551693561	0.8595109799944601	-37.190478563308716
0.1586750838275853	0.9195977083125927	-37.15047860145569
0.18451522899258144	0.8973401261005333	-37.05047869682312
0.21995116304139567	0.8744563687071433	-37.02047872543335
0.16633946535511235	0.6652788344821319	-36.9204785823822
0.17114542258749135	0.9051008606952284	-36.750478744506836
0.22913931428266812	0.9034727935244813	-36.690478563308716
0.12059680528755261	0.9687029557166393	-36.65047860145569
0.10710483969762025	0.9730879028871163	-36.62047863006592
0.36456696019467416	1.0251719231319945	-36.29047870635986
0.06254393264081229	1.0983800399586348	-35.99047875404358
0.2845817121175364	0.6496995731564594	-35.750478744506836
0.20444688463786775	0.695202322750771	-35.59047865867615
0.15012760453324422	0.7179474744333172	-35.250478744506836
0.16749154852384687	0.8815019360757206	-34.850478649139404
0.40476278903331375	0.7822193261723668	-26.89047861099243
0.3935580706456091	0.7897691108935979	-26.850478649139404
0.35648313321948766	0.7949819011211547	-26.750478744506836
0.1902164013836533	1.0669678283119015	-26.720478534698486
0.34708233455094284	0.7371299766380803	-26.620478630065918
0.3404440879395897	0.6999725727122843	-26.590478658676147
0.34509301734576814	0.689256177272576	-26.55047869682312
0.34326737974067195	0.6608322709017859	-26.52047872543335
0.33806594366914333	0.646840166139364	-26.49047875404358
0.3293040627781949	0.6321472170466998	-26.450478553771973
0.33270734274713487	0.6368198314840128	-26.420478582382202
0.3305213060565096	0.6337492959706927	-26.39047861099243
0.4576122819548809	0.5844503459897175	-26.350478649139404
0.44799532159710265	0.601216741750509	-26.320478677749634
0.44524481070876004	0.6106730664290971	-26.290478706359863
0.4532080572970547	0.5962197424295959	-26.250478744506836
0.4525665492577792	0.5998838970011127	-26.21047854423523
0.4524077310962913	0.6011618171319179	-26.190478563308716
0.45756521785003096	0.595050271925603	-26.15047860145569
0.45913144667496836	0.5916056926525889	-26.120478630065918
0.4838592244652714	0.5706513581105387	-26.090478658676147
0.5018675286351003	0.5762223919025218	-26.05047869682312
0.5004016388402265	0.568505108594139	-26.02047872543335
0.4971377580868611	0.5743803477606585	-25.99047875404358
0.4993692932541419	0.5732969320463518	-25.950478553771973
0.4995657964696384	0.565828260513105	-25.920478582382202
0.5011519132547806	0.567687622504006	-25.89047861099243
0.5047068508281383	0.5647015533771644	-25.850478649139404
0.5075217245315411	0.5604806776403528	-25.820478677749634
0.5093251226211561	0.5574079608626878	-25.790478706359863
0.5122165112711123	0.55227763310579	-25.750478744506836
0.5135236125983241	0.544401508052201	-25.720478534698486
0.5150556866963103	0.5419853707316007	-25.690478563308716
0.5188417889839544	0.5389610827689039	-25.65047860145569
0.5200453076882408	0.5352334780610374	-25.620478630065918
0.5234109908246497	0.5307409933403016	-25.590478658676147
0.5272845690482082	0.527824906244268	-25.55047869682312
0.5869685507456349	0.49882505013960526	-25.52047872543335
0.5849868560441683	0.49835361000971934	-25.49047875404358
0.5867909526332301	0.49922282125730616	-25.450478553771973
0.5899624065765847	0.5022600144305714	-25.420478582382202
0.5961047323810635	0.5006700920757676	-25.380478620529175
0.5982291211018846	0.5000905332026538	-25.350478649139404
0.600850130205604	0.49637263630717565	-25.320478677749634
0.5739624478514982	0.5052238938875006	-25.280478715896606
0.5762737954018766	0.4908095205353761	-25.250478744506836
0.5793801748130474	0.4933566029454316	-25.220478534698486
0.5826401591041063	0.4907421745806471	-25.18047857284546
0.5795705504326369	0.48823532681361115	-25.15047860145569
0.5712184868041463	0.48398136095031236	-25.120478630065918
0.5710343926755115	0.4798860577374604	-25.08047866821289
0.572834892586951	0.47857456595784637	-25.05047869682312
0.5728252072203424	0.479143013002852	-25.02047872543335
0.5740989957680267	0.4772282049308814	-24.980478763580322
0.575249593275758	0.47503740154268465	-24.950478553771973
0.5775981112812113	0.4750332596905063	-24.920478582382202
0.5820832685246975	0.4708687920705283	-24.880478620529175
0.7103054686693017	0.430930487169555	-24.850478649139404
0.7012924051968742	0.4450166367632834	-24.820478677749634
0.7009303758316954	0.4481245154115881	-24.780478715896606
0.6985038403326252	0.45239409860318625	-24.750478744506836
0.6983200816762086	0.45370262344952833	-24.720478534698486
0.6998271793138201	0.4535388052067645	-24.68047857284546
0.6993506960308857	0.4537044843106871	-24.65047860145569
0.7007425536389464	0.4535844603653172	-24.620478630065918
0.7213756412757885	0.4464408154412633	-24.58047866821289
0.7127427120601976	0.449273123920688	-24.55047869682312
0.7514282350175584	0.1666057767711593	-24.52047872543335
0.7590195941487313	0.1759112219737781	-24.480478763580322
0.7590195941487313	0.1759112219737781	-24.450478553771973
0.7590195941487313	0.1759112219737781	-24.420478582382202
0.7590195941487313	0.1759112219737781	-24.380478620529175
0.7590195941487313	0.1759112219737781	-24.350478649139404
0.7590195941487313	0.1759112219737781	-24.320478677749634
0.7590195941487313	0.1759112219737781	-24.280478715896606
0.30257779092903614	0.4172426141092695	-24.250478744506836
0.3040103613950929	0.4206980580991912	-24.220478534698486
0.3039077894193305	0.42346503787059725	-24.18047857284546
0.29769904911284206	0.4233828973592824	-24.15047860145569
0.2970270165771881	0.4244084690645267	-24.120478630065918
0.29731276573178966	0.4236008811907401	-24.08047866821289
0.3389743755967186	0.35120458236181495	-24.05047869682312
0.340811247477148	0.35926404103878157	-24.02047872543335
0.34220207593750884	0.3597761905022203	-23.980478763580322
0.34186239035092814	0.3494078519856472	-23.950478553771973
0.34242426555552585	0.3520178051975281	-23.920478582382202
0.3438940869976298	0.35210072196200654	-23.880478620529175
0.34629600885339346	0.36083909869624375	-23.850478649139404
0.3439286627441332	0.36240120320351626	-23.820478677749634
0.34025752846768187	0.362317175655757	-23.780478715896606
0.33968944970530296	0.3546858489968185	-23.750478744506836
0.3384878912852383	0.35165123850048857	-23.720478534698486
0.336266932693527	0.3437357867944522	-23.68047857284546
0.3249518376400338	0.31520267526994716	-23.65047860145569
0.32435759809424286	0.31800181364764557	-23.620478630065918
0.322258113503344	0.3179632472450683	-23.58047866821289
0.3227427791059751	0.318277133197326	-23.55047869682312
0.3205967502042176	0.3178074449041709	-23.52047872543335
0.3229092119602129	0.3153358777426538	-23.480478763580322
0.32411051725933177	0.31844503435099064	-23.450478553771973
0.3210339218719557	0.3064968231063045	-23.420478582382202
0.31835564107043657	0.2975971960991144	-23.380478620529175
0.31883034398303767	0.2971209942372166	-23.350478649139404
0.31952231918972074	0.29647465307859555	-23.320478677749634
0.31896279661273835	0.29607705444614574	-23.280478715896606
0.3235895250951281	0.2940216525933917	-23.250478744506836
0.32400936708812716	0.2934531402640427	-23.220478534698486
0.32572267960858103	0.29323800810080697	-23.18047857284546
0.3264081659525617	0.29077093331051734	-23.15047860145569
0.32617585221806056	0.2900965745487666	-23.120478630065918
0.34934042168879587	0.2925449514342902	-23.08047866821289
0.3632054240359229	0.2851501529779357	-23.05047869682312
0.3573559519876908	0.3240934151738182	-23.02047872543335
0.3595100552926922	0.35327433370445827	-22.980478763580322
0.35649491953232815	0.3613291268157309	-22.950478553771973
0.3551502745464239	0.3697275815689857	-22.920478582382202
0.35500033933185854	0.3697406712509732	-22.880478620529175
0.3535876994897243	0.38008454455864243	-22.850478649139404
0.35471274561747085	0.3874431711583579	-22.820478677749634
0.35419932706014917	0.38834476132634854	-22.780478715896606
0.3534578096656409	0.39402090284059327	-22.750478744506836
0.35337225273000655	0.3948310661587218	-22.720478534698486
0.3551550673685965	0.3936779110587268	-22.68047857284546
0.3541542637865309	0.39496429653401693	-22.65047860145569
0.3575238142099089	0.39273949536106967	-22.620478630065918
0.3578814765877409	0.3914419813374753	-22.58047866821289
0.3573395694358558	0.39046931643217087	-22.55047869682312
0.36171960629409955	0.38919540915332657	-22.52047872543335
0.39598156437229237	0.3889973186638716	-22.480478763580322
0.3980990623664607	0.38450816027598733	-22.450478553771973
0.3949970429765898	0.38562199017486426	-22.420478582382202
0.3932598000772286	0.3874136699887975	-22.380478620529175
0.393031415498171	0.38868598318955105	-22.350478649139404
0.3884807110918261	0.40429196021125	-22.320478677749634
0.38477799160754556	0.40699364836467994	-22.280478715896606
0.37966371581617914	0.4079649835560107	-22.250478744506836
0.3700949449590261	0.3700309353321206	-22.220478534698486
0.3578289927602358	0.35752846433441166	-22.18047857284546
0.3599369982810237	0.3552942741371742	-22.15047860145569
0.36242554121736514	0.3561812643684318	-22.120478630065918
0.363144974821034	0.35785750560505686	-22.08047866821289
0.36414705472757253	0.35881967414245053	-22.05047869682312
0.3637693586592329	0.36685944571028534	-22.02047872543335
0.3624960226861021	0.3724268991168382	-21.980478763580322
0.3633115731150182	0.37753198773467017	-21.950478553771973
0.36562970397489425	0.3758426895259987	-21.920478582382202
0.36514299407867884	0.377973714768245	-21.880478620529175
0.36225574077982753	0.37695027558371774	-21.850478649139404
0.3641994185118441	0.3796462014659632	-21.820478677749634
0.36602299443833625	0.37816824378880676	-21.780478715896606
0.3677846776657321	0.37638023205031373	-21.750478744506836
0.3709108814839449	0.3790261704936156	-21.720478534698486
0.39861409732931796	0.3735942680702845	-21.68047857284546
0.396246373647209	0.37469392844288973	-21.65047860145569
0.3926205197392362	0.36989386444568945	-21.620478630065918
0.3990001347666435	0.36700262860983535	-21.58047866821289
0.4484298131441139	0.37038800916186965	-21.55047869682312
0.44164028285673246	0.3732165045124814	-21.52047872543335
0.44450435477072664	0.374854039528765	-21.480478763580322
0.4462993465058047	0.3790002662592148	-21.450478553771973
0.44520787373920245	0.38170869271811797	-21.420478582382202
0.4665086485335824	0.3715989550995924	-21.380478620529175
0.4857508449970531	0.3740549485854552	-21.350478649139404
0.4836338191575402	0.3797308965261502	-21.320478677749634
0.48221970182756557	0.38572312740457326	-21.280478715896606
0.4811788720266543	0.387009075167002	-21.250478744506836
0.48207045837241275	0.3874802708090262	-21.220478534698486
0.48292631232786193	0.3888445731469387	-21.18047857284546
0.483323163812123	0.38760698752612677	-21.15047860145569
0.4810470737587496	0.3901345617609113	-21.120478630065918
0.3822532937716103	0.3528119336280259	-21.02047872543335
0.38151297473416435	0.35356889262470814	-20.980478763580322
0.3772170779248782	0.3539028785416974	-20.950478553771973
0.37708780626053595	0.36145564583865475	-20.920478582382202
0.37647485837004074	0.3614226802959342	-20.880478620529175
0.3757636442890098	0.36256526198912675	-20.850478649139404
0.37463807675706834	0.3637087662391855	-20.820478677749634
0.3764867918140796	0.36153119468795275	-20.780478715896606
0.375107635662499	0.36033083428797336	-20.750478744506836
0.4009569720627097	0.36194820164109004	-20.720478534698486
0.40038250093816946	0.3592384556484193	-20.68047857284546
0.39981761206645183	0.36073732110489126	-20.65047860145569
0.40013232414697586	0.36274444120365695	-20.620478630065918
0.39967674571740386	0.36469604315852866	-20.58047866821289
0.39952675403908433	0.3626255079448623	-20.55047869682312
0.40008202200977183	0.3644463511399162	-20.52047872543335
0.3990703795371305	0.36636821090219185	-20.480478763580322
0.40004992372813947	0.36958342850545217	-20.450478553771973
0.3993352258127067	0.36705622611929684	-20.420478582382202
0.3996699021981914	0.3670555764312552	-20.380478620529175
0.39962991407621534	0.36782477258659046	-20.350478649139404
0.397615751119543	0.37487693220833157	-20.320478677749634
0.39407099815649826	0.38038639626909315	-20.280478715896606
0.39210723286179744	0.3820842302765136	-20.250478744506836
0.3908063304082307	0.3838855202022457	-20.220478534698486
0.39215114482737	0.3872339102825666	-20.18047857284546
0.3915924420819964	0.38473168551145775	-20.15047860145569
0.3962540891687418	0.3800557783780416	-20.120478630065918
0.5041218897949227	0.36476620677333593	-20.08047866821289
0.4950572799063615	0.3777175240586786	-20.05047869682312
0.494674373478684	0.38362393306694165	-20.02047872543335
0.49352219920852625	0.39027225412818356	-19.980478763580322
0.4917505684058853	0.39454042837917175	-19.950478553771973
0.489908729522853	0.40480231420356855	-19.920478582382202
0.521731929205154	0.6153893161861242	-19.880478620529175
0.525096030199101	0.6597086011157555	-19.850478649139404
0.5204329662883715	0.6681488003472551	-19.820478677749634
0.5159664374976491	0.6785645814614277	-19.780478715896606
0.5109677061968203	0.6840898006038649	-19.750478744506836
0.5056204319433969	0.6872843708763381	-19.720478534698486
0.5031015005096716	0.6949841442898614	-19.68047857284546
0.48855092745178125	0.7029328120452955	-19.65047860145569
0.48561698586743934	0.7018403172926568	-19.620478630065918
0.48108924007740106	0.7109891959752169	-19.58047866821289
0.4799137684053999	0.7147807973034345	-19.55047869682312
0.47846340088678396	0.7169032321246582	-19.52047872543335
0.4754618919306689	0.7158082209657635	-19.480478763580322
0.4763552125600003	0.719646016348272	-19.450478553771973
0.47712740320312785	0.7215409308207885	-19.420478582382202
0.47656541320286855	0.7214628742441077	-19.380478620529175
0.47746864134402534	0.7203077414829607	-19.350478649139404
0.4772989755284005	0.7224420589510797	-19.320478677749634
0.4912760023732358	0.7399429554071572	-19.280478715896606
0.4868618939098159	0.750007843520435	-19.250478744506836
0.48319590205515545	0.7503183594806918	-19.220478534698486
0.4827859796649668	0.7529410895172743	-19.18047857284546
0.48318113131483587	0.7532870301767605	-19.15047860145569
0.4842403939259703	0.7527154311740984	-19.120478630065918
0.48285544171547645	0.7552141476156745	-19.08047866821289
0.480078073678595	0.7574100374273958	-19.05047869682312
0.4801609654826024	0.7607915718540247	-19.02047872543335
0.48059768044949136	0.7614556918833775	-18.980478763580322
0.48144281462635913	0.7639747279526988	-18.950478553771973
0.480559453591973	0.763567344760652	-18.920478582382202
0.4829025174076381	0.7596812560035179	-18.880478620529175
0.4822764317893081	0.7532917643170705	-18.850478649139404
0.4817337412191927	0.7543871886060871	-18.820478677749634
0.48403551531985756	0.7562291588646168	-18.780478715896606
0.37723163711663277	0.3901244820208211	-18.720478534698486
0.3721869179693513	0.4038446887498502	-18.68047857284546
0.37624678448293714	0.407471136893996	-18.65047860145569
0.3724318563164753	0.4076183964804675	-18.620478630065918
0.37185321151448303	0.41151579677247146	-18.58047866821289
0.37418138315242067	0.41475375752352245	-18.55047869682312
0.36598648853684157	0.410680317932205	-18.52047872543335
0.35825600244085065	0.4056430231259832	-18.480478763580322
0.35533574715443844	0.4039706295565319	-18.450478553771973
0.3560725256709784	0.4008013887313606	-18.420478582382202
0.35751408995081024	0.39469140562582655	-18.380478620529175
0.36039646540176795	0.3953574786758593	-18.350478649139404
0.36198704597118314	0.39317716399986796	-18.320478677749634
0.3909503057688096	0.36963580117332745	-18.280478715896606
0.390391238036994	0.3679294772691599	-18.250478744506836
0.39298636487638194	0.36667220354523494	-18.220478534698486
0.39591855938328907	0.36710503956274987	-18.18047857284546
0.39926359039862386	0.3647781790964237	-18.15047860145569
0.4009922024461106	0.3625399546447857	-18.120478630065918
0.4029690277222031	0.3624130328514496	-18.08047866821289
0.4048726419876374	0.361441136434531	-18.05047869682312
0.4060994248399139	0.36070628144075917	-18.02047872543335
0.40612728635539097	0.3578606864502345	-17.980478763580322
0.40909993437429043	0.3578169522287165	-17.950478553771973
0.40828129179194234	0.35966499153518744	-17.920478582382202
0.40750205548337975	0.3577732841317299	-17.880478620529175
0.40766134514240837	0.361065082294781	-17.850478649139404
0.3992747746247625	0.3572726706421024	-17.820478677749634
0.3959533798888395	0.3579311690985702	-17.780478715896606
0.39694042300721133	0.36064140685368246	-17.750478744506836
0.3954029685097497	0.361229761343367	-17.720478534698486
0.3950000191687546	0.36104163878892265	-17.68047857284546
0.39357023345395764	0.359324407099635	-17.65047860145569
0.39770353011358983	0.35775652902081395	-17.620478630065918
0.507788816617493	0.3423348615860827	-17.58047866821289
0.5002604116501799	0.34798375795481146	-17.55047869682312
0.4987861300073969	0.35108454559638574	-17.52047872543335
0.4968763826103926	0.35458264055992333	-17.480478763580322
0.4963109004183021	0.3571098267364938	-17.450478553771973
0.49645531108875013	0.3562599402644565	-17.420478582382202
0.49573824052788507	0.3504832262548278	-17.380478620529175
0.4952237812112687	0.353389823215063	-17.350478649139404
0.49656144819522346	0.35603842529223045	-17.320478677749634
0.49718523309645374	0.3574234872391148	-17.280478715896606
0.4947586499898286	0.35743948052211943	-17.250478744506836
0.49458934330107246	0.3577220974488776	-17.220478534698486
0.49677705176875603	0.3589727947581819	-17.18047857284546
0.38620872562587666	0.3157481341750589	-17.15047860145569
0.3917379244447541	0.30900591958659507	-17.120478630065918
0.3889415347209964	0.3106444456387346	-17.08047866821289
0.385920095331368	0.31506675055567857	-17.05047869682312
0.3853749798903013	0.32216827314003454	-17.02047872543335
0.38442980571113006	0.32144485131350536	-16.980478763580322
0.38392594328245744	0.32479997401060134	-16.950478553771973
0.385518451026797	0.32594216349071153	-16.920478582382202
0.4063104178953866	0.3480305369757612	-16.880478620529175
0.40757607963158443	0.34784484998176834	-16.850478649139404
0.40633729714836464	0.3522372995305014	-16.820478677749634
0.4062247642378041	0.35293371381723165	-16.780478715896606
0.40388078526809273	0.3518336567943091	-16.750478744506836
0.40537010440533966	0.35085668300860184	-16.720478534698486
0.4116160536015186	0.3457951990043943	-16.68047857284546
0.4357500069579557	0.3481309715365596	-16.65047860145569
0.4335429722575389	0.35069085256673127	-16.620478630065918
0.43282597166622816	0.3517364277386922	-16.58047866821289
0.4347871266178919	0.350933439749869	-16.55047869682312
0.43441852698658395	0.35199313168502333	-16.52047872543335
0.43307636012336626	0.35712444304565405	-16.480478763580322
0.4339278599054817	0.35410214745796137	-16.450478553771973
0.46047502693554737	0.35685829947767506	-16.420478582382202
0.4610325942685884	0.3543089558670758	-16.380478620529175
0.459763893471473	0.35634846333754133	-16.350478649139404
0.45595086489851205	0.3610510502028862	-16.320478677749634
0.4572456878402288	0.3651835005474064	-16.280478715896606
0.4582946527117067	0.3652207021274687	-16.250478744506836
0.4582970667646583	0.36888706070160343	-16.220478534698486
0.45533659735642057	0.36884829766097554	-16.18047857284546
0.38319157371634005	0.3213659676251647	-16.15047860145569
0.3761199568617051	0.32601552978557824	-16.120478630065918
0.37691333033229674	0.3291056962096527	-16.08047866821289
0.3748362946587713	0.33307893021116564	-16.05047869682312
0.37559079174522897	0.33375625455148333	-16.02047872543335
0.37632934416562713	0.3340230215172515	-15.980478763580322
0.3780507908138357	0.3305303995495887	-15.950478553771973
0.3972937703175761	0.339597097005318	-15.880478620529175
0.39590479904985904	0.3278771699203568	-15.850478649139404
0.39583602806940577	0.32918262107063634	-15.820478677749634
0.39780449125430534	0.3293771562587218	-15.780478715896606
0.39711263460551566	0.3291934435379354	-15.750478744506836
0.40015905284523484	0.32785287790057105	-15.720478534698486
0.40047149092234524	0.32524954493323677	-15.680478572845459
0.4015760423751491	0.32507003992066136	-15.650478601455688
0.40414132990350476	0.32483715357504034	-15.620478630065918
0.4054439622792603	0.3274923033111743	-15.58047866821289
0.4795030372529913	0.3207454747458999	-15.52047872543335
0.47643824914192145	0.31807693533062653	-15.480478763580322
0.47480891226596045	0.32282236493437966	-15.450478553771973
0.4742363794087907	0.3248302568457286	-15.420478582382202
0.4744317079758612	0.3255207701860019	-15.380478620529175
0.471652558777856	0.3269149780341451	-15.350478649139404
0.4708310889998886	0.32803996418781906	-15.320478677749634
0.47230860167917255	0.32728879878591216	-15.280478715896606
0.4710559816913091	0.32555162733457044	-15.250478744506836
0.46963030232482766	0.3224726658415265	-15.220478534698486
0.51797731922099	0.2899618204377394	-15.180478572845459
0.5128115911679411	0.30650593291444417	-15.150478601455688
0.5067435563259332	0.3220975644025586	-15.120478630065918
0.5062231824636708	0.3268786595186051	-15.08047866821289
0.5086301137408069	0.3241788266319464	-15.05047869682312
0.5082952802555282	0.3236764396553606	-15.02047872543335
0.5083024923628124	0.3233580942085372	-14.980478763580322
0.5075136693025296	0.32462720245824955	-14.950478553771973
0.5079707549809088	0.32327978811189834	-14.920478582382202
0.5085842997422221	0.3238465287301669	-14.880478620529175
0.5062768833067465	0.3262792942131463	-14.850478649139404
0.4035198329545267	0.2724084911557758	-14.810478687286377
0.4025212247639466	0.27375939086389334	-14.780478715896606
0.4022953979656207	0.27790222838830153	-14.750478744506836
0.39981896505251646	0.2812341229041193	-14.71047854423523
0.40246606335331625	0.2825910409553277	-14.680478572845459
0.40085318479760934	0.27964708251705134	-14.650478601455688
0.4002804721987395	0.281696366818866	-14.610478639602661
0.39853812056961974	0.28460040500865513	-14.58047866821289
0.3999579471760634	0.2841724015412948	-14.55047869682312
0.399855770277669	0.2831577031944928	-14.510478734970093
0.40077414686614793	0.2856712495254374	-14.480478763580322
0.401407561353771	0.28108098945867066	-14.450478553771973
0.4410330401469551	0.2724088530006144	-14.410478591918945
0.4395839006275126	0.2721788036866703	-14.380478620529175
0.43592241443437524	0.2731777553063405	-14.350478649139404
0.4384807428893121	0.2738362561525739	-14.310478687286377
0.43697309609016	0.27118286167018824	-14.280478715896606
0.4382437105703248	0.2720628417844406	-14.250478744506836
0.4373759045588619	0.2729206960693262	-14.21047854423523
0.43814288355275266	0.2733652890364319	-14.180478572845459
0.4365984316512501	0.27244359444363214	-14.150478601455688
0.4898351436252105	0.26369308883008424	-14.08047866821289
0.4905916743668413	0.2640920719337059	-14.05047869682312
0.490379979081755	0.26784402143942715	-14.010478734970093
0.4897417144315249	0.26646213151030795	-13.980478763580322
0.4889454794676482	0.2671085577516965	-13.950478553771973
0.4878270176037243	0.26789054659103784	-13.910478591918945
0.48872534543420626	0.2664430308375101	-13.880478620529175
0.48869582141085044	0.26577722861168424	-13.850478649139404
0.48894967708067705	0.2670684595436459	-13.810478687286377
0.4859057701090849	0.2693934545230066	-13.780478715896606
0.40187873279341274	0.22246773983134277	-13.750478744506836
0.4008450036405673	0.22376833507935714	-13.71047854423523
0.3998150388676269	0.22921446627054914	-13.680478572845459
0.3971265241958567	0.23059753696916993	-13.650478601455688
0.39691282453025045	0.23180255732469246	-13.610478639602661
0.39604555699934046	0.2329908103242397	-13.58047866821289
0.3942758962925669	0.23417160260352954	-13.55047869682312
0.3926756025655069	0.2335579166719631	-13.510478734970093
0.3905265311099906	0.23562767231816126	-13.480478763580322
0.3891749775025057	0.23176240984938432	-13.450478553771973
0.3782230159476148	0.23010432738428888	-13.410478591918945
0.3705632510873461	0.22460462694784955	-13.380478620529175
0.36775155041102026	0.2221112695960102	-13.350478649139404
0.36664494719107155	0.22053203561342216	-13.310478687286377
0.36688081825455227	0.22295573535767677	-13.280478715896606
0.36343130973686383	0.22831191177207194	-13.250478744506836
0.35258959314822347	0.2068133326560046	-13.21047854423523
0.3491240273495097	0.20642078287870758	-13.170478582382202
0.35135890191990204	0.19923122257274956	-13.150478601455688
0.35138122530008875	0.19924780564261016	-13.110478639602661
0.35053323075602943	0.19845798666286552	-13.08047866821289
0.3498401176317692	0.19960973762631087	-13.05047869682312
0.3493946159843975	0.19678422291853284	-13.010478734970093
0.3495056972760419	0.19500086377941647	-12.980478763580322
0.3477687906297752	0.19272076830960305	-12.950478553771973
0.3475497248435945	0.19370666922952856	-12.910478591918945
0.3484993710624915	0.19354625409447415	-12.880478620529175
0.35087821136307573	0.19540225948065998	-12.850478649139404
0.35395743537855406	0.195866130380574	-12.810478687286377
0.37629317521509975	0.19045308823782728	-12.780478715896606
0.5613841145273087	0.5228234800392704	-12.610478639602661
0.538012735818622	0.5418005534520643	-12.58047866821289
0.5223838423609624	0.5634146673948827	-12.55047869682312
0.5136142791612398	0.5722856803371831	-12.510478734970093
0.5054321578139562	0.5762648240628993	-12.480478763580322
0.49709559045584323	0.5732119567185947	-12.450478553771973
0.49162432309673687	0.5773258756534027	-12.410478591918945
0.4896232079415516	0.5757248748654422	-12.380478620529175
0.48531376517533253	0.5754515328483638	-12.350478649139404
0.48241852047143896	0.5767758139515651	-12.310478687286377
0.4269831923485207	0.4860663584652095	-12.280478715896606
0.4214111111213863	0.4850979965792742	-12.250478744506836
0.42329664926436195	0.4894366911704982	-12.21047854423523
0.42561522241505606	0.49224067894995716	-12.180478572845459
0.4271841891919328	0.4948336560030447	-12.150478601455688
0.4289125442672709	0.4961498008804939	-12.110478639602661
0.428334199266472	0.4974657811619524	-12.08047866821289
0.42891223884361696	0.4991415635435324	-12.05047869682312
0.4304164098262477	0.5009211995117984	-12.010478734970093
0.5640271120451584	0.7120721638172386	-11.950478553771973
0.5554141995244382	0.727489912800845	-11.910478591918945
0.5537711451263344	0.7381232868948958	-11.880478620529175
0.5527431366429506	0.7431362991733731	-11.850478649139404
0.5498601230465627	0.7702947694015159	-11.810478687286377
0.540210833087903	0.7556892277103747	-11.780478715896606
0.5502639814257021	0.7591621295920129	-11.71047854423523
0.545649484803851	0.7634257560349994	-11.680478572845459
0.5489544229516437	0.7699315585914838	-11.650478601455688
0.5482729516893813	0.7694922809630745	-11.610478639602661
0.5491036486359488	0.7697887364866689	-11.58047866821289
0.5506591441146874	0.7819192104578386	-11.55047869682312
0.5562726907606921	0.7823889600852033	-11.510478734970093
0.5592948226336244	0.782756950257928	-11.480478763580322
0.5506626694532497	0.7727311749245566	-11.450478553771973
0.5492575907562081	0.7754092791068293	-11.410478591918945
0.5477164997534627	0.7827127849939463	-11.380478620529175
0.5251309039475623	0.832780683695485	-11.350478649139404
0.5249606800135604	0.8278261992260192	-11.310478687286377
0.5206271695829435	0.8358582283099557	-11.280478715896606
0.5026879185672333	0.8319521685990949	-11.250478744506836
0.49455559629908746	0.8157335101604732	-11.21047854423523
0.4747737795680636	0.8262897856079924	-11.180478572845459
0.4510406218935393	0.8070796060989537	-11.150478601455688
0.4510406218935393	0.8070796060989537	-10.880478620529175
0.4510406218935393	0.8070796060989537	-10.850478649139404
0.4510406218935393	0.8070796060989537	-10.810478687286377
0.4510406218935393	0.8070796060989537	-10.780478715896606
0.4510406218935393	0.8070796060989537	-10.750478744506836
0.4510406218935393	0.8070796060989537	-10.71047854423523
0.4510406218935393	0.8070796060989537	-10.680478572845459
0.4510406218935393	0.8070796060989537	-10.650478601455688
0.4510406218935393	0.8070796060989537	-10.610478639602661
0.4510406218935393	0.8070796060989537	-10.58047866821289
1.488446672235423	4.329406768670939	-10.55047869682312
1.46984337149158	4.312094281455669	-10.510478734970093
1.4498310360105764	4.267971742590539	-10.480478763580322
1.2770980027929812	2.573714427994369	-10.450478553771973
1.2713633371845032	2.5759928821098206	-10.410478591918945
1.2707557937440705	2.5749696635950112	-10.380478620529175
1.2678990878804466	2.567889311534186	-10.350478649139404
1.2573729775506812	2.539306541765851	-10.310478687286377
1.255871607187471	2.5407878906597077	-10.280478715896606
1.2542236107935898	2.5343311318855903	-10.250478744506836
1.2516666065478075	2.5303961070480456	-10.21047854423523
1.2496756832249085	2.5245515276068935	-10.180478572845459
1.2490915249695478	2.525808791539975	-10.150478601455688
1.2489948115259155	2.522668471954933	-10.110478639602661
1.248215068313499	2.516350915706106	-10.08047866821289
1.250077462827827	2.528598084274527	-10.05047869682312
1.2502977848581731	2.524476242264195	-10.010478734970093
1.2516495361330018	2.5248708748336304	-9.980478763580322
1.2543582646732063	2.5342259983455713	-9.950478553771973
1.2574271042811247	2.5355143794519646	-9.910478591918945
1.26170344856153	2.538045866638676	-9.880478620529175
1.2646336637450164	2.5259660723799966	-9.850478649139404
1.2651104521398728	2.522002546417426	-9.810478687286377
1.0469950638301055	2.1203525102665677	-9.780478715896606
1.0441769849434148	2.098606761394619	-9.750478744506836
1.0442032456299788	2.1021232007033475	-9.71047854423523
1.0451317081946934	2.103964795243368	-9.680478572845459
1.0468964880486595	2.114212363735573	-9.650478601455688
1.048804231408144	2.1147880178426375	-9.610478639602661
1.0517285455853813	2.118370932443519	-9.58047866821289
1.0457989578190474	2.0997658195885696	-9.55047869682312
1.0293330023531655	2.0548343985658803	-9.510478734970093
1.0271906272117566	2.044625659417131	-9.480478763580322
1.0279554735944603	2.0394018621377357	-9.450478553771973
1.0289232139544673	2.0407717522051714	-9.410478591918945
1.0303710001459745	2.044971948703374	-9.380478620529175
1.0357317687854553	2.136841483515124	-9.350478649139404
1.2859083975558099	2.5406894329528447	-9.310478687286377
1.296276758975227	2.5852217809432685	-9.280478715896606
1.3047207101828933	2.6340465512900058	-9.250478744506836
1.2971379329622337	2.6371319999909137	-9.21047854423523
1.2757383545190162	2.6049793881195225	-9.180478572845459
1.2622125873501642	2.5848343859446237	-9.150478601455688
1.259297100716241	2.587759689133142	-9.110478639602661
1.2624396104279696	2.595943410629393	-9.08047866821289
1.29053846681877	2.6842206995814526	-9.05047869682312
0.47469096151917156	0.6953248371655725	-8.850478649139404
0.20902413853037743	0.622018265155281	-8.810478687286377
0.17956709174804217	0.6164731105370842	-8.780478715896606
0.15855941595555068	0.6326722176496193	-8.750478744506836
0.12552860796513107	0.6665133306213425	-8.71047854423523
0.108717717500796	0.6693275688782125	-8.680478572845459
0.4260573826202226	0.7931866863719014	-8.650478601455688
0.42522622026232615	0.7935631448831297	-8.610478639602661
0.3901496741178902	0.734561850048412	-8.58047866821289
0.30083669266760343	0.765794846672498	-8.55047869682312
0.2869171330014664	0.7667219440924661	-8.510478734970093
0.2823184540266596	0.7775072850823235	-8.480478763580322
0.28050408058314236	0.7780553825030234	-8.450478553771973
0.27763520204366837	0.7801676944119419	-8.410478591918945
0.27827920216985397	0.7649712620434074	-8.380478620529175
0.2795265778670815	0.7670829503530732	-8.350478649139404
0.290252308068903	0.7924048131604171	-8.310478687286377
0.2912078235116754	0.7941401566133183	-8.280478715896606
0.2863977329072901	0.7745680666110628	-8.250478744506836
0.28883341581707583	0.8135550203883797	-8.21047854423523
0.3086084868823713	0.8981331416690908	-8.180478572845459
0.3055990444836173	0.9090980899932047	-8.150478601455688
0.302911886123343	0.9235511076754621	-8.110478639602661
0.2999977926538853	0.9255852967732289	-8.08047866821289
0.3252194773575027	0.903312914003624	-8.05047869682312
0.3200597190924266	0.9072627803679821	-8.010478734970093
0.3113968683159076	0.9087212023679088	-7.980478763580322
0.276238540180291	0.8328092694273596	-7.950478553771973
0.2589324486868098	0.8447645882330986	-7.910478591918945
0.2599755578987463	0.8343414097922879	-7.880478620529175
0.25210178200455285	0.8385312571330268	-7.850478649139404
0.23755650732701472	0.8493741352010493	-7.810478687286377
0.2186997019034613	0.8687671295154664	-7.7804787158966064
0.21487813025224592	0.8641008514573345	-7.750478744506836
0.19747897120714764	0.865098641640931	-7.7104785442352295
0.20263418991686705	0.8462530143203956	-7.680478572845459
0.2127817014112557	0.8351216887589636	-7.6504786014556885
0.22060506360048332	0.8308539666114582	-7.610478639602661
0.22505002272062388	0.8348471927291573	-7.580478668212891
0.22584169139764937	0.830770418843409	-7.55047869682312
0.22584680226348267	0.8285257099576299	-7.510478734970093
0.21491213194950445	0.8125863144997441	-7.480478763580322
0.19465585978678676	0.8222772273581036	-7.450478553771973
0.19344078389800545	0.8356713577115217	-7.410478591918945
0.19750058228981668	0.8361523018161109	-7.380478620529175
0.2029195560561001	0.8276620722629514	-7.350478649139404
0.20546099145175378	0.8157471820435388	-7.310478687286377
0.18959911904236956	0.7761323101231906	-7.2804787158966064
0.17460707366014253	0.7861809666038461	-7.250478744506836
0.1674705775678294	0.7912836968225836	-7.2104785442352295
0.1691775794919736	0.7888466395324045	-7.180478572845459
0.17389952603171396	0.7841090839230163	-7.1504786014556885
0.19341205672225611	0.7669415553594123	-7.110478639602661
0.18101638472945109	0.6172945419655994	-7.05047869682312
0.18062833426890626	0.6166324258370588	-7.010478734970093
0.18294094119316495	0.6150155032194216	-6.980478763580322
0.18791279868360686	0.6128051492376166	-6.950478553771973
0.18843365834991582	0.6139418003905595	-6.910478591918945
0.19497672922991532	0.6266515027923178	-6.880478620529175
0.19102523848541889	0.6065267030811443	-6.850478649139404
0.1834209044107645	0.5590954861684415	-6.810478687286377
0.18311111254067408	0.5483519871543662	-6.7804787158966064
0.18295966061213034	0.5500308182428255	-6.750478744506836
0.18252425130335634	0.5503479898929913	-6.7104785442352295
0.18286628563170781	0.5537925681670536	-6.680478572845459
0.18195651523886672	0.5518120123516036	-6.6504786014556885
0.18185484471384444	0.5531618054065346	-6.610478639602661
0.17935977352103372	0.551476231296214	-6.580478668212891
0.17997100988387962	0.5529629427705152	-6.55047869682312
0.1813517296518138	0.5509897196303485	-6.510478734970093
0.18221103301567107	0.5490924881782522	-6.480478763580322
0.1837069124860915	0.5462932453493904	-6.450478553771973
0.1850350803004181	0.5457942383962971	-6.410478591918945
0.18481242579795576	0.5448772444054232	-6.380478620529175
0.18463494304193342	0.5418393485080738	-6.350478649139404
0.1878063582273771	0.5434621357770404	-6.310478687286377
0.18740840053510835	0.5377184576728506	-6.2804787158966064
0.18427149289331698	0.5370864779288084	-6.250478744506836
0.18409056090784812	0.5384297914681729	-6.2104785442352295
0.18290992392246383	0.536660517261307	-6.180478572845459
0.17755103124039198	0.5403484379027886	-6.1504786014556885
0.1719223870170984	0.5390611196587183	-6.110478639602661
0.1688354875971412	0.5501949834974869	-6.080478668212891
0.16963570479874499	0.5504264544075465	-6.05047869682312
0.1700727175075471	0.5433203551494434	-6.010478734970093
0.18543897249885916	0.5497593900010953	-5.980478763580322
0.18399342301053206	0.5454056007405306	-5.950478553771973
0.18092478678879723	0.5487873240571807	-5.910478591918945
0.172268390587422	0.5528471532915608	-5.880478620529175
0.1603551887816598	0.5846073466674647	-5.850478649139404
0.15949726258775715	0.5710606514675222	-5.810478687286377
0.23332641288416062	0.8008125174289186	-5.7804787158966064
0.20423299530227015	0.8550328154100193	-5.640478610992432
0.20304384397457398	0.8551893636406174	-5.610478639602661
0.2011663711245579	0.8587660277862419	-5.580478668212891
0.1982160828462044	0.8620113206815228	-5.55047869682312
0.19431273163764315	0.8666824143139502	-5.510478734970093
0.19144500332822	0.8720624514948613	-5.480478763580322
0.1887418672429422	0.8755882535644174	-5.450478553771973
0.18816999180932673	0.879050042418348	-5.410478591918945
0.1925005784855166	0.8767504232949879	-5.380478620529175
0.22818371560908068	0.886336437874346	-5.350478649139404
0.22370649504278878	0.891049873137195	-5.310478687286377
0.2171270424014722	0.8977008764108007	-5.2804787158966064
0.2103931914024767	0.9021033571028153	-5.250478744506836
0.20492391788963693	0.8879858268760792	-5.2104785442352295
0.19679590674828318	0.8675492768541164	-5.180478572845459
0.18842556552513298	0.8549811507203212	-5.1504786014556885
0.27915019063729524	0.9239565472175434	-5.110478639602661
0.27297017003822194	0.9172871371126767	-5.080478668212891
1.0589601276619756	0.6314801004890807	-4.980478763580322
1.0538215534005304	0.6331487808584413	-4.950478553771973
1.0357810191743697	0.6201828027515653	-4.910478591918945
1.0357810191743697	0.6201828027515653	-4.880478620529175
1.0357810191743697	0.6201828027515653	-4.850478649139404
1.0357810191743697	0.6201828027515653	-4.810478687286377
1.0357810191743697	0.6201828027515653	-4.7804787158966064
1.1858095210272177	2.854983160795492	-4.740478754043579
1.1818395381703108	2.8256655750204733	-4.7104785442352295
1.189901423609539	2.8476185645489314	-4.680478572845459
1.218750160186135	2.887015501351483	-4.6504786014556885
1.2574397361097782	2.8375669642005272	-4.610478639602661
1.2634449998631139	2.8379266941528285	-4.580478668212891
1.3237821543172414	2.8025070994069536	-4.55047869682312
1.3397457121110132	2.806322159652832	-4.510478734970093
1.367563243617867	2.814854431245258	-4.480478763580322
1.3758991121131456	2.770927483304285	-4.450478553771973
0.7630239860016392	0.181674411837036	-4.2804787158966064
0.7626157425300788	0.1788453469264726	-4.250478744506836
0.7653277296749249	0.18485887734782508	-4.2104785442352295
0.7653277296749249	0.18485887734782508	-4.180478572845459
0.17943476194384625	0.260600962972572	-4.1504786014556885
0.1056637120166003	0.1829995553244426	-4.110478639602661
0.10852749432412237	0.1930220230076321	-4.080478668212891
0.22592852595356555	0.3778931064186599	-4.05047869682312
0.2279355557029496	0.3743758945522796	-4.010478734970093
0.2242537622419322	0.3959459023351587	-3.9804787635803223
0.22601387151440028	0.39269144406600826	-3.9504785537719727
0.14911084245358988	0.26575337644695846	-3.9104785919189453
0.14496217907117237	0.2545159460678599	-3.880478620529175
0.15251649552049554	0.2619088528614406	-3.8504786491394043
0.14330817548042177	0.2827123480691457	-3.810478687286377
0.15345175445807557	0.30960746891583596	-3.7804787158966064
0.15057687017531277	0.30758803240733906	-3.750478744506836
0.1523961581427539	0.30422798072501184	-3.7104785442352295
0.15588698522093228	0.3039309981281698	-3.680478572845459
0.15812371266367933	0.3005020923984251	-3.6504786014556885
0.16775806075785746	0.3001043453113125	-3.610478639602661
0.1697158656100578	0.298739364344508	-3.5804786682128906
0.17260296359100308	0.29711972201631526	-3.55047869682312
0.17551769263016073	0.2973048187798483	-3.5104787349700928
0.17723603220651726	0.2981821233310264	-3.4804787635803223
0.20246555253600312	0.3189861681267397	-3.4504785537719727
0.19768431248518337	0.32568545464697446	-3.4104785919189453
0.19717185612846352	0.3276209331237903	-3.380478620529175
0.19586348962282127	0.3274637713461993	-3.3504786491394043
0.19647177541910046	0.32818562574076493	-3.310478687286377
0.19742731770818045	0.3304959832413439	-3.2804787158966064
0.19853210891040263	0.3299656667810589	-3.250478744506836
0.1995131740800334	0.3312621163172255	-3.2104785442352295
0.2019455765060572	0.3300032913388141	-3.180478572845459
0.2037204198363433	0.3278825223731952	-3.1504786014556885
0.24480590665970958	0.5639149766441146	-3.0804786682128906
0.24160707413791918	0.5721216709675782	-3.05047869682312
0.2376869807992658	0.5759218475437968	-3.0104787349700928
0.23560194071000076	0.5747251059556051	-2.9804787635803223
0.23246588186411224	0.5733218062141937	-2.9504785537719727
0.22725146104151708	0.5597100843895837	-2.9104785919189453
0.21685455601137432	0.5353482405654928	-2.870478630065918
0.21376775256135486	0.523542015061944	-2.8504786491394043
0.2112025902978216	0.5188652793123623	-2.810478687286377
0.21167737519807117	0.5251943468152304	-2.7804787158966064
0.2032002571405021	0.5163239928126233	-2.750478744506836
0.20709178405557233	0.531171052027328	-2.7104785442352295
0.3912694280782059	0.6720279642828645	-2.680478572845459
0.3914905539825991	0.6538688256766719	-2.6504786014556885
0.2529322319868518	0.6050361468252552	-2.610478639602661
0.2523347660968972	0.5902227894621098	-2.5804786682128906
0.30654667997134627	0.5405180384636997	-2.55047869682312
0.30548083290885847	0.48608838330549087	-2.490478754043579
0.2925314982528868	0.4877202852320929	-2.4604785442352295
0.26131067676981473	0.4764261079729041	-2.420478582382202
0.6059549832158012	0.22919769850304886	-2.3904786109924316
0.5936925660158815	0.21825955374370357	-2.360478639602661
0.6036269273819304	0.22945915124952623	-2.3404786586761475
0.5835754554954188	0.20900759556566192	-2.310478687286377
0.2125492297445787	0.6072793104714728	-2.2804787158966064
0.35341099192400033	0.47724082692886344	-2.250478744506836
0.3734522611178937	0.4907146887344172	-2.2104785442352295
0.38054681364463877	0.5103088942108914	-2.170478582382202
0.35333771509488715	0.531705528016996	-2.1404786109924316
0.2022016585429687	0.6706570012105338	-2.110478639602661
0.19565440925314012	0.6803213225715413	-2.0804786682128906
0.19527287023616605	0.6664324271775355	-2.05047869682312
0.19402392542834598	0.6650280901308704	-2.0104787349700928
0.19306561335465566	0.7081076258701025	-1.9804787635803223
0.18931436870496124	0.6623576323692932	-1.9504785537719727
0.2712326521960846	0.7820671821342922	-1.9104785919189453
0.28015267644495073	0.5590117344023147	-1.680478572845459
0.15048536112479374	0.4730871109948586	-1.6104786396026611
0.14746630922100415	0.47632330585699356	-1.5804786682128906
0.1475223011089892	0.521857697408924	-1.5504786968231201
0.12511944056734461	0.4636659065571324	-1.5104787349700928
0.12019839992028315	0.5364540413784465	-1.4504785537719727
0.12171854556530261	0.5259904361278167	-1.4104785919189453
0.11566748245670777	0.4746527025386679	-1.3804786205291748
0.1198700189954196	0.46175790736568095	-1.3504786491394043
0.12213271009261345	0.44534432714678795	-1.310478687286377
0.12126934207415302	0.4433780867426772	-1.2804787158966064
0.11378064452453043	0.4323245507000983	-1.250478744506836
0.1255660476514191	0.46177423546199214	-1.180478572845459
0.18862088712406455	0.48172157639773155	-1.1504786014556885
0.12810610773415218	0.4790604788867638	-1.1104786396026611
0.1245209218626927	0.43753924994361926	-1.0804786682128906
0.12859360358408847	0.46336254796283155	-1.0504786968231201
0.1313239282588127	0.4699851491292173	-1.0104787349700928
0.13215225075385537	0.45799726709471983	-0.9804787635803223
0.13854452207689888	0.459920807378677	-0.8504786491394043
0.13538994466456122	0.420679136921422	-0.810478687286377
0.13598925971272247	0.42704906430266154	-0.7804787158966064
0.13570092713867943	0.42345221677524253	-0.7504787445068359
0.13625930448927825	0.4226155848442932	-0.7104785442352295
0.1369364140105012	0.4213043280384993	-0.680478572845459
0.1383328481445404	0.416382577147687	-0.6504786014556885
0.13972539476259335	0.41088104713302387	-0.6104786396026611
0.14116727542059693	0.41023697987531765	-0.5804786682128906
0.14311412131926635	0.400590326267305	-0.5504786968231201
0.14677388844680608	0.40339260322060105	-0.5104787349700928
0.15057238983008114	0.39624873407763966	-0.48047876358032227
0.15232451368593378	0.3932402974755429	-0.45047855377197266
0.1537292525347517	0.38837261617341146	-0.4104785919189453
0.15615512003552806	0.38955970574522064	-0.3804786205291748
0.1574979462023781	0.38931151887055687	-0.3504786491394043
0.15761860717487414	0.38847606382739486	-0.31047868728637695
0.15796569614269942	0.38587736127380057	-0.28047871589660645
0.16100557888333852	0.38218029220144567	-0.25047874450683594
0.16299949609505082	0.38128443218785213	-0.2104785442352295
0.16569824149228451	0.3757380122210939	-0.18047857284545898
0.16637109393653532	0.36853477315964783	-0.15047860145568848
0.17223483649564306	0.36517528385921993	-0.11047863960266113
0.17482022682116183	0.36151892305912103	-0.08047866821289062
0.17680876179642066	0.35692467092624314	-0.05047869682312012
0.17890840239381825	0.3539625882033194	-0.010478734970092773
0.17937788616262926	0.34873360805633546	0.019521236419677734
0.18427396177034783	0.34575663335190543	0.049521446228027344
0.18548345623165305	0.3423346250316976	0.08952140808105469
0.18993362453115098	0.33959867601299903	0.1195213794708252
0.19125098186549722	0.3379834868330137	0.1495213508605957
0.1932121950078391	0.33485473927860265	0.18952131271362305
0.19610895373745688	0.3413714730754197	0.21952128410339355
0.36046996694821315	0.8429187853846979	0.2895214557647705
0.35019821933072787	0.8531362912568156	0.319521427154541
0.3500135489130084	0.8584235943499211	0.3695213794708252
0.3471634734758462	0.864837841098719	0.3995213508605957
0.34282135126528623	0.8734754664644683	0.4195213317871094
0.4688026575968781	0.8785523278804643	0.4895212650299072
0.4652086779121709	0.8798846863337243	0.5195212364196777
0.47465712435928975	0.890072081148638	0.5495214462280273
0.4712824685023049	0.891174516142634	0.5895214080810547
0.2948611033042118	0.9238642800809838	0.6495213508605957
0.29151991723528586	0.9254884327432408	0.689521312713623
0.2865724759317826	0.9344638152148476	0.7195212841033936
0.2827948730604996	0.9442177534169284	0.7495212554931641
0.2810712292522055	0.9500776815650295	0.7895214557647705
0.2777773118309685	0.9507137378886751	0.819521427154541
0.2728331571698634	0.9557780915358436	0.8495213985443115
0.26683025390385384	0.9620223619507688	0.8895213603973389
0.26006372478051	0.9552936483168804	0.9195213317871094
0.24802459223200443	0.9613243093131758	0.9495213031768799
3.382167140062066	0.8334516454662354	1.0895214080810547
7.442795201430882	1.5021438447623374	1.1195213794708252
0.30051389209070634	0.9796690305819425	1.1495213508605957
0.2857311670910987	0.9875699068190212	1.189521312713623
0.2764425536897461	0.9982439676990496	1.2195212841033936
0.3254229161329556	0.9882675796878723	1.249521255493164
0.31827953566391476	0.986891483708139	1.2895214557647705
0.3186475460443024	0.9886148402899076	1.319521427154541
0.32003121159157194	0.9904340922910302	1.3495213985443115
0.3265897503307807	0.9832778745660234	1.3895213603973389
0.3893212867098609	0.9799209179553687	1.4195213317871094
0.39195024246619287	0.9796592131214922	1.4495213031768799
0.38516241424163683	0.9829539336316837	1.4895212650299072
0.3843058256371337	0.9842385236377207	1.5195212364196777
0.3847381906720686	0.9880025655776057	1.5495214462280273
0.3841827310961824	0.9888734609576847	1.5895214080810547
0.38042293110106734	0.9888688927864082	1.6195213794708252
0.37843929986777664	0.992542595774429	1.6495213508605957
0.37681766694567215	0.996857203169691	1.689521312713623
0.37467450475620306	0.9964266831393517	1.7195212841033936
0.3744423304101816	0.9964531951416823	1.749521255493164
0.3709564561460417	0.9949531622115986	1.7895214557647705
0.37493755736699774	0.9918202517774259	1.819521427154541
0.37354660365270903	0.996386244015558	1.8495213985443115
0.3737580824448814	0.9924452517775789	1.8895213603973389
0.37708767596684795	0.9863609410606677	1.9195213317871094
0.5317864477865678	0.9602920106384658	1.9495213031768799
0.5303260315661406	0.9638343798637131	1.9895212650299072
0.5276985344137434	0.9681205861700705	2.0195212364196777
0.5292319916369121	0.9706276477296532	2.0495214462280273
0.5281972944322005	0.9718620736395582	2.0895214080810547
0.5267350648357302	0.9673008446842237	2.119521379470825
0.5311562565766568	0.974717133185756	2.1495213508605957
0.5312062398077851	0.9800261202329005	2.189521312713623
0.5342528191581417	0.9785352057758682	2.2195212841033936
0.3118141197223224	0.9127985781282961	2.2895214557647705
0.30997831889374566	0.9208300745446215	2.319521427154541
0.30532183768511745	0.9207701016163995	2.3495213985443115
0.30094748379033187	0.9188905368468503	2.389521360397339
0.3150735046656437	0.931419422675475	2.4195213317871094
0.318134904854619	0.9438771427541233	2.44952130317688
0.3323171780148858	0.9472174206602553	2.4895212650299072
0.3519973374337971	0.9816539856593104	2.5195212364196777
0.32460215909227663	0.9142919350807668	2.5495214462280273
0.3306329636950759	0.9240750093344897	2.5895214080810547
0.32591811212608707	0.9193228903436649	2.619521379470825
0.31507572877118484	0.911048018529342	2.6495213508605957
0.30681186403279986	0.9140792004177485	2.689521312713623
0.30775870468483363	0.924578077425064	2.7195212841033936
0.30074778092032634	0.9170946149837944	2.749521255493164
0.36485395284333616	0.8808702328386498	2.819521427154541
0.36047345064508113	0.8831128739795039	2.8495213985443115
0.35860130971775667	0.8859775955504403	2.889521360397339
0.3556249385874009	0.8856588264610203	2.9195213317871094
0.35287409636348677	0.8874513002301482	2.94952130317688
0.35087952044881	0.89219800167259	2.9895212650299072
0.3490429855770175	0.8957578146078728	3.0195212364196777
0.3414623465865457	0.8955072464190119	3.0495214462280273
0.3349646862852218	0.9004816702055932	3.0895214080810547
0.3259348618209666	0.9152695835813346	3.119521379470825
0.3234156339559871	0.9096116984403324	3.1495213508605957
0.323762475933938	0.9310638963450274	3.189521312713623
0.3288744359235428	0.9348341120349234	3.2195212841033936
0.3909277383817943	0.9154160245762243	3.249521255493164
0.3883797229843399	0.8997259996030976	3.2895214557647705
0.37838195321221724	0.9130340467143752	3.319521427154541
0.3639692840908002	0.8852119475119312	3.3495213985443115
0.3565396955671351	0.8957251194673252	3.389521360397339
0.35887239453988584	0.8975596031949068	3.4195213317871094
0.36615652557525397	0.8977743226855549	3.44952130317688
0.3708459269915289	0.889723244557397	3.4895212650299072
0.38762129280983926	0.9039232117114702	3.5195212364196777
0.4576822132240554	0.8640472196543068	3.5495214462280273
0.45138109808917304	0.8710448566513013	3.5895214080810547
0.4454159813767848	0.8730014202219564	3.619521379470825
0.4349472859131441	0.8657839837806813	3.6495213508605957
0.42846371431509583	0.879209218646397	3.689521312713623
0.4211736663935117	0.860728721610781	3.7195212841033936
0.4207937369661783	0.8674679916457698	3.749521255493164
0.4187733180196061	0.8576251592603426	3.7895214557647705
0.4187167602493682	0.8632279264025348	3.819521427154541
0.4195999849000374	0.8720520365412641	3.8495213985443115
0.4153647134949284	0.867521058057361	3.889521360397339
0.413755646043461	0.866314293131388	3.9195213317871094
0.4080813695743372	0.8558098448969038	3.94952130317688
0.36861194963206007	0.85372775418024	3.9895212650299072
0.36580946151813726	0.8568760119731806	4.019521236419678
0.36643747017783196	0.8599751391926028	4.049521446228027
0.3701527173095652	0.8592022581528133	4.089521408081055
0.3703109339049273	0.8603600432555082	4.119521379470825
0.37175571306382293	0.8567494005091448	4.149521350860596
0.3750967270836521	0.8587422965711015	4.189521312713623
0.37521547028855873	0.8586295003952855	4.2195212841033936
0.3757079404288281	0.8592220985397223	4.249521255493164
0.3730136565567837	0.858036477419466	4.2895214557647705
0.3462596012302074	0.8578444334577113	4.319521427154541
0.3446822927796861	0.8564719870096875	4.3495213985443115
0.34100725133318605	0.8602492709855667	4.389521360397339
0.3394635614514562	0.8533552423125739	4.419521331787109
0.46288230274259534	0.8328193325301613	4.44952130317688
0.4565609076794543	0.8393105622832916	4.489521265029907
0.4523435456041265	0.84342964694733	4.519521236419678
0.4448103035000508	0.8526254039681432	4.549521446228027
0.4320127478112984	0.8597017687279412	4.589521408081055
0.42877070974699755	0.8610076819271908	4.619521379470825
0.42992524534350357	0.8638985105154773	4.649521350860596
0.42682218935600047	0.8650347744784385	4.689521312713623
0.4251180666194311	0.8674985653441424	4.7195212841033936
0.42446497356919693	0.862479001680203	4.749521255493164
0.4209644646198476	0.8731248419560879	4.7895214557647705
0.418339940036469	0.8787430943842258	4.819521427154541
0.4197259737799221	0.8762808576995194	4.8495213985443115
0.416106172035261	0.8845310438541722	4.889521360397339
0.4162446842185007	0.8789272068190174	4.919521331787109
0.42126831860813474	0.8776988676038421	4.94952130317688
0.5019359965379524	0.8640615608984313	5.019521236419678
0.5060292160677976	0.8769328342299858	5.049521446228027
0.5067849218185116	0.8578386814808534	5.089521408081055
0.5074159387196597	0.8602253905247028	5.119521379470825
0.5084079879029678	0.8809693086321724	5.149521350860596
0.49705952674983617	0.8944682019324296	5.189521312713623
0.502556273969851	0.8874620700762014	5.2195212841033936
0.31566108206436505	0.7893540241959418	5.2895214557647705
0.3178497852772407	0.7612875232652143	5.319521427154541
0.08142369796716349	0.6592462361144583	5.3495213985443115
0.08913774701216534	0.676069360428193	5.389521360397339
0.07215037752051097	0.6853552134588919	5.419521331787109
0.07215037752051097	0.6853552134588919	5.44952130317688
0.07215037752051097	0.6853552134588919	5.489521265029907
0.33301749495802535	0.8579574500286067	5.519521236419678
0.3472498128298485	0.8687539730288956	5.549521446228027
0.30137977246634196	0.8616106806046011	5.619521379470825
0.28493886521685113	0.7942407619263508	5.649521350860596
0.2889629458253204	0.796911012148362	5.689521312713623
0.5249308773764976	0.8223591301545119	5.7195212841033936
0.537888914629252	0.8437468866462434	5.749521255493164
0.5335137841495886	0.8451707174679439	5.7895214557647705
0.5312702400026419	0.849850610790678	5.819521427154541
0.5291191906844239	0.8543468535941117	5.8495213985443115
0.5237482403066482	0.8570862508151939	5.889521360397339
0.5238185025065618	0.8584490092846209	5.919521331787109
0.5207288606629696	0.8554224441791896	5.94952130317688
0.5222713179416141	0.8559417567801005	5.989521265029907
0.5217300933924336	0.8551995611572998	6.019521236419678
0.5216365765977835	0.8526487826305945	6.049521446228027
0.513809492152355	0.8519229267556899	6.089521408081055
0.510089080814371	0.8496804700118158	6.119521379470825
0.5251427808618762	0.8467161776732428	6.149521350860596
0.530835643541713	0.8485654028859941	6.189521312713623
0.5432027869808105	0.8474048784323488	6.2195212841033936
0.5396317423389889	0.8476921331108227	6.249521255493164
0.5352627454802753	0.8513073688034107	6.2895214557647705
0.53680848989198	0.853370164404271	6.319521427154541
0.5320154215285736	0.8583707343933547	6.3495213985443115
0.3930699230860465	0.8297575152762592	6.389521360397339
0.3872766145568851	0.8298110861051938	6.419521331787109
0.39138961211029927	0.8398743879081007	6.44952130317688
0.3960881328801815	0.8371235492060319	6.489521265029907
0.39344202719898397	0.8392454939331909	6.519521236419678
0.3931620858321079	0.8398415862623011	6.549521446228027
0.3940876202305703	0.8413374215479413	6.589521408081055
0.393909789324993	0.8428613763932822	6.619521379470825
0.3958257779001001	0.8434700822945262	6.649521350860596
0.3916082298193158	0.8384800037747306	6.689521312713623
0.3486397933949522	0.7623344874934619	6.7195212841033936
0.34740855368301915	0.7548968226269764	6.749521255493164
0.35146817411552944	0.75443984270374	6.7895214557647705
0.3506283315418194	0.7579201070092042	6.819521427154541
0.35141763768204026	0.7626065068616056	6.8495213985443115
0.36073272940694406	0.7366011572635737	6.889521360397339
0.3615519901411174	0.7447405936296562	6.919521331787109
0.3405794086743928	0.7484927288557389	6.94952130317688
0.30826092027198193	0.7387765920046518	6.989521265029907
0.3051410905991451	0.7468901702109804	7.019521236419678
0.3018300603990395	0.7398375551904057	7.049521446228027
0.28745995196351043	0.7466244580786192	7.089521408081055
0.2935797463174503	0.7588940761442144	7.119521379470825
0.29831167202917735	0.7561301661325064	7.149521350860596
0.29892169069890673	0.7572741170447815	7.189521312713623
0.3132843377948215	0.7654359639717508	7.2195212841033936
0.31563254589014855	0.768327841986555	7.249521255493164
0.31813592532250184	0.7754077157454805	7.2895214557647705
0.3103628463390129	0.7540417475787704	7.319521427154541
0.3585782287962581	0.47934555368360027	7.3495213985443115
0.3526075609471583	0.48375999525046826	7.389521360397339
0.3157467998178568	0.4251639466480449	7.419521331787109
0.3205584599794651	0.4243299187098606	7.44952130317688
0.3565560629785945	0.5026738056473714	7.489521265029907
0.36709450647735425	0.4999238171315501	7.519521236419678
0.3598681473583548	0.5065755342461389	7.549521446228027
0.3637573143190709	0.504526619988221	7.589521408081055
0.35572965382259963	0.5123998551133044	7.619521379470825
0.3470889389237329	0.510512335498773	7.649521350860596
0.342947238658434	0.5161313141062205	7.689521312713623
0.33520765468298885	0.5206643491536046	7.7195212841033936
0.33520765468298885	0.5206643491536046	7.7895214557647705
0.33520765468298885	0.5206643491536046	7.819521427154541
0.33520765468298885	0.5206643491536046	7.8495213985443115
0.33520765468298885	0.5206643491536046	7.889521360397339
0.3435609166097086	0.6027809984637321	7.919521331787109
0.3367165610429641	0.6060244644716166	7.94952130317688
0.33410481245943613	0.6190825893395553	7.989521265029907
0.33401137567387235	0.6430498100299782	8.019521236419678
0.36334294626144725	0.700702526779472	8.049521446228027
0.36301162624563665	0.703078109541624	8.089521408081055
0.3613117437196895	0.7033317530319685	8.119521379470825
0.3684956777307223	0.7019257997515629	8.149521350860596
0.3040728615986473	0.8683840327893145	8.219521284103394
0.29956463905986963	0.879751163991618	8.249521255493164
0.29340189132773936	0.9052272840350396	8.28952145576477
0.2867837039047171	0.8848538742356297	8.319521427154541
0.2839582719542502	0.8856857609628919	8.349521398544312
0.28345003362811916	0.8854299888835936	8.389521360397339
0.2803299058132864	0.887322376206773	8.41952133178711
0.2788717638561104	0.8848643117311973	8.44952130317688
0.27956936247924424	0.8866279534257081	8.489521265029907
0.2799607972963605	0.8881266507735833	8.519521236419678
0.2745862130785113	0.8874596361919698	8.549521446228027
0.517314466620592	0.8430206533539536	8.619521379470825
0.5019847585315802	0.8565973718044672	8.649521350860596
0.5097287251282198	0.8507332685078272	8.689521312713623
0.48444610694775403	0.8673561591392155	8.719521284103394
0.48294400767220075	0.8702080330170748	8.749521255493164
0.4872236552025454	0.8686747443111462	8.78952145576477
0.5020226851390587	0.5655553866686887	8.819521427154541
0.5112890924301834	0.5524808288835283	8.849521398544312
0.513570431404154	0.559517728502889	8.889521360397339
0.509576082408368	0.572494273856957	8.91952133178711
0.5046515790073408	0.5830388140865468	8.94952130317688
0.4989898299446923	0.5707434003419591	8.989521265029907
0.5012411982301224	0.5907667613572191	9.019521236419678
0.5009035056610195	0.5954478862063145	9.049521446228027
0.4982392882084493	0.569635752212263	9.089521408081055
0.49939980329032196	0.5921203527567157	9.119521379470825
0.49670391013756887	0.5951584212649496	9.149521350860596
0.48448979217538196	0.5781231016328466	9.189521312713623
0.475091171872549	0.580349964428587	9.219521284103394
0.470229392133451	0.5741149340282562	9.249521255493164
0.47438277258110195	0.5822592890058943	9.28952145576477
0.4938860409315083	0.6054394571251007	9.319521427154541
0.5270960361853572	0.6283396286063478	9.349521398544312
0.8219029144443828	0.22583604819254308	9.41952133178711
0.26380659546805646	0.6428013135005333	9.519521236419678
0.261248483955986	0.6514458508385518	9.549521446228027
0.26746144495023166	0.6501375252441977	9.589521408081055
0.26405800455541945	0.6441583921496067	9.619521379470825
0.28390271944433726	0.6235904212538822	9.689521312713623
0.2761892916450241	0.5785824131835057	9.719521284103394
0.27298407157328425	0.5743362990432758	9.749521255493164
0.2766826836745714	0.6255436820965182	9.78952145576477
0.2692652616020586	0.58769986832182	9.819521427154541
0.2802113962081827	0.6399526619116664	9.849521398544312
0.28827225487381497	0.6565093310189178	9.91952133178711
