COORDENADA X	 COORDENADA Y	 TEMPO
0.2925757167391064	0.6384899408651619	-36.58604288101196
0.29307928979702086	0.6430861764184223	-36.546042919158936
0.2870081383459594	0.6052570833575465	-36.486042737960815
0.29276055633917997	0.5894085708204944	-36.44604277610779
0.30192415180326965	0.5681142515191937	-36.41604280471802
0.3053597671303361	0.5691873983137559	-36.34604287147522
0.3067751334588814	0.5747904190033993	-36.31604290008545
0.3027686203327756	0.5486287977256373	-36.28604292869568
0.3145697268566031	0.5660628870056276	-36.24604272842407
0.4001776588125468	0.8501943763813916	-36.18604278564453
0.38096657278789137	0.8829359795469004	-36.146042823791504
0.35982693251845005	0.8659445519679809	-36.11604285240173
0.3505444897547142	0.8811437197988264	-36.076042890548706
0.33908004009815484	0.8829850102146146	-36.046042919158936
0.32800014206021566	0.8920789409643798	-36.016042947769165
0.31235091370240964	0.9000893304540265	-35.986042737960815
0.3088074085747868	0.9055825804681497	-35.94604277610779
0.302046506984092	0.9103733961068418	-35.91604280471802
0.30034564055991625	0.9078107131165325	-35.87604284286499
0.29814567273418074	0.9115527880022612	-35.84604287147522
0.2874164177314218	0.9181123833814929	-35.81604290008545
0.20313640548250955	0.9656614444917366	-35.78604292869568
0.19730516938803314	0.9588622151705163	-35.74604272842407
0.18747134295545098	0.9804179496723112	-35.7160427570343
0.18840549487438116	0.9788636914026844	-35.68604278564453
0.16548435568794487	0.9946803563191791	-35.646042823791504
0.16866359541354178	0.975368667583523	-35.61604285240173
0.1704095153489665	0.976453490317846	-35.58604288101196
0.1421715291713453	1.0108658591483255	-35.516042947769165
0.17290440709306823	0.9923186992099073	-35.41604280471802
0.17436936514893675	0.9982874522978128	-35.38604283332825
0.1728186731118615	1.011240411410846	-35.34604287147522
0.14832913951534427	0.9903443591775258	-35.31604290008545
0.14179999573776608	0.9603674937695809	-35.28604292869568
0.13229949166677193	0.9882803072118989	-35.24604272842407
0.13844460328582464	1.0006341147954603	-35.2160427570343
0.18543088545186626	1.0056567420577969	-35.18604278564453
0.13700872952087048	1.0047895892741576	-35.146042823791504
0.141334496710546	0.9984736860553518	-35.11604285240173
0.14882790365139373	0.9944424516137372	-35.08604288101196
0.1467718987004146	0.9603367859964184	-35.046042919158936
0.14006377348083282	1.0046550510873187	-35.016042947769165
0.13228252772365653	1.013119977275016	-34.986042737960815
0.1331745465964929	1.0070978029369957	-34.94604277610779
0.1301582385510702	0.968776584855161	-34.91604280471802
0.13857660908035344	1.0037214263356824	-34.84604287147522
0.13968673301935705	1.0012623708217292	-34.81604290008545
0.13856877137279283	0.993637634268215	-34.78604292869568
0.14163247440829005	0.9974335232083046	-34.74604272842407
0.1343195301109208	1.0052484801449144	-34.7160427570343
0.1457260427802925	0.9887229188117773	-34.68604278564453
0.14583039245788523	0.9884248205842625	-34.646042823791504
0.14585480182884622	0.9849761064946159	-34.61604285240173
0.1405253583487132	0.9396842577349354	-34.58604288101196
0.1405118208989931	0.9332906768672163	-34.546042919158936
0.14225240007631287	0.9381328119427464	-34.516042947769165
0.14877900091772706	0.9445964671934727	-34.486042737960815
0.14729412027245775	0.9439299238954852	-34.44604277610779
1.167584262488753	1.8939223254306563	-34.31604290008545
1.185694325912239	1.931837992499196	-34.28604292869568
1.1761250476945837	1.9163565689964506	-34.24604272842407
1.1815610521739284	1.9427664056943355	-34.2160427570343
1.1752967673789654	1.9600246663155045	-34.18604278564453
1.2131461204280993	2.264126760124692	-34.146042823791504
1.2018298912788252	2.2754739642330986	-34.11604285240173
1.1928216561664375	2.0565239407151767	-34.08604288101196
1.1705444635159536	2.0451006138694363	-34.016042947769165
1.1689094915791194	2.0577427123305583	-33.986042737960815
1.173620687984703	2.087824997897325	-33.94604277610779
1.172801685686724	2.0862897808354512	-33.91604280471802
1.1574766295781767	2.075496886486112	-33.84604287147522
0.9129482567633378	2.0716375185555593	-33.7160427570343
0.9052858161648762	2.0725477933167404	-33.68604278564453
0.8725841061582633	2.014827519736471	-33.646042823791504
0.9017379021361128	2.1027212484737685	-33.58604288101196
0.8880302001989395	2.068206901593512	-33.546042919158936
0.8676837046195998	2.0328253683093713	-33.516042947769165
0.8727267060036271	2.029086600720411	-33.486042737960815
0.9000219286251929	2.099183940980938	-33.44604277610779
0.8731953672372975	2.0285448820787897	-33.41604280471802
0.877124196658523	2.035000941327404	-33.28604292869568
0.8808834124839338	2.0384101582984098	-33.24604272842407
0.8817983883076904	2.0372826126835943	-33.2160427570343
0.9152922879561958	2.0983952050253625	-33.18604278564453
0.8890818416226552	2.0374904488039003	-33.146042823791504
0.8874629223470694	2.021064142774221	-33.11604285240173
0.8907110404080959	2.027500988641947	-33.08604288101196
0.9365979558303297	2.1121998946690344	-33.046042919158936
0.902322362676266	2.0409845408033025	-33.016042947769165
0.8993159983942263	2.03076466788366	-32.986042737960815
0.9054866481282975	2.045799308593969	-32.94604277610779
0.9069446844969676	2.0497185797670188	-32.91604280471802
0.9230981284917636	2.0697157137935225	-32.88604283332825
0.9110198877356187	2.0347625981312234	-32.81604290008545
0.9173452561201841	2.0398138601111424	-32.74604272842407
0.9127936142913115	2.031575505760441	-32.7160427570343
0.9191440077744866	2.0031258927539417	-32.646042823791504
0.9191440077744866	2.0031258927539417	-32.38604283332825
0.9191440077744866	2.0031258927539417	-32.34604287147522
0.7952613782364084	0.2394569202282361	-30.87604284286499
0.18547479987067195	0.8452880172776462	-30.84604287147522
0.06371155849115773	0.9255780728593245	-30.81604290008545
0.10281241819081588	0.754203723700224	-30.78604292869568
0.21384142286375782	0.830410805147624	-30.746042728424072
0.1367825132192581	0.9943539210332827	-30.68604278564453
0.15773179014734867	0.8984038530805806	-30.646042823791504
0.15656635969640453	0.9901952011496314	-30.616042852401733
0.3841032016840576	0.9602441666742891	-30.246042728424072
0.3929597427027166	0.9477231579442483	-30.2160427570343
0.4053033067873692	1.1130067896826565	-30.086042881011963
0.4483726166374545	0.9401907496197955	-29.946042776107788
0.45542453541100353	0.9308671509768751	-29.916042804718018
0.44970206452049627	0.8885906562069795	-29.886042833328247
0.4920277992258216	1.0544390216646562	-29.84604287147522
0.6689029336954634	0.9661211402208457	-29.78604292869568
0.6530811932918422	0.9117711436054307	-29.7160427570343
0.6855103684039517	0.918426594205759	-29.516042947769165
0.6849204913789142	0.9205748285379461	-29.486042737960815
0.6783198604415436	0.8749690414661004	-29.146042823791504
1.0762567556310432	1.8136766502473507	-28.546042919158936
1.1465784130028631	2.07058902926444	-28.486042737960815
1.1465784130028631	2.07058902926444	-28.446042776107788
1.1465784130028631	2.07058902926444	-28.386042833328247
1.1465784130028631	2.07058902926444	-28.31604290008545
1.7132441783400962	2.6355528799889405	-28.18604278564453
1.7717061780964973	2.950564035918583	-27.84604287147522
3.3254712345636728	5.175348148079373	-26.34604287147522
3.3254712345636728	5.175348148079373	-25.446042776107788
3.3254712345636728	5.175348148079373	-22.916042804718018
3.3254712345636728	5.175348148079373	-22.78604292869568
3.3254712345636728	5.175348148079373	-15.87604284286499
3.3254712345636728	5.175348148079373	-9.546042919158936
3.3254712345636728	5.175348148079373	-9.516042947769165
3.3254712345636728	5.175348148079373	-9.476042747497559
1.2531925565145943	2.833283303246032	-9.446042776107788
1.252620188453945	2.8642628102745955	-9.416042804718018
1.226733147394886	2.8509501406328526	-9.37604284286499
1.2091755713986152	2.865324135448333	-9.246042728424072
1.2051941696814537	2.877943216550061	-9.216042757034302
1.2265026160935555	2.933018717548853	-9.176042795181274
1.224171499335849	2.773602426695457	-9.146042823791504
1.1764047622304024	2.7287328489882987	-9.046042919158936
1.186014733794167	2.968483619453962	-8.976042747497559
1.1771898441566508	2.8017358834470705	-8.946042776107788
1.247475611987902	2.8726364209563537	-8.916042804718018
1.2185279348903248	2.7770443769660345	-8.87604284286499
1.2185279348903248	2.7770443769660345	-8.676042795181274
1.2595799468728914	1.9839954759475726	-8.516042947769165
1.2474571053146053	1.9886496007916965	-8.436042785644531
1.2414237377945094	1.9819374216089514	-8.40604281425476
1.2335749315072309	1.9821327847511874	-8.34604287147522
1.2343493781360668	1.9933190368227163	-8.306042909622192
1.285802821319359	2.056494309483901	-8.276042938232422
1.2294469754945463	2.0212363565890255	-8.246042728424072
1.2329074609967439	1.9970190645096508	-8.216042757034302
1.2317733999689433	2.0100423403167764	-8.176042795181274
1.2343093739064082	2.0058442760527204	-8.146042823791504
1.2502451183804868	2.0021572810636474	-8.116042852401733
1.2464105792545233	2.0228199609783393	-8.06604290008545
1.2564171974647704	1.9975169439812648	-8.046042919158936
1.259656049635388	1.9928938796197069	-8.006042718887329
1.2571765530817995	2.003507652644793	-7.976042747497559
1.2584965445380973	2.0033814717140324	-7.946042776107788
1.2860729863460085	2.0091226965341638	-7.916042804718018
1.2953264252954992	2.0512740327500634	-7.87604284286499
1.2933240877443581	2.055779544673349	-7.84604287147522
1.2331121049296572	1.9185672037518928	-7.816042900085449
1.2376013967238662	1.9109461396919134	-7.776042938232422
1.2417937261408114	1.8944519459313542	-7.746042728424072
1.239946119667215	1.8725575664167464	-7.716042757034302
1.2451852942396684	1.8626476202152216	-7.666042804718018
1.2456062177224898	1.873896830284582	-7.646042823791504
1.286293593871049	1.9595007515233285	-7.616042852401733
1.2848612713450078	1.9655317428129822	-7.576042890548706
1.2849592773356378	1.960404135282173	-7.5460429191589355
1.288085493341123	1.9801107762235457	-7.516042947769165
1.2928175802470043	1.975042131637542	-7.476042747497559
1.291896664740556	1.9733806702867058	-7.446042776107788
1.2860491298817829	1.9652128998198328	-7.416042804718018
1.2947417194618263	1.9614883746851541	-7.37604284286499
1.2974786844928958	1.9744423864761544	-7.34604287147522
1.3006072503346982	1.9653027766989806	-7.316042900085449
1.305576121922342	1.9631455447629105	-7.276042938232422
1.30385406506118	1.960534246050956	-7.246042728424072
1.304688402576325	1.9547664601658847	-7.216042757034302
1.2949523994126932	1.9682852554262942	-7.176042795181274
1.2966686799794171	1.9556604369131911	-7.146042823791504
1.2972611956652567	1.94891279295861	-7.116042852401733
1.295400351973318	1.9446092882914092	-7.076042890548706
1.2953684727902675	1.9412989435087773	-7.0460429191589355
1.2951533945747258	1.9273569070814622	-7.016042947769165
1.2981604480192344	1.9252887194971102	-6.976042747497559
1.2982707151574808	1.91967938865016	-6.946042776107788
1.3026990135894638	1.916824755649665	-6.916042804718018
1.3051262342534025	1.9177084428566402	-6.87604284286499
1.3111955464125895	1.9186297014048495	-6.84604287147522
1.3089055985012776	1.9199266679699236	-6.816042900085449
1.3115071226787935	1.9211326904977295	-6.776042938232422
1.307854071236311	1.9418205618637174	-6.746042728424072
1.3123749537861575	1.9354796941246712	-6.716042757034302
1.308993214891642	1.9340144265043604	-6.676042795181274
1.3035908455257756	1.9310382816395584	-6.646042823791504
1.3031640744125392	1.9271289304094186	-6.616042852401733
1.3046714869009024	1.9264912590940637	-6.576042890548706
1.3088113247319668	1.9284683202631396	-6.5460429191589355
1.3105359919472261	1.9278029662853156	-6.516042947769165
1.3171361288926817	1.9304032357042493	-6.476042747497559
1.319653274702493	1.9289656622616234	-6.446042776107788
1.315375228644897	1.914920416795384	-6.416042804718018
1.3160761849554061	1.9130203038204867	-6.37604284286499
1.3180386349522903	1.9142807223324623	-6.34604287147522
1.3223163066076977	1.917808329436344	-6.316042900085449
1.3207180433110344	1.9149722840272867	-6.276042938232422
1.3216291482738856	1.9253455711844314	-6.246042728424072
1.3214185179001574	1.9178794060342101	-6.216042757034302
1.3171486947274558	1.9215730172732863	-6.176042795181274
1.313492082125833	1.9104432397314226	-6.146042823791504
1.313728014984749	1.9043475849006772	-6.116042852401733
1.3137452295625862	1.8991847179659596	-6.076042890548706
1.3121647461135542	1.894809759880447	-6.0460429191589355
1.3144774213838117	1.8944898723853763	-6.016042947769165
1.316970589319791	1.8943246669338698	-5.976042747497559
1.3166384388659655	1.8886371448481982	-5.946042776107788
1.3145665910567048	1.8867669889538488	-5.916042804718018
1.3122482148895145	1.88370284788403	-5.87604284286499
1.3145363553264566	1.8945743143682907	-5.84604287147522
1.3149997651852676	1.9020465690141257	-5.816042900085449
1.3147811598519807	1.9044026947954742	-5.776042938232422
1.3157986837536106	1.9055787358588236	-5.746042728424072
1.3232017514084424	1.9061862687095052	-5.716042757034302
1.3131507554649258	1.9062603465041787	-5.676042795181274
1.308612480683154	1.8996943394457713	-5.646042823791504
1.3065509539322406	1.8997140545517999	-5.616042852401733
1.3071399604305276	1.9017907152888343	-5.576042890548706
1.3089025454834788	1.9056299562423322	-5.5460429191589355
1.3144887990377938	1.914550230648976	-5.516042947769165
1.3242758386481663	1.9064465455779807	-5.476042747497559
0.5975505356168228	0.6621506338472111	-5.34604287147522
0.5904926240852347	0.6659898524159357	-5.286042928695679
0.5891089039429367	0.6714207847150959	-5.256042718887329
0.563662071797501	0.5984459829272132	-5.236042737960815
0.5879210002697923	0.600894841652349	-5.176042795181274
0.5223474605052096	0.6003240177185282	-5.146042823791504
0.5223474605052096	0.6003240177185282	-4.87604284286499
0.5223474605052096	0.6003240177185282	-4.84604287147522
0.5223474605052096	0.6003240177185282	-4.776042938232422
0.5223474605052096	0.6003240177185282	-4.746042728424072
0.2879935128696521	0.8424264262073993	-4.716042757034302
0.2818078534404994	0.8645363786700614	-4.676042795181274
0.27218570328733066	0.9228666771373082	-4.646042823791504
0.2770485245293008	0.9552373866770382	-4.616042852401733
0.2694921205850128	0.963873155386689	-4.576042890548706
0.2613377933330566	1.0077714141812413	-4.5460429191589355
0.1814658104498524	1.124585300787605	-4.516042947769165
0.18604126463067153	1.1600328460219473	-4.476042747497559
0.19340021649316674	1.1601577562198055	-4.446042776107788
0.19815036720686718	1.1801496300741694	-4.416042804718018
0.19815036720686718	1.1801496300741694	-4.37604284286499
0.19815036720686718	1.1801496300741694	-4.34604287147522
0.19815036720686718	1.1801496300741694	-4.246042728424072
0.19815036720686718	1.1801496300741694	-4.216042757034302
0.19815036720686718	1.1801496300741694	-4.176042795181274
0.19815036720686718	1.1801496300741694	-4.146042823791504
0.19815036720686718	1.1801496300741694	-4.116042852401733
0.19815036720686718	1.1801496300741694	-4.076042890548706
0.19815036720686718	1.1801496300741694	-4.0460429191589355
0.19815036720686718	1.1801496300741694	-4.016042947769165
0.19815036720686718	1.1801496300741694	-3.9760427474975586
0.19815036720686718	1.1801496300741694	-3.946042776107788
0.19815036720686718	1.1801496300741694	-3.9160428047180176
0.19815036720686718	1.1801496300741694	-3.8660428524017334
0.19815036720686718	1.1801496300741694	-3.8460428714752197
0.19815036720686718	1.1801496300741694	-3.776042938232422
0.19815036720686718	1.1801496300741694	-3.7360427379608154
0.19815036720686718	1.1801496300741694	-3.696042776107788
0.19815036720686718	1.1801496300741694	-3.6660428047180176
0.19815036720686718	1.1801496300741694	-3.636042833328247
0.19815036720686718	1.1801496300741694	-3.6160428524017334
0.19815036720686718	1.1801496300741694	-3.506042718887329
0.19815036720686718	1.1801496300741694	-3.4760427474975586
0.19815036720686718	1.1801496300741694	-3.446042776107788
0.19815036720686718	1.1801496300741694	-3.4160428047180176
0.37637103919507653	0.9106867005163823	-3.3760428428649902
0.3564311738460038	0.9264378856573869	-3.3460428714752197
0.3566737866673614	0.9406396281079955	-3.316042900085449
0.36219654774566995	0.9649855534923137	-3.276042938232422
0.36105108044206385	0.9708653346907344	-3.2460427284240723
0.3587698280408523	0.9798217704138569	-3.2160427570343018
0.3471098509388488	0.9605827617251141	-3.1760427951812744
0.3316054646722355	0.9631729127412015	-3.146042823791504
0.32141032638357697	0.9548137015523412	-3.1160428524017334
0.322687874072458	1.0199539730838476	-3.076042890548706
0.4978123153431316	0.9838676765499972	-3.016042947769165
0.450518667135944	1.0582054597427635	-2.9760427474975586
0.4377126912899733	1.0630064766446796	-2.9160428047180176
0.4320979345493864	1.0656157830200703	-2.8760428428649902
0.42928816519272617	1.0705602613198788	-2.8460428714752197
0.426272865900383	1.0801245132878416	-2.816042900085449
0.4227455446017107	1.0821326876382213	-2.776042938232422
0.7481770789224759	0.3404775026695961	-2.6760427951812744
0.7504279645167813	0.34256742074232516	-2.646042823791504
0.7560453448800014	0.34752667365592604	-2.6160428524017334
0.8027725790832857	0.3092740423450356	-2.576042890548706
0.8043346144439435	0.3109371543892504	-2.5460429191589355
0.8043346144439435	0.3109371543892504	-2.4160428047180176
0.8043346144439435	0.3109371543892504	-2.3760428428649902
0.8043346144439435	0.3109371543892504	-2.3460428714752197
0.8043346144439435	0.3109371543892504	-2.3060429096221924
0.8043346144439435	0.3109371543892504	-2.276042938232422
0.8043346144439435	0.3109371543892504	-2.2460427284240723
0.8043346144439435	0.3109371543892504	-2.146042823791504
0.8043346144439435	0.3109371543892504	-2.0460429191589355
0.8043346144439435	0.3109371543892504	-1.9760427474975586
0.8043346144439435	0.3109371543892504	-1.9160428047180176
0.8043346144439435	0.3109371543892504	-1.8460428714752197
0.8043346144439435	0.3109371543892504	-1.8160429000854492
0.4750903467807463	0.8211743305869624	-1.6760427951812744
0.4661312159277473	0.8590874003842085	-1.646042823791504
0.4554828034089051	0.8714349920643163	-1.6160428524017334
0.3805275944222645	1.0090740387737742	-1.4160428047180176
0.3195028540047223	1.0479276804809248	-0.24604272842407227
0.3075264968325354	1.0335722752273862	0.15395712852478027
0.167220301640333	1.1046826614797358	2.353957176208496
0.16081463751740363	1.0834927857672698	2.3839571475982666
0.16232236473531345	1.0937343552212195	2.423957109451294
0.17168556275540456	1.067091560801132	2.4539570808410645
0.1775078452325239	1.0525825900713905	2.493957281112671
0.18313434018342448	1.037821688492033	2.5239572525024414
0.264277919067539	1.0063761921571608	2.553957223892212
0.27979920262051927	0.9783828533824487	2.5839571952819824
0.29604205767773994	0.9825284913518377	2.6239571571350098
0.30575535230359246	0.9953648396147738	2.6539571285247803
0.30097072585391776	1.0085664091274815	2.683957099914551
0.2957420608083639	1.0133045894281092	2.723957061767578
0.28987427894730394	1.0172696128910743	2.7539572715759277
0.28258793091356654	1.0263611055485657	2.7839572429656982
0.2834730962663088	1.019455430985983	2.8239572048187256
0.29346191790382226	1.0516152633189022	2.853957176208496
0.15396548691360987	1.0640702818414312	2.923957109451294
0.15908405209849646	1.0515289088050501	2.9539570808410645
0.16252264999137186	1.0402645380771929	2.983957052230835
0.17128657495936728	1.2176673344418179	3.0239572525024414
0.17695014348448612	1.2425227000546923	3.053957223892212
0.2959777270251541	2.1672286144253707	3.0839571952819824
0.30509848084750296	2.2347940010530163	3.1239571571350098
0.32808396828355896	2.309684811505455	3.1539571285247803
0.36393864077092775	2.406742704046863	3.1939570903778076
0.17710064197529232	1.0216576094751333	3.223957061767578
0.17780724728931907	1.0093160167825803	3.2539572715759277
0.1798869313812289	1.0028387263782763	3.2839572429656982
0.28048512781483975	0.9963765682857095	3.3239572048187256
0.277310189772946	0.9977229355582777	3.353957176208496
0.27511397066650195	0.9981700709085052	3.3839571475982666
0.2759865490054459	0.9988554904271473	3.423957109451294
0.2783497419750828	1.0009152441375035	3.4539570808410645
0.2799832870008182	1.003670277023207	3.483957052230835
0.28330247769246386	1.0003409634349045	3.5239572525024414
0.2853618613445364	1.0003332393138111	3.553957223892212
0.28699297676898455	1.0006988402264063	3.5839571952819824
0.2861129807462569	1.0027123917799063	3.6239571571350098
0.2870038972975888	1.0017933818597362	3.6539571285247803
0.2888433116933949	0.9980471255663678	3.683957099914551
0.2918479270967884	0.9937602446383976	3.723957061767578
0.2950785100539788	0.994023875331899	3.7539572715759277
0.2985605034779018	0.9961211292596216	3.7839572429656982
0.29891147991720296	0.9998477300771065	3.8239572048187256
0.29914935049575747	0.9981047187291302	3.853957176208496
0.28611330010844854	1.018838947651074	3.8839571475982666
0.2850159795216339	1.0098722628609145	3.923957109451294
0.28874464774124786	1.0085203391897024	3.9539570808410645
0.28931803420358343	1.0119538568331226	3.983957052230835
0.2822987340483836	0.9989337073931348	4.023957252502441
0.2778527254158335	1.0022412177240558	4.053957223892212
0.27643408191864005	0.9925551962241834	4.093957185745239
0.28075027972405303	0.9835208197429649	4.12395715713501
0.24717525875581345	0.9587311561832017	4.15395712852478
0.2494082794709448	0.9427310561822335	4.183957099914551
0.24562772692711315	0.9568805167889102	4.223957061767578
0.25152214966833636	1.1548190475883988	4.253957271575928
0.25107255508160053	1.1234128403084855	4.283957242965698
0.23271709472972754	0.9948773858141741	4.323957204818726
0.22361629233461555	1.0007541672066254	4.353957176208496
0.2183005142030678	1.0037864939429793	4.383957147598267
0.21970893195703914	1.0003140337223675	4.423957109451294
0.19730134955407286	0.9929915011864024	4.4539570808410645
0.2019777052127325	0.9808643588702664	4.483957052230835
0.20094838656079175	0.9753877774344618	4.523957252502441
0.20892246959210273	0.9676666124239386	4.553957223892212
0.2116227251627789	0.9630409997085552	4.583957195281982
0.22002578901984673	0.9468402910561299	4.62395715713501
0.2203572427986922	0.9408645153030175	4.65395712852478
0.22450499561866685	0.9631699517200331	4.683957099914551
0.23159898979937762	0.944229905077368	4.723957061767578
0.23368096169032382	0.942239895096683	4.753957271575928
0.24856341523278003	0.9405444610541743	4.783957242965698
0.36895360009661904	0.9297165861409	4.823957204818726
0.4443726079574215	0.9309103024974736	4.853957176208496
0.43607485108614796	0.9312746679210466	4.883957147598267
0.43456013048791925	0.9280130293034496	4.923957109451294
0.42248225907024023	0.9460007613090785	4.9539570808410645
0.41950973817149867	0.9413822857116585	4.983957052230835
0.4104450517171934	0.9424124439786508	5.023957252502441
0.4162970854681306	0.934980829920562	5.053957223892212
0.8193044876966246	0.329186909538894	5.093957185745239
0.4234970007108815	0.9828462549373979	5.12395715713501
0.8985988513767568	2.0699478950302095	5.15395712852478
0.8816188373602971	2.0439480906936565	5.183957099914551
0.4184933344940081	0.9858925464171342	5.223957061767578
0.49288027337716095	0.9785965144553461	5.253957271575928
0.4873475490551879	0.9830814124331704	5.283957242965698
0.49562614398740157	1.0468898922533376	5.323957204818726
0.5287635765592206	1.0068762544726877	5.353957176208496
0.6091281569510014	0.9898820970523773	5.493957281112671
0.5704773159700163	0.9704873175802354	5.523957252502441
0.5564752118350607	0.9812096622022026	5.553957223892212
0.5493862496619508	0.9733614628929178	5.583957195281982
0.5415368957940532	0.9738457848718691	5.62395715713501
0.5394254844384735	0.9726495403501986	5.65395712852478
0.535568055256874	0.9690414187397216	5.683957099914551
0.5321716275082292	0.9677392715859774	5.723957061767578
0.5305481194404957	0.9679813258791529	5.753957271575928
0.5290185884269758	0.9667378219188649	5.783957242965698
0.5276499834924347	0.9669441292226779	5.823957204818726
0.5262886417741934	0.9703385569178495	5.853957176208496
0.5232564341695404	0.9679036861439849	5.883957147598267
0.5129717468155955	0.9626971436743356	5.923957109451294
0.5106748650119701	0.9582572947604017	5.9539570808410645
0.512406327480644	0.9577675065141291	5.983957052230835
0.5097755662649769	0.9555089294497121	6.023957252502441
0.5099019767559171	0.9556720211181527	6.053957223892212
0.5832137703431189	0.9443748495444724	6.12395715713501
0.5809682879541028	0.9484318470276961	6.15395712852478
0.5792388793171428	0.9533471645724837	6.183957099914551
0.574032729643388	0.9575458921083402	6.223957061767578
0.5723808480745983	0.9600686324453226	6.253957271575928
0.5725864860226056	0.9577462067743087	6.283957242965698
0.5724308898488133	0.9574194982102431	6.323957204818726
0.571445901427776	0.956621371821654	6.353957176208496
0.5719053457884058	0.9587323435994755	6.383957147598267
0.568180524147294	0.9581073920365111	6.423957109451294
0.5709339185441149	0.9577290988542922	6.4539570808410645
0.6482718994906089	0.9379999941424297	6.483957052230835
0.645952557414563	0.9434397372730877	6.523957252502441
0.6450060315857885	0.9438681245042564	6.553957223892212
0.6462918125375356	0.9451282728578153	6.583957195281982
0.6427149609913251	0.9398888091523495	6.62395715713501
0.6441338400842066	0.9621356356119501	6.65395712852478
0.6572490023081905	0.9608858512376934	6.683957099914551
0.33300940125870393	0.9098262063794926	6.753957271575928
0.33300940125870393	0.9098262063794926	6.823957204818726
0.33300940125870393	0.9098262063794926	6.853957176208496
0.33300940125870393	0.9098262063794926	6.883957147598267
0.27603694689685687	0.8696570254391492	6.923957109451294
0.2713941620525778	0.8717045626021679	6.9539570808410645
0.2717476685141751	0.8749882537411006	6.983957052230835
0.2672678891041731	0.8727187451732067	7.023957252502441
0.2665024925216322	0.873919587048704	7.053957223892212
0.26768506368055717	0.8732747858983045	7.093957185745239
0.2689165389024224	0.8721687152196816	7.12395715713501
0.27070394856511515	0.8712973239970135	7.15395712852478
0.27111855002452756	0.86970147887467	7.183957099914551
0.35095480952388447	0.8701773728599803	7.253957271575928
0.3475374850281483	0.8658419813893324	7.283957242965698
0.34221455316996513	0.8942820933102533	7.323957204818726
0.3395030501269187	0.878967047206557	7.353957176208496
0.3388301313846809	0.8750172882614183	7.383957147598267
0.3433326931648318	0.8673042965378257	7.423957109451294
0.3442832718797043	0.8666262245157464	7.4539570808410645
0.3441032632667749	0.8670065659513784	7.493957281112671
0.3442019190084568	0.8667402222942568	7.523957252502441
0.34388573450077814	0.8633146688703642	7.553957223892212
0.3153116101542123	0.8529217791669086	7.583957195281982
0.31594487498193957	0.8518497703436586	7.62395715713501
0.3151786034681066	0.8529853303757305	7.65395712852478
0.31529139936720046	0.8522608801122221	7.683957099914551
0.3161887406970862	0.851137650672416	7.723957061767578
0.32316207901769783	0.8500432423266466	7.753957271575928
0.39035082039337693	0.8433129140389467	7.793957233428955
0.38748250110633264	0.8494763151966005	7.823957204818726
0.38732078714634816	0.8541641989476112	7.853957176208496
0.3843536054485367	0.8575032964774986	7.883957147598267
0.38736243543727716	0.8548477081397851	7.923957109451294
0.38627304730057377	0.855992586142644	7.9539570808410645
0.38653096649304275	0.8542649536446437	7.983957052230835
0.3868216278807105	0.8520576202262518	8.023957252502441
0.38619677779168426	0.8525318142461705	8.053957223892212
0.38332388605449663	0.8525729860689836	8.09395718574524
0.3785337844295942	0.85028704772259	8.12395715713501
0.37680734180184694	0.8468563708684632	8.15395712852478
0.3769405370015616	0.8460749882839494	8.18395709991455
0.3761123184180328	0.8456403926509426	8.223957061767578
0.38182116489130086	0.8430583777554445	8.253957271575928
0.4232691167998682	0.8440446823379261	8.283957242965698
0.4241753275593866	0.8495440827323415	8.323957204818726
0.4219999893856521	0.8484584403198061	8.353957176208496
0.41969950055821825	0.8485582407117085	8.383957147598267
0.41897407248854424	0.847813784185503	8.423957109451294
0.41813461349734937	0.8477914437642393	8.453957080841064
0.41749630354122724	0.8479077199251653	8.493957281112671
0.4157209338889255	0.8471176541173515	8.523957252502441
0.4154273168702348	0.8467154298238218	8.553957223892212
0.4147809975298392	0.8468742567306947	8.583957195281982
0.41421880184651183	0.8472121972547181	8.62395715713501
0.41228065146612486	0.8473472299586217	8.65395712852478
0.4130224425135668	0.8494698434580114	8.68395709991455
0.41285793684186556	0.8472804457938636	8.723957061767578
0.41757441969364195	0.8452884607340043	8.753957271575928
0.4778377269408862	0.8399923646326644	8.783957242965698
0.46820452416761443	0.8464856675022849	8.823957204818726
0.4685330262666575	0.8412189590892886	8.853957176208496
0.46890237728874573	0.844130303446224	8.883957147598267
0.46889065887785264	0.8490407155718459	8.923957109451294
0.46921863595478824	0.8502910848566916	8.953957080841064
0.46799285926105716	0.8513824142640429	8.983957052230835
0.4655658772644429	0.8518958374625255	9.023957252502441
0.46433192912314675	0.8524080032171857	9.053957223892212
0.4634775448626775	0.8536674704343745	9.09395718574524
0.47689478139406677	0.843217096844302	9.12395715713501
0.47919620408217695	0.8434625941546786	9.15395712852478
0.4812718766283189	0.8484402887423764	9.18395709991455
0.48379285142163864	0.8510349452400908	9.223957061767578
0.5574295794035143	0.8435775545620541	9.283957242965698
0.5551182120695233	0.843807657973286	9.323957204818726
0.5533832030045565	0.8469478541247984	9.353957176208496
0.5500534651385791	0.849266980056746	9.383957147598267
0.5506779726154157	0.8443821229239579	9.423957109451294
0.5489821618423284	0.8482889658358699	9.453957080841064
0.5409401662856278	0.8549201328270855	9.493957281112671
0.5428120635455844	0.8534879427559448	9.523957252502441
0.5580677437938232	0.8699559044214475	9.553957223892212
0.5599254392558707	0.8691899667523977	9.583957195281982
0.592840278909213	0.8693422238680377	9.68395709991455
0.5901793236528209	0.8713185681600913	9.723957061767578
0.5893078011847198	0.8773658156626549	9.753957271575928
0.5920544420611723	0.8746969532060479	9.783957242965698
0.5892092081290784	0.8805065253891939	9.823957204818726
0.5889686116882777	0.8789639342684931	9.853957176208496
0.5911297692597485	0.877950278758447	9.883957147598267
0.5896684130959804	0.8777025071455697	9.923957109451294
0.5912890945686202	0.872233121264831	9.953957080841064
0.6559194022362537	0.8654505352507958	9.983957052230835
0.6545875521484987	0.8672355845133477	10.023957252502441
0.6531350022421352	0.8680381093160612	10.063957214355469
0.6518333897338343	0.8695853098753823	10.09395718574524
0.6513558695990309	0.8672673554506386	10.12395715713501
0.6523401349771473	0.8673286711183331	10.15395712852478
0.6525637291496367	0.8645722343375605	10.18395709991455
0.6511438026017838	0.8628883214492052	10.223957061767578
0.6490203094647493	0.8682744723332269	10.253957271575928
0.6469659010662409	0.8703276659538448	10.283957242965698
0.6663985975147654	0.8636226929973897	10.323957204818726
0.6985777845223333	0.8618128694003103	10.353957176208496
0.6935334264864546	0.8663183338027406	10.383957147598267
0.695599110050047	0.865366521966708	10.423957109451294
0.6929617976013012	0.864989448793016	10.453957080841064
0.6936653972600437	0.867140353569489	10.493957281112671
0.6919567471893227	0.8646311212430152	10.523957252502441
0.6963297187135218	0.8640241331151156	10.553957223892212
0.7058220900410497	0.8817051109234876	10.583957195281982
0.7141583247903287	0.8817822054931086	10.62395715713501
0.7141583247903287	0.8817822054931086	10.68395709991455
0.7141583247903287	0.8817822054931086	10.723957061767578
0.7141583247903287	0.8817822054931086	10.753957271575928
0.7141583247903287	0.8817822054931086	10.783957242965698
0.7141583247903287	0.8817822054931086	10.823957204818726
0.7141583247903287	0.8817822054931086	10.853957176208496
0.7141583247903287	0.8817822054931086	10.883957147598267
0.31734813904934867	0.8007216372343975	10.923957109451294
0.31714017217690926	0.8032497266524006	10.953957080841064
0.3108116027201457	0.8044720594374549	10.983957052230835
0.3075175237287597	0.8073031616166441	11.023957252502441
0.30663803696013847	0.8096624597599775	11.053957223892212
0.3062623429560072	0.8105635783491484	11.083957195281982
0.30482994913253686	0.808732003325263	11.12395715713501
0.3033327300423733	0.80904164070097	11.15395712852478
0.3436257703154024	0.8077149592765996	11.18395709991455
0.3448137854482764	0.8002917667688737	11.223957061767578
0.34093908371014775	0.8087365449222269	11.253957271575928
0.3441647251266177	0.8129083261119782	11.283957242965698
0.34297436289266353	0.8137970521712891	11.323957204818726
0.3371150933909549	0.8107885567941199	11.353957176208496
0.33689205847670056	0.812154082960591	11.383957147598267
0.33626271269502567	0.8093755772450794	11.423957109451294
0.3358124193884642	0.8074744099244434	11.453957080841064
0.33660409865080815	0.8068677450283127	11.493957281112671
0.3853305145279692	0.8022463509846959	11.523957252502441
0.3819971414612664	0.803062341155322	11.553957223892212
0.3829221396107767	0.8029845223907346	11.583957195281982
0.3781170207494755	0.8097814944599145	11.62395715713501
0.3802732889584911	0.803606305392102	11.65395712852478
0.38178216707343565	0.8041092604310567	11.68395709991455
0.38106164224632977	0.8030755230452349	11.723957061767578
0.3813879389610292	0.8032866434727481	11.753957271575928
0.38090216432877566	0.8034039093513848	11.783957242965698
0.38029956645479635	0.8024820540280811	11.823957204818726
0.3789657851220279	0.8008632276063989	11.853957176208496
0.38021892178310246	0.8000549141941256	11.883957147598267
0.3793883745491212	0.7983317493944586	11.923957109451294
0.37920657405479974	0.7960767827443839	11.953957080841064
0.3786819873801242	0.7966954375163632	11.983957052230835
0.3793129560330436	0.7965262577790718	12.023957252502441
0.37942917912186164	0.7965914005182883	12.053957223892212
0.3824501171958094	0.793856954093732	12.083957195281982
0.436339703051457	0.7992699739542339	12.12395715713501
0.43387896631368167	0.7956084251843514	12.15395712852478
0.43291583701698066	0.7983415970606739	12.18395709991455
0.4308688853545099	0.8009446225767198	12.223957061767578
0.43048847422065484	0.8019803557821935	12.253957271575928
0.4300401450326106	0.8013345075320059	12.283957242965698
0.43042777202055915	0.8038819838511085	12.323957204818726
0.4296073362593768	0.8035194212818855	12.353957176208496
0.42950748915870046	0.80128023577499	12.383957147598267
0.42850088273684567	0.8020906464459313	12.423957109451294
0.4530511625975693	0.8010543432249396	12.453957080841064
0.4567403520548495	0.7995261727965933	12.493957281112671
0.45486495631516716	0.8009044294473372	12.523957252502441
0.4545898218154288	0.7990442700149288	12.553957223892212
0.4538600424750889	0.799358468919357	12.583957195281982
0.45575206864650214	0.8006300212381627	12.62395715713501
0.4703527975180221	0.7976747439941071	12.65395712852478
0.504593600414557	0.7927545600796786	12.68395709991455
0.5525625820624145	0.8011298091723478	12.723957061767578
0.593202396037669	0.6592571155168081	12.753957271575928
0.5448691497626906	0.8172018240922767	12.783957242965698
0.528245524624269	0.828454813775478	12.823957204818726
0.525611864731274	0.8185623381206325	12.853957176208496
0.5223611358370506	0.8232148291008438	12.883957147598267
0.5194759438023148	0.8192300135629919	12.923957109451294
0.5211572715823252	0.8156285042174034	12.953957080841064
0.5194289716038043	0.8136485159787944	12.983957052230835
0.4946883224016483	0.8095311286069116	13.023957252502441
0.4929867847087393	0.8058036621301029	13.053957223892212
0.49235337694427267	0.8038923832105962	13.083957195281982
0.49208165376784463	0.8041796493186164	13.12395715713501
0.48954193313507605	0.8049042892234652	13.15395712852478
0.48730293365413413	0.8073424446980797	13.18395709991455
0.4926420101754261	0.8060277319908299	13.223957061767578
0.5544796823595917	0.804019051190609	13.253957271575928
0.5447204375438087	0.8116568192254076	13.283957242965698
0.5435583293648074	0.8146932544846874	13.323957204818726
0.553848752357405	0.8324138104435447	13.353957176208496
0.5520086368232042	0.8337742494383453	13.383957147598267
0.5475543701782514	0.8314048124082603	13.423957109451294
0.5475622033028527	0.8310318980743078	13.453957080841064
0.5477186169278311	0.8315606839045525	13.493957281112671
0.5486698081395341	0.8316172693759827	13.523957252502441
0.5484058287866446	0.8308620732211297	13.553957223892212
0.552432606515802	0.8294500129474368	13.583957195281982
0.6528496237710063	0.8129159142822964	13.62395715713501
0.6484944063604307	0.8120655622850594	13.65395712852478
0.6348155988641414	0.8310659540184454	13.68395709991455
0.6346798415211795	0.8300630850862645	13.723957061767578
0.634398351626757	0.8319062253218591	13.753957271575928
0.6347098807268543	0.8294200664235049	13.783957242965698
0.6328494338357041	0.8277282668008232	13.823957204818726
0.6317643434946505	0.8255664023021068	13.853957176208496
0.6347922521143557	0.8214661274825044	13.883957147598267
0.6613315088556967	0.8252702990799177	13.923957109451294
0.6579884856451889	0.8288528149397641	13.953957080841064
0.658925164574667	0.8204312940162403	13.983957052230835
0.6578663904434494	0.8171146021990864	14.023957252502441
0.6572820040187419	0.8176836748081817	14.053957223892212
0.6558236463015564	0.8178053011886238	14.083957195281982
0.6554237750551677	0.8211576505422494	14.12395715713501
0.6727630959773168	0.8289219204660522	14.15395712852478
0.6755858005263062	0.8259928354159157	14.193957090377808
0.7159663973746714	0.8130886577986116	14.223957061767578
0.7099835986725616	0.8232394526740422	14.253957271575928
0.710143426828034	0.8237500405866529	14.283957242965698
0.7045494273002934	0.8289387826201948	14.323957204818726
0.7061044119859282	0.8271149322047043	14.353957176208496
0.7057102562446743	0.821952493591413	14.383957147598267
0.7094965507031372	0.8273171340546404	14.423957109451294
0.7080242965780708	0.8259295862625128	14.453957080841064
0.7074362436861727	0.8234449864874882	14.483957052230835
0.7150654760403793	0.8199499320928388	14.523957252502441
0.7334570740489874	0.8171554874519268	14.553957223892212
0.7452041761835121	0.8222002608643084	14.583957195281982
0.7341699118474453	0.8244263817020682	14.62395715713501
0.7380815666148475	0.8334419851385109	14.65395712852478
0.7445410378813464	0.8358805800129969	14.68395709991455
0.7434005972923773	0.840865628462033	14.723957061767578
0.7434005972923773	0.840865628462033	14.793957233428955
0.7434005972923773	0.840865628462033	14.823957204818726
0.7434005972923773	0.840865628462033	14.863957166671753
0.7434005972923773	0.840865628462033	14.883957147598267
0.7434005972923773	0.840865628462033	14.923957109451294
0.7434005972923773	0.840865628462033	14.953957080841064
0.7434005972923773	0.840865628462033	14.983957052230835
0.324250182259417	0.7585366859588998	15.023957252502441
0.321124445407946	0.7636456572625402	15.053957223892212
0.3189333856789715	0.7632233253920163	15.09395718574524
0.31941283972371604	0.763830892459523	15.12395715713501
0.31921515648351273	0.7662976619271241	15.15395712852478
0.31923468280387274	0.7686154870693256	15.18395709991455
0.366052901567106	0.774880363610205	15.253957271575928
0.3678121549201473	0.770804254643091	15.283957242965698
0.40098691584219254	0.7555515755241577	15.323957204818726
0.4346891916573909	0.6858350099997909	15.383957147598267
0.4424269448388243	0.9228165476757179	15.423957109451294
0.3911670384015965	0.7883168944460547	15.453957080841064
0.3762969108225495	0.8038507841183692	15.483957052230835
0.3738457419193026	0.7977925665447092	15.523957252502441
0.36847838676673544	0.7968896380572024	15.553957223892212
0.3653505289737532	0.7959512232065165	15.583957195281982
0.3640668199156477	0.7962360249790418	15.62395715713501
0.3621213703118611	0.7925779505432464	15.65395712852478
0.3607645388525498	0.7914179016073037	15.68395709991455
0.3609573922127118	0.7905558199536664	15.723957061767578
0.3609010611943694	0.7889450922111945	15.753957271575928
0.3613005973074146	0.7843746473718187	15.793957233428955
0.41371654996136076	0.7798441304953476	15.823957204818726
0.4097667783193436	0.781192853345674	15.853957176208496
0.4076315161461543	0.7807686324172425	15.883957147598267
0.4047625796859097	0.7816677021797644	15.923957109451294
0.401766298801339	0.7785608435212132	15.953957080841064
0.399269401042816	0.7810152571103145	15.983957052230835
0.40270191971668473	0.782033691937669	16.02395725250244
0.44264100734086875	0.7672161307016084	16.053957223892212
0.43611440451517436	0.7712367492428194	16.083957195281982
0.43424074495048637	0.7743572982189716	16.12395715713501
0.43451577617759896	0.7778936406226885	16.15395712852478
0.43615027428203396	0.7825702519052459	16.193957090377808
0.43680916310574364	0.7851586291511204	16.223957061767578
0.4368514997963951	0.7848915891527588	16.253957271575928
0.4361540607494378	0.7851971139836948	16.2839572429657
0.4713782741719315	0.7760363056587786	16.323957204818726
0.4719535873493464	0.7807060143590988	16.353957176208496
0.4694038291923745	0.7807745005474056	16.383957147598267
0.4681537161278493	0.7822779907072144	16.423957109451294
0.45844333958234923	0.7856264395131721	16.453957080841064
0.44915975331390606	0.7841685070668921	16.483957052230835
0.441145927228894	0.7894276359109388	16.52395725250244
0.441123348458061	0.7897706981580862	16.553957223892212
0.4429735516175458	0.7886429368769706	16.583957195281982
0.4443754455636865	0.7842352240137932	16.62395715713501
0.44427497592554294	0.7824162268657155	16.65395712852478
0.44572576781888806	0.7796906544700135	16.68395709991455
0.44632714664221335	0.773966849662583	16.723957061767578
0.4740825993679078	0.7660881835974396	16.753957271575928
0.4768662027955161	0.7607410542521521	16.7839572429657
0.47555799549750954	0.7615981992625745	16.823957204818726
0.4694613870610076	0.7742117108031805	16.853957176208496
0.46914472209012786	0.7725346893251109	16.883957147598267
0.4692536741675013	0.7697200666712241	16.923957109451294
0.470437196892887	0.7645415022439912	16.953957080841064
0.4703157949040041	0.7662116455101842	16.983957052230835
0.4754639556369672	0.7677953961473628	17.02395725250244
0.5122408040555426	0.7210670101601617	17.053957223892212
0.5785124596524134	0.7957865652870454	17.15395712852478
0.5640911745067955	0.7790258973324322	17.18395709991455
0.5504318311917058	0.7858683515805492	17.223957061767578
0.5480324072886419	0.7852624577640491	17.253957271575928
0.54540803669182	0.7848237791057525	17.2839572429657
0.5429079319262892	0.7836703197516952	17.323957204818726
0.5409438653945872	0.7850755386032681	17.353957176208496
0.541087598743497	0.7838880032130302	17.383957147598267
0.5416133033090885	0.7868950527496449	17.423957109451294
0.5322226493144568	0.7835387897204712	17.453957080841064
0.5284464186668801	0.7839427440980723	17.483957052230835
0.5301311350718108	0.7833285420800691	17.52395725250244
0.5748619216012593	0.7694475798353059	17.553957223892212
0.5702479972515425	0.7821389941522456	17.583957195281982
0.5655851776107503	0.7717369973456463	17.62395715713501
0.5651599643449918	0.7727193719695623	17.65395712852478
0.5655966889679633	0.7703214032296805	17.68395709991455
0.567271092785842	0.7720787283497418	17.723957061767578
0.566986080169246	0.7711051933043974	17.753957271575928
0.5646012023443892	0.7726290542569678	17.793957233428955
0.5623434035583244	0.7751071922961394	17.823957204818726
0.5615247062690816	0.77377172433282	17.853957176208496
0.5615425793464305	0.7731787300565661	17.883957147598267
0.6367729044952153	0.7639492088277092	17.923957109451294
0.6309183099015367	0.7650178177121836	17.953957080841064
0.629614858500315	0.7689431094005216	17.983957052230835
0.6297690243289482	0.7668356859932286	18.02395725250244
0.6287289732469571	0.7648417589996307	18.053957223892212
0.6268931836909811	0.7621341108359235	18.083957195281982
0.6212310596683264	0.758987723471859	18.12395715713501
0.6240649987243728	0.7593355138060398	18.15395712852478
0.6225418974820761	0.760282054245391	18.18395709991455
0.6228810165033969	0.757972984969983	18.223957061767578
0.6235526914361849	0.7558618761694286	18.253957271575928
0.6719959649872326	0.7595131942396165	18.2839572429657
0.674241727963518	0.7620432672949013	18.323957204818726
0.6867570678084951	0.7734056022378039	18.353957176208496
0.6876900184678304	0.7735296940589633	18.383957147598267
0.680256163599781	0.7716390746972887	18.423957109451294
0.6812633579373365	0.7714141132817052	18.453957080841064
0.6855305251215297	0.7810328117612266	18.483957052230835
0.6721444748675105	0.7770029928806316	18.52395725250244
0.6768817398900957	0.7764719828874771	18.553957223892212
0.6797457683308779	0.7778207297109765	18.583957195281982
0.6729860043767594	0.7738713895592836	18.62395715713501
0.7376325824080807	0.7715063230013376	18.65395712852478
0.8764692728466035	0.4011415733460764	18.68395709991455
0.880785300461187	0.4058916070682425	18.723957061767578
0.8857166376748409	0.40947606117781243	18.753957271575928
0.8857166376748409	0.40947606117781243	18.853957176208496
0.8857166376748409	0.40947606117781243	18.883957147598267
0.8857166376748409	0.40947606117781243	18.923957109451294
0.8857166376748409	0.40947606117781243	18.953957080841064
0.8857166376748409	0.40947606117781243	18.983957052230835
0.3679375074173515	0.7455339107300241	19.02395725250244
0.367649060035488	0.7495130283660904	19.053957223892212
0.36842746668037124	0.7574420297758218	19.083957195281982
0.35372865008510956	0.712055940894939	19.12395715713501
0.3524541836680974	0.713561645976668	19.15395712852478
0.35052407057078155	0.717940319540071	19.193957090377808
0.3510804488120842	0.7150416702271177	19.223957061767578
0.3543096192144738	0.7136995417142	19.253957271575928
0.4198287449964781	0.7127508882097586	19.2839572429657
0.4124228053200271	0.7187150825745261	19.323957204818726
0.40592704349410774	0.7197478762853681	19.353957176208496
0.40386530040030405	0.7209861681275826	19.383957147598267
0.40790501239353827	0.7070391655447915	19.423957109451294
0.40420568528766615	0.710576563863494	19.453957080841064
0.40664474016520596	0.7122322905309082	19.483957052230835
0.41302242384902943	0.7050432234627334	19.52395725250244
0.44793187852200467	0.7475517542551287	19.553957223892212
0.44880308189830886	0.7467036440590138	19.583957195281982
0.40684938481848154	0.7213433733146383	19.62395715713501
0.40503061583053657	0.7188499304938614	19.65395712852478
0.3958067186980766	0.7093041628791441	19.68395709991455
0.3963459145795623	0.7098989370165588	19.723957061767578
0.3980113715442827	0.7105818010563568	19.753957271575928
0.4474250137695033	0.7033711960340313	19.7839572429657
0.4485604510988801	0.696405828823925	19.823957204818726
0.4489874020661806	0.6978510412447125	19.853957176208496
0.4492622363373404	0.6953017726841337	19.883957147598267
0.4481871335230016	0.6952739245037032	19.923957109451294
0.4468155724028568	0.6940199560682193	19.953957080841064
0.44583620697664267	0.693343549476225	19.983957052230835
0.44417412830811964	0.6914146143128589	20.02395725250244
0.4422775582318854	0.6917721799398109	20.053957223892212
0.4413139891058579	0.6883043050148824	20.083957195281982
0.44106732991889563	0.6874653508362437	20.12395715713501
0.483396846660882	0.6832287189509768	20.15395712852478
0.48193498788745914	0.6869762015898094	20.18395709991455
0.48310792960057813	0.6837909717333107	20.223957061767578
0.481012140056563	0.684734830525674	20.253957271575928
0.479678133890761	0.6848936931900954	20.2839572429657
0.4777441026870058	0.682721297656079	20.323957204818726
0.4709947679045226	0.6850797335657477	20.353957176208496
0.4693482976680685	0.6872511636524544	20.383957147598267
0.45572068861011467	0.6878118984087791	20.423957109451294
0.4637287709342481	0.6811719614204333	20.453957080841064
0.47985288597121384	0.6646314125074871	20.49395728111267
0.4946464168140012	0.6597531288353727	20.52395725250244
0.5590116529950668	0.6643236872839781	20.553957223892212
0.555296999931545	0.6673136290699657	20.583957195281982
0.549762171331987	0.6890726822347075	20.62395715713501
0.5485052527846941	0.6892056892414703	20.65395712852478
0.5468244586180755	0.6881634506514384	20.68395709991455
0.5457931173029412	0.6873017787822181	20.723957061767578
0.5437704083472353	0.6907458279329362	20.753957271575928
0.542689298610748	0.6936098085862669	20.793957233428955
0.5418922925990108	0.6933674273175062	20.823957204818726
0.5415122198982673	0.6967355158694345	20.853957176208496
0.5467862530030503	0.6924277707378721	20.883957147598267
0.634618626439296	0.681824847970439	20.923957109451294
0.6269388604407798	0.6908778493741244	20.953957080841064
0.6228297221819487	0.6968148893436282	20.983957052230835
0.6197444435174995	0.69753288624867	21.02395725250244
0.6176904058099973	0.7007534399361535	21.053957223892212
0.6168348732275304	0.6996454664663452	21.083957195281982
0.6165448971860242	0.7041022013378314	21.12395715713501
0.6145385171120019	0.7060036256131685	21.15395712852478
0.6115959042577032	0.7057824754302161	21.18395709991455
0.6116606138135278	0.7051841384549647	21.223957061767578
0.61052364051276	0.7045704856105187	21.253957271575928
0.6090470319112358	0.7035879294497863	21.2839572429657
0.6139631271102239	0.7018568403040334	21.323957204818726
0.6081988394631659	0.7017685030701166	21.353957176208496
0.6070137975761006	0.7016249959502603	21.383957147598267
0.6081425345314871	0.7020781226290513	21.423957109451294
0.534635182065025	0.7416726919626381	21.453957080841064
0.5257717549259896	0.6887341550732127	21.483957052230835
0.5319605041246008	0.6849117454913888	21.52395725250244
0.565367206837967	0.7094776081467656	21.553957223892212
0.5625817514448398	0.7112960179729713	21.583957195281982
0.5572739292003943	0.7112047588100051	21.62395715713501
0.5395497008644268	0.7055410806682968	21.65395712852478
0.5370032628040102	0.7031574598971913	21.68395709991455
0.5375841033188008	0.7081810165487871	21.723957061767578
0.5383057071546726	0.7108934637512584	21.753957271575928
0.537277606170595	0.7133271602855696	21.7839572429657
0.5322138963328111	0.7184039913608362	21.823957204818726
0.5320129484170879	0.7215454865826609	21.853957176208496
0.5331289157010819	0.7223623355466684	21.883957147598267
0.5387813958348356	0.7172968354507484	21.923957109451294
0.5394653940547453	0.7169748624803308	21.953957080841064
0.47847594850636704	0.7119111110866574	22.02395725250244
0.4736344583656442	0.7130621599025405	22.053957223892212
0.48070506497707793	0.7217422839920458	22.083957195281982
0.4620997447800793	0.7163128366073718	22.12395715713501
0.46913907693504997	0.7208178041862021	22.15395712852478
0.4611907297997523	0.7239505544902751	22.18395709991455
0.4658765715770954	0.724934272698122	22.223957061767578
0.43750706399873446	0.7149124890100693	22.253957271575928
0.43474328775912363	0.7166986526937174	22.2839572429657
0.416684349232791	0.716825360404687	22.323957204818726
0.42509999057188497	0.722706300953561	22.353957176208496
0.42139511132426183	0.7264246769146196	22.383957147598267
0.41493518972928894	0.7281466477502507	22.423957109451294
0.42065519339239793	0.734435531348975	22.453957080841064
0.41618122131659796	0.7359464374796283	22.483957052230835
0.39158768886923817	0.6950145732789192	22.52395725250244
0.39215689894337624	0.6966702634924279	22.553957223892212
0.3891797077868374	0.6974380132763675	22.583957195281982
0.37264290412945067	0.6832892124829074	22.62395715713501
0.3679268037389225	0.6844280438741668	22.65395712852478
0.36863779961480525	0.6844142819037818	22.68395709991455
0.36882718986488816	0.6831983920319956	22.723957061767578
0.6152700451504982	0.6661922897037941	22.7839572429657
0.6046827554945579	0.6813896181746967	22.823957204818726
0.5991122363847649	0.682428961830103	22.853957176208496
0.6081546119524195	0.6805561798260495	22.883957147598267
0.6063832308014787	0.6724623820521887	22.923957109451294
0.8308640652438869	0.3158884034819529	22.953957080841064
0.8288363355823082	0.312134525942037	22.983957052230835
0.8223425651580635	0.32576763444395884	23.02395725250244
0.8196095718122157	0.3153098556512634	23.053957223892212
0.8196770049745086	0.31572149617084616	23.09395718574524
0.587790382860727	0.6897136433497049	23.12395715713501
0.6115929044424417	0.6882158897263683	23.15395712852478
0.6129422931361638	0.6983819847958408	23.193957090377808
0.6094963479228702	0.7067288921310445	23.223957061767578
0.6121657350777883	0.7026585570834208	23.253957271575928
0.6120204115205007	0.6920036674091952	23.293957233428955
0.6148887313359246	0.6897085450295329	23.323957204818726
0.6154700232142671	0.6910775272595086	23.353957176208496
0.6154032169644149	0.6876602807275536	23.393957138061523
0.6140064122204953	0.6868417468569009	23.423957109451294
0.6282170829099318	0.702914605726604	23.453957080841064
0.5723665401281998	0.691057692278959	23.52395725250244
0.5739233024042232	0.6876109715434594	23.553957223892212
0.5729205132914478	0.6942770140633832	23.59395718574524
0.5768487458200684	0.6894281647778612	23.62395715713501
0.5764260889669466	0.6921294476797961	23.65395712852478
0.5759190232957322	0.6948304405066692	23.693957090377808
0.5708352331864638	0.69388203834726	23.723957061767578
0.5713198911026657	0.6963240543387978	23.763957262039185
0.57222359664666	0.6975500098846855	23.793957233428955
0.5760950343213741	0.6936498756109986	23.823957204818726
0.5762099762379431	0.6962912491022248	23.853957176208496
0.5667196766911252	0.7002216217114554	23.893957138061523
0.5533662500533049	0.6901700528851066	23.923957109451294
0.5540737292767228	0.6871228398391418	23.953957080841064
0.5513641719926986	0.6866811001408734	23.99395728111267
0.5506396813598744	0.6868305952823859	24.02395725250244
0.5501961657292052	0.6862181487707274	24.053957223892212
0.5499643810095994	0.6849630201558874	24.09395718574524
0.5512107955493355	0.6857594251341399	24.12395715713501
0.550631762289672	0.6848516891005512	24.15395712852478
0.550399209969633	0.687773296906149	24.193957090377808
0.5545496534743789	0.6883926766459604	24.223957061767578
0.5545172102897109	0.686704917593903	24.253957271575928
0.5584342913342957	0.6826977063489058	24.293957233428955
0.6437674918741042	0.6851593464437243	24.323957204818726
0.6378364356591311	0.6906033961111674	24.353957176208496
0.6347938729963725	0.6927693113164317	24.393957138061523
0.6330985531994818	0.6934493888095877	24.423957109451294
0.6373260221911843	0.6951446017200331	24.453957080841064
0.6499910951652057	0.7119568204837411	24.49395728111267
0.6489011453227527	0.7143995257331547	24.52395725250244
0.6050100386510566	0.6710694260685903	24.553957223892212
0.6053702655072436	0.6733248234687885	24.59395718574524
0.6455986180991533	0.7099791704863853	24.62395715713501
0.6541797057763802	0.6892300159079036	24.65395712852478
0.6569265503653886	0.6860085132136123	24.693957090377808
0.6575302032830055	0.6892405008558607	24.723957061767578
0.6567915650126979	0.6917524686984895	24.753957271575928
0.6566913843010505	0.6912844266774731	24.793957233428955
0.6603253411768041	0.6908226475240021	24.823957204818726
0.6595092148486599	0.6905716063013823	24.853957176208496
0.6620165241409266	0.688416091676725	24.893957138061523
0.7221786465781929	0.6789023585385354	24.923957109451294
0.7184618176783997	0.6813551853360593	24.953957080841064
0.7161662912669337	0.6841931690370363	24.99395728111267
0.714668507250432	0.6876726840138067	25.02395725250244
0.7137697583347468	0.6902986949070874	25.053957223892212
0.7145610627472432	0.6913041270388752	25.09395718574524
0.7064274178471135	0.6916441521834099	25.12395715713501
0.7045026337014912	0.6961483440963264	25.15395712852478
0.7118340605951662	0.7357454280999937	25.193957090377808
0.7115168482398551	0.7318368279754078	25.223957061767578
0.71084188641438	0.7342062092590352	25.253957271575928
0.7180348246766092	0.7396773573868495	25.293957233428955
0.7221164666377872	0.7361697616088271	25.323957204818726
0.7237601090229858	0.735894045924425	25.353957176208496
0.7252768533237889	0.7358523417035936	25.393957138061523
0.7314388223362924	0.7325867182981892	25.423957109451294
0.7325422275085401	0.7331836972112464	25.453957080841064
0.7328804401002823	0.7324183484236207	25.49395728111267
0.732333249713055	0.7322278588925657	25.52395725250244
0.7308775799876313	0.7308223765611792	25.553957223892212
0.7314067037705198	0.7291683343370193	25.59395718574524
0.7366959496976425	0.7253083964662296	25.62395715713501
0.7549256455785326	0.7293526729954728	25.65395712852478
0.7533212826470014	0.7280004687004717	25.693957090377808
0.7363771350656013	0.7142532287375426	25.723957061767578
0.6675883411521684	0.6965526320138204	25.753957271575928
0.6642853854864149	0.7017891833498653	25.793957233428955
0.663769561527601	0.7033888341786942	25.823957204818726
0.6656339690521981	0.7032421710485951	25.853957176208496
0.6660387190240172	0.7043990907010969	25.893957138061523
0.6662305006541814	0.7070138732482218	25.923957109451294
0.6659839346037065	0.7102606306722392	25.953957080841064
0.6673866179580906	0.7105715260365836	25.99395728111267
0.635669404424405	0.7052294190185561	26.02395725250244
0.6306130472228336	0.7078518875310359	26.053957223892212
0.6178691743253992	0.7455828486983975	26.09395718574524
0.6504845578687976	0.7439812226522154	26.12395715713501
0.6582669591959908	0.7403301651559777	26.15395712852478
0.8597238886986609	0.34504662001931885	26.193957090377808
0.8597238886986609	0.34504662001931885	26.223957061767578
0.8597238886986609	0.34504662001931885	26.253957271575928
0.6834272337161053	0.7511944110659818	26.293957233428955
0.8296631828468763	0.7309869425627329	26.353957176208496
0.8276907722009847	0.7428036586896664	26.393957138061523
0.8301817605828586	0.7515783462599596	26.423957109451294
0.8427095559918758	0.7307130821180078	26.453957080841064
0.8280054730155187	0.7369163961817397	26.513957262039185
0.8281596899376149	0.740395050095382	26.5339572429657
0.813092384098957	0.742143850530911	26.553957223892212
0.7903812449128979	0.746598572070359	26.59395718574524
0.9086843223855596	0.30698890837899295	26.65395712852478
0.9071712871824954	0.3056601383996702	26.693957090377808
0.9088512368128691	0.3734064859758444	26.723957061767578
0.8949870044265996	0.36903780196509756	26.753957271575928
0.8948430364907066	0.3687749410888158	26.793957233428955
0.7619114745091174	0.7113802572698412	26.823957204818726
0.7654564960157991	0.7103871901018151	26.853957176208496
0.7652410013354725	0.7071056168337743	26.893957138061523
0.7693698747143509	0.7116176161951464	26.923957109451294
0.7721073290100691	0.716726029731732	26.953957080841064
0.5462782728207998	0.6137228076105008	27.02395725250244
0.5437129177057114	0.62373194329323	27.053957223892212
0.5401842088913502	0.6362066515929868	27.09395718574524
0.5401842088913502	0.6362066515929868	27.12395715713501
0.5401842088913502	0.6362066515929868	27.15395712852478
0.5401842088913502	0.6362066515929868	27.193957090377808
0.5401842088913502	0.6362066515929868	27.253957271575928
0.5401842088913502	0.6362066515929868	27.293957233428955
0.4201495568829184	0.5736824534527027	27.323957204818726
0.41784411834517865	0.5765767916803772	27.353957176208496
0.41623286690669464	0.581837659130991	27.393957138061523
0.4106586888765951	0.5874772909335235	27.423957109451294
0.39905143932899884	0.5882452722946703	27.453957080841064
0.3977378651361525	0.5857043889626131	27.49395728111267
0.39409495414405565	0.5867012930036449	27.52395725250244
0.3950239843157438	0.5902078459570244	27.553957223892212
0.3935446362243238	0.5923744700601079	27.59395718574524
0.3896857668538361	0.5961089085149119	27.62395715713501
0.3900503831656682	0.593344035178298	27.65395712852478
0.3880668664453102	0.5933332150624886	27.693957090377808
0.3866158359517257	0.5995929730293849	27.723957061767578
0.3896387032959239	0.6011149916542993	27.763957262039185
0.4300104213271853	0.5814427689819998	27.793957233428955
0.4237360530439037	0.5822232828168715	27.823957204818726
0.42437845127083623	0.5840477976144723	27.853957176208496
0.42329523517387985	0.5895635465254206	27.893957138061523
0.420514434101947	0.5930745772551735	27.923957109451294
0.42028573812773584	0.5936925027709472	27.953957080841064
0.4429965942909328	0.5881780608432362	27.99395728111267
0.43857305410913705	0.5703832234744017	28.02395725250244
0.4400105794474721	0.576509963585933	28.053957223892212
0.4416605298316291	0.5792390272436715	28.09395718574524
0.44202450946238764	0.5799612325826651	28.12395715713501
0.44046183311806436	0.5811954655501571	28.15395712852478
0.44084947713342365	0.5823312098387694	28.193957090377808
0.4390261331939954	0.5824840977007147	28.223957061767578
0.43873106711141585	0.5821756032532099	28.253957271575928
0.4388860274393879	0.5836292498496412	28.293957233428955
0.4285509040595554	0.581115405864887	28.323957204818726
0.40955039891925255	0.5720926894428143	28.353957176208496
0.40849382400003226	0.5735785574956351	28.393957138061523
0.4067180811042554	0.576570998172631	28.423957109451294
0.40708704947300745	0.57795285432683	28.453957080841064
0.40522953365252173	0.5767668252045053	28.49395728111267
0.48965334189820003	0.576822765879272	28.52395725250244
0.4898581833242996	0.5685696115464625	28.553957223892212
0.4795759362175107	0.5912154439656895	28.59395718574524
0.47840234973116025	0.5776376429196245	28.65395712852478
0.47601590178318853	0.5812588419671383	28.693957090377808
0.47629857454143393	0.5819127333581684	28.723957061767578
0.47659779084107384	0.5811343134340277	28.763957262039185
0.47766590222522715	0.5839662924338634	28.793957233428955
0.3808414443548436	0.5268207085252472	28.853957176208496
0.3810342992746922	0.538276514572861	28.893957138061523
0.37350234987861786	0.5342846777884797	28.923957109451294
0.3808536919398912	0.5426545157174815	28.953957080841064
0.37639284728519207	0.5468627303977022	28.99395728111267
0.44150440301400756	0.5844350686000654	29.02395725250244
0.4750884190149735	0.5625896549206878	29.053957223892212
0.48956915741703305	0.618429792162305	29.09395718574524
0.4295459157807261	0.5578862132007468	29.12395715713501
0.41000225572611737	0.5585847686415212	29.15395712852478
0.3941771650338046	0.5677006987129405	29.193957090377808
0.3895712213022485	0.5595606894615593	29.223957061767578
0.38688904689363535	0.5621701615696533	29.253957271575928
0.38643007974048454	0.5621613847445991	29.293957233428955
0.4125336002461938	0.5518686816681082	29.323957204818726
0.4047043838136617	0.5614610687561058	29.353957176208496
0.40638225611072515	0.5487226801259933	29.393957138061523
0.4075166924051727	0.5507420685214349	29.423957109451294
0.4382719782908077	0.5393651158127588	29.453957080841064
0.4640230677313286	0.5737867292913034	29.553957223892212
0.4407664327564083	0.553451823716343	29.59395718574524
0.4270726451716683	0.5577189612138401	29.62395715713501
0.4210322386335658	0.5527714603742585	29.65395712852478
0.4149267639322283	0.5544498426092113	29.693957090377808
0.4142528057798393	0.5542825957337554	29.723957061767578
0.41836622356577363	0.5694988265988571	29.753957271575928
0.41743007930240683	0.5706510986498968	29.793957233428955
0.41496323194679724	0.5764277231523437	29.823957204818726
0.4148087010198673	0.5793111620960216	29.853957176208496
0.4157496960686541	0.5811643020765984	29.893957138061523
0.4136629525324275	0.5779681988793471	29.923957109451294
0.4136687866169931	0.5772960944247947	29.953957080841064
0.41131293412001796	0.5740682879996418	29.99395728111267
0.41073311255850564	0.5724186277882787	30.02395725250244
0.41244239485122786	0.5734333018390411	30.053957223892212
0.44317103774184663	0.5675144439744624	30.09395718574524
0.4376513420731243	0.5673769878579992	30.12395715713501
0.4382821658536845	0.5700812431229318	30.15395712852478
0.4384454595474416	0.574292183321564	30.193957090377808
0.43683128988457015	0.5765052886725033	30.223957061767578
0.4178721546160787	0.570185876850648	30.253957271575928
0.41413051267626666	0.5711870547722131	30.293957233428955
0.40753402641605024	0.576254241514376	30.323957204818726
0.4069708667298241	0.5804457319536359	30.353957176208496
0.40505261893942723	0.5797986784603737	30.393957138061523
0.3977138954257906	0.5594622703989378	30.423957109451294
0.396993108342032	0.5595386769455548	30.453957080841064
0.3960796376348215	0.5613709699863348	30.49395728111267
0.39831488618213917	0.5615561282006098	30.52395725250244
0.3982318704920857	0.5596468620659931	30.553957223892212
0.3971703301862749	0.5608612575141537	30.59395718574524
0.39446953291860065	0.5578893859771582	30.62395715713501
0.3936142810114315	0.5543967780678163	30.65395712852478
0.39909319745205607	0.5528390110687468	30.693957090377808
0.43728301614498427	0.5438283042246913	30.753957271575928
0.43370409478225397	0.5409525597207082	30.803957223892212
0.43236250064081616	0.5403487426699024	30.823957204818726
0.4326831170221863	0.5394244672961328	30.853957176208496
0.43404222718784596	0.5420410454556103	30.893957138061523
0.43550656003464644	0.5430567723395733	30.923957109451294
0.43468068534605325	0.5423958345698946	30.953957080841064
0.43545793901079544	0.5431879231030456	30.99395728111267
0.43715252614941047	0.5396023022521407	31.02395725250244
0.4956569920208706	0.5560084015726182	31.053957223892212
0.4885739373110616	0.56102252295495	31.09395718574524
0.48390121169845424	0.5682093754955906	31.12395715713501
0.4852529493456651	0.5540566426612284	31.15395712852478
0.48356645674232457	0.5585441189282133	31.193957090377808
0.4824395232729436	0.5589777155735727	31.223957061767578
0.49483711753569354	0.5483535151485918	31.253957271575928
0.5437001808276793	0.5470461131500297	31.293957233428955
0.5408724585557281	0.5466777675228525	31.323957204818726
0.5374827215382891	0.5498508363571328	31.353957176208496
0.5352311276452069	0.5510740025089202	31.393957138061523
0.5342231462215866	0.5528196591187053	31.423957109451294
0.5332381383199379	0.5515972559858955	31.453957080841064
0.618653441117668	0.54114695893255	31.49395728111267
0.6041529182753924	0.5420766864157012	31.52395725250244
0.6003826503225662	0.54515256576997	31.553957223892212
0.6012061226593652	0.5436458920736487	31.59395718574524
0.6024358167305335	0.5415096162227387	31.62395715713501
0.6015571332631496	0.5423603869964252	31.65395712852478
0.5991354640276297	0.5440626221937997	31.693957090377808
0.5986528891372362	0.5432116024165516	31.723957061767578
0.5963956137186058	0.5443980776792825	31.753957271575928
0.5954010907411754	0.5484885034331743	31.793957233428955
0.5959851143471072	0.5499040174149736	31.823957204818726
0.5942912815955477	0.5483350964214715	31.853957176208496
0.5825062233320014	0.5434309465114784	31.893957138061523
0.5785283107702652	0.5454246095503702	31.923957109451294
0.5751297261810014	0.5465921071927275	31.953957080841064
0.5757399732705769	0.5488768649921413	31.99395728111267
0.5755752201713986	0.5494860465447906	32.02395725250244
0.5746952390611855	0.55137035838635	32.05395722389221
0.5734485952605235	0.5491029880092577	32.09395718574524
0.575093292724152	0.5445651182999938	32.12395715713501
0.7087409330606484	0.5316146655315945	32.15395712852478
0.7038746671414251	0.5361697217741814	32.19395709037781
0.7013422728338214	0.5379880212760995	32.22395706176758
0.7010479100700042	0.5400191925161032	32.25395727157593
0.698139156486291	0.5432689933788178	32.293957233428955
0.6994976389119434	0.5462401890151201	32.323957204818726
0.6962730247020735	0.5462864437889978	32.353957176208496
0.6974235067801764	0.5448892833195458	32.39395713806152
0.6909720300330683	0.5442795185580479	32.423957109451294
0.6693268891999749	0.5424982563911867	32.453957080841064
0.6660461632725259	0.5389627533011627	32.49395728111267
0.6661000810825957	0.5495010254257444	32.52395725250244
0.6636141752991532	0.5512813064275044	32.55395722389221
0.6660925344403983	0.5494633137225502	32.59395718574524
0.6587184204068881	0.5485510461070601	32.62395715713501
0.6568800744968569	0.5489809278931594	32.65395712852478
0.6555388327539518	0.550398893606546	32.69395709037781
0.6570528403627708	0.5497891739425437	32.72395706176758
0.6553309766352127	0.5493771970531546	32.75395727157593
0.6537024292246406	0.5492537596410977	32.793957233428955
0.6539875688800392	0.5479795748724063	32.823957204818726
0.6548498221469127	0.5468131123827089	32.853957176208496
0.7427241681460652	0.5334471102595658	32.89395713806152
0.7431477425430131	0.5465862460381765	32.923957109451294
0.7369943307248554	0.5518297280601836	32.953957080841064
0.7417691230140266	0.5531157195853766	32.99395728111267
0.7351336334451845	0.5592581042964762	33.02395725250244
0.8767993282778825	0.2754187853919932	33.05395722389221
0.8742991217637183	0.2756622255671083	33.09395718574524
0.8752709360332521	0.2795882495352379	33.12395715713501
0.803306646292521	0.22167655177735773	33.19395709037781
0.8131504429885731	0.21014504986079666	33.22395706176758
0.8127255423308475	0.2112193624081423	33.263957262039185
0.8164771925217844	0.217649761698097	33.293957233428955
0.8136738468055866	0.21901837503732532	33.323957204818726
0.8182125808138134	0.22341459455391863	33.353957176208496
0.8166057138374794	0.2228284158387381	33.39395713806152
0.8181703158141262	0.22625914900726476	33.423957109451294
0.8181703158141262	0.22625914900726476	33.46395707130432
0.8181703158141262	0.22625914900726476	33.49395728111267
0.7742634861643758	0.239590653409566	33.52395725250244
0.7737501630384602	0.2408188279027391	33.56395721435547
0.777298042700198	0.2444180849321623	33.59395718574524
0.49673661351533127	0.528519174385941	33.62395715713501
0.4942279050397114	0.5303279372804413	33.66395711898804
0.4978542149185064	0.5288823064112588	33.69395709037781
0.4945389945808701	0.5291604416715836	33.72395706176758
0.5208803770264931	0.6490549135987599	33.763957262039185
0.4613735053757506	0.5262242981454683	33.793957233428955
0.4570588773346083	0.5237620058785055	33.823957204818726
0.4667294018125508	0.5151883367643741	33.86395716667175
0.46324472342583345	0.5192272529791028	33.89395713806152
0.46297739516919584	0.5270104606068434	33.923957109451294
0.4593330948287107	0.5284216645444448	33.96395707130432
0.4648544441106442	0.5307344650566268	33.99395728111267
0.48523128754255596	0.5282981158350298	34.02395725250244
0.49971397541037066	0.5352188152592258	34.06395721435547
0.496658453668202	0.5358113548787495	34.09395718574524
0.4945647016176643	0.538334576698844	34.12395715713501
0.49379680407730314	0.5377080236155115	34.16395711898804
0.4942257736694757	0.5344768476356212	34.19395709037781
0.4922762111044763	0.5328718856848774	34.22395706176758
0.4918666931612892	0.5321516883488108	34.263957262039185
0.491062542546359	0.5296875153145639	34.293957233428955
0.48869881233886414	0.5329864957601625	34.323957204818726
0.4883113841916977	0.5303986173209422	34.36395716667175
0.48740000697858893	0.5292104923685408	34.39395713806152
0.4871754620555499	0.5275576835502048	34.423957109451294
0.48684568834138287	0.5257487534454427	34.46395707130432
0.49341387415033466	0.5239490195555594	34.49395728111267
0.5255895706778686	0.527749527482079	34.52395725250244
0.5240526710829282	0.5287554415297092	34.56395721435547
0.5247555319180102	0.5287680542236047	34.59395718574524
0.5243989616629325	0.526320410844782	34.62395715713501
0.52446482070806	0.5234002463834567	34.66395711898804
0.6987714437159095	0.5124136588366778	34.72395706176758
0.6770143723660006	0.5205868142446831	34.763957262039185
0.669509688334619	0.5249616035306112	34.793957233428955
0.660167896118908	0.5375062447739767	34.823957204818726
0.6587552318794369	0.5298908850651851	34.86395716667175
0.6745866175649071	0.5338484475345767	34.89395713806152
0.6597291108054777	0.5364042616415139	34.923957109451294
0.8291005894243798	0.2536987281998537	34.96395707130432
0.8437014011830425	0.23488013606810296	34.99395728111267
0.8424335567481932	0.23555563314385516	35.02395725250244
0.8427723775473095	0.2371800819860355	35.06395721435547
0.8349281730857199	0.2488153532802268	35.09395718574524
0.8336331128523666	0.2483324049171027	35.12395715713501
0.8338432401680343	0.24822425828866448	35.16395711898804
0.8336392259864646	0.2478427140210959	35.19395709037781
0.8230690859403887	0.25525145306657093	35.22395706176758
0.8227198351584009	0.2545688187805786	35.263957262039185
0.8230840271482105	0.25278450924730117	35.293957233428955
0.8139170030110412	0.2433178500935119	35.323957204818726
0.8146401337978371	0.25061177407314233	35.36395716667175
0.8306746078664569	0.23135504324102268	35.39395713806152
0.8306220071177001	0.23203240762975375	35.423957109451294
0.8304905951996752	0.23201470471221897	35.46395707130432
0.8709574193087838	0.25466796265168257	35.52395725250244
0.8691058031586782	0.2548604312795271	35.56395721435547
0.8674462217183376	0.25679266412672863	35.59395718574524
0.8654268845979989	0.2671745123586366	35.62395715713501
0.8650337199701944	0.26729002594412715	35.66395711898804
0.866351779404382	0.262788286358517	35.69395709037781
0.8665338899259609	0.262872359680933	35.72395706176758
0.8672834904074952	0.26470590412941836	35.763957262039185
0.8682993333619777	0.2631513225548339	35.793957233428955
0.870207630833132	0.26557881617325624	35.823957204818726
0.8799030116222718	0.2664423859611322	35.86395716667175
0.9010583467332525	0.26421071829866016	35.89395713806152
0.9032598630784375	0.26763157501110824	35.923957109451294
0.9029790937081741	0.26856860464520305	35.96395707130432
0.9061214908505538	0.2781508954813157	35.99395728111267
0.9064954429299561	0.2793754228455028	36.02395725250244
0.9075653350820736	0.28120190992737637	36.06395721435547
0.9078535041243543	0.2822413438788518	36.09395718574524
0.896042299846407	0.2802893390760379	36.12395715713501
0.7428357516593869	0.20643318221290455	36.19395709037781
0.7547591397311038	0.2147174064701551	36.22395706176758
0.7547591397311038	0.2147174064701551	36.263957262039185
0.7547591397311038	0.2147174064701551	36.293957233428955
0.7547591397311038	0.2147174064701551	36.323957204818726
0.7547591397311038	0.2147174064701551	36.36395716667175
0.43745077005038085	0.49142595996714705	36.39395713806152
0.43432944001318846	0.4920545789993108	36.423957109451294
0.4044494896814774	0.4906940580155563	36.46395707130432
0.40927924823888334	0.49035467319797454	36.49395728111267
0.4053162020876054	0.48385288558542916	36.52395725250244
0.40316509320406263	0.4872091987984447	36.56395721435547
0.4032387145918312	0.491070764266172	36.59395718574524
0.4016938312123118	0.48177792096155697	36.62395715713501
0.396485121209684	0.4657524117066136	36.66395711898804
0.3948835621294667	0.4657730026357151	36.69395709037781
0.3951761665271224	0.47060841138658427	36.72395706176758
0.39845932037275344	0.46804110145911326	36.763957262039185
0.3992861365214062	0.4654849491915574	36.793957233428955
0.3950611869516917	0.4646820175018121	36.823957204818726
0.39296979430199486	0.4630491283810305	36.86395716667175
0.3929054401152595	0.46304345761338794	36.89395713806152
0.393847503866832	0.4570650244289054	36.923957109451294
0.3986589693161237	0.4564373518070293	36.96395707130432
0.40164653304510195	0.45373129786919647	36.99395728111267
0.392725186051454	0.4535712338249541	37.02395725250244
0.3906291932581317	0.44275181407046144	37.06395721435547
0.3933118396618951	0.45225482708305864	37.09395718574524
0.38624374993914556	0.4497457976035369	37.12395715713501
0.3800890587119859	0.45008518781123835	37.16395711898804
0.3809737242325552	0.43549790296969076	37.19395709037781
0.3769748369000202	0.44443652383940785	37.22395706176758
0.3735488135935685	0.4427841968877209	37.263957262039185
0.3771816377322833	0.45082681851002343	37.293957233428955
0.3743328854901586	0.4451917283181387	37.323957204818726
0.3761315608351001	0.4472947583407835	37.36395716667175
0.43913956137109716	0.4325044564501606	37.39395713806152
0.43762697939946643	0.4339782072759872	37.423957109451294
0.4274408221843959	0.45112647798605915	37.46395707130432
0.4372596178916989	0.43276440727286286	37.49395728111267
0.43790298438926395	0.433415099027893	37.52395725250244
0.4378633302786496	0.43583104753410845	37.56395721435547
0.43684219168357563	0.43631375330339706	37.59395718574524
0.4383604882991088	0.43579612779040056	37.62395715713501
0.4383024371432666	0.4362837397268339	37.66395711898804
0.43808068327423627	0.43468072316377987	37.69395709037781
0.5218222802248152	0.42811429892657044	37.763957262039185
0.5210003254559984	0.43003899317757155	37.793957233428955
0.51954770985322	0.4340338841987069	37.823957204818726
0.5183962572165391	0.43598181175584916	37.86395716667175
0.5153041991732262	0.43631747007249033	37.89395713806152
0.4578384837574102	0.42030120508132324	37.923957109451294
0.4498045815253558	0.42756187946398144	37.96395707130432
0.4443351964384637	0.43196335386946894	37.99395728111267
0.4464847401400113	0.4367225783632511	38.02395725250244
0.4410767325047455	0.4395239300290446	38.06395721435547
0.4404978295716271	0.44122419296318044	38.09395718574524
0.45449915172851224	0.4481713355833506	38.12395715713501
0.45904637257242786	0.4513614043770472	38.16395711898804
0.45733875322475465	0.4506460680044334	38.19395709037781
0.4528548515741207	0.4633150663054892	38.22395706176758
0.4592869158697678	0.4615917440993252	38.263957262039185
0.4898272952180878	0.48333641728196947	38.293957233428955
0.4912713183519534	0.4863924146017965	38.323957204818726
0.4913179536701242	0.4905653665899278	38.36395716667175
0.49170659669128464	0.48928032601794497	38.39395713806152
0.4938675519028796	0.4902706153475624	38.423957109451294
0.49229414481702966	0.4941261077618768	38.46395707130432
0.49202013407731204	0.4942044705932527	38.49395728111267
0.49348114877072224	0.4974819944931934	38.52395725250244
0.5020530784418962	0.4927195364565406	38.56395721435547
0.6032906086811607	0.49649455046391244	38.59395718574524
0.5902252662460709	0.5068032829153425	38.62395715713501
0.5903673299121834	0.5045052974069762	38.66395711898804
0.5951923701908693	0.502863002440132	38.69395709037781
0.5897758436742762	0.5085831178442474	38.72395706176758
0.5881854176230615	0.5119914352179878	38.763957262039185
0.5882088315915791	0.5104637434415688	38.793957233428955
0.5913552029435005	0.5034488852061889	38.823957204818726
0.5900337813981974	0.5020859585029739	38.86395716667175
0.5871282241873126	0.5001490453531376	38.89395713806152
0.5878304600486777	0.49919286604694724	38.923957109451294
0.5844485981595522	0.49688682174027105	38.96395707130432
0.5805562258460685	0.4849760863084047	38.99395728111267
0.5814624173395364	0.4852887589377857	39.02395725250244
0.5755324320225945	0.4844783595548729	39.06395721435547
0.5772622294176426	0.4818372327305153	39.09395718574524
0.5785199138343106	0.4826276350792628	39.12395715713501
0.6719276588142818	0.4823216327230031	39.16395711898804
0.6758417667636681	0.49192917701382755	39.19395709037781
0.6744873035859837	0.4831332061813711	39.22395706176758
0.6715299769975978	0.4882003973616991	39.263957262039185
0.6714025495927975	0.4829814063822684	39.293957233428955
0.6665820119363143	0.4866997690690327	39.323957204818726
0.6632739536593542	0.48705023782223233	39.36395716667175
0.6621403434836336	0.4865209920894073	39.39395713806152
0.6838974617261764	0.4742955560943025	39.423957109451294
0.6816098512668549	0.48016300038584636	39.46395707130432
0.6891658628814626	0.481755590887272	39.49395728111267
0.8274298382094253	0.25353325615342703	39.52395725250244
0.8260513118031227	0.2522984918458851	39.56395721435547
0.8359010635580173	0.24935873046444332	39.59395718574524
0.8546727588839698	0.2526327491204369	39.62395715713501
0.8539553839448359	0.2550444948008211	39.66395711898804
0.8651580214341521	0.24329067143223096	39.69395709037781
0.8645865306869716	0.24301008757081557	39.72395706176758
0.8645445039520674	0.2438536266999429	39.763957262039185
0.8561227488549912	0.25169116717270396	39.793957233428955
0.8607434108974332	0.2648197102294583	39.823957204818726
0.8607415945989493	0.25851621254287954	39.86395716667175
0.8615550422683963	0.2576649018635048	39.89395713806152
0.8553949836132465	0.2503636802215067	39.923957109451294
0.8930754092083091	0.2641809965671278	39.96395707130432
0.8899213696900481	0.26160502868840985	39.99395728111267
0.8941612198821157	0.26166837334065735	40.02395725250244
0.893987581082319	0.263821097439507	40.06395721435547
0.8967437509853929	0.26707107016750076	40.09395718574524
0.8996518373001073	0.2703082693163201	40.12395715713501
0.9019887007292763	0.27424691758431524	40.16395711898804
0.9019887007292763	0.27424691758431524	40.19395709037781
0.9019887007292763	0.27424691758431524	40.22395706176758
0.9019887007292763	0.27424691758431524	40.263957262039185
0.9019887007292763	0.27424691758431524	40.293957233428955
0.9019887007292763	0.27424691758431524	40.323957204818726
0.9019887007292763	0.27424691758431524	40.36395716667175
0.9019887007292763	0.27424691758431524	40.39395713806152
0.9019887007292763	0.27424691758431524	40.423957109451294
0.9019887007292763	0.27424691758431524	40.46395707130432
0.9019887007292763	0.27424691758431524	40.49395728111267
0.9019887007292763	0.27424691758431524	40.52395725250244
0.9019887007292763	0.27424691758431524	40.56395721435547
0.9019887007292763	0.27424691758431524	40.59395718574524
0.9019887007292763	0.27424691758431524	40.62395715713501
0.9019887007292763	0.27424691758431524	40.66395711898804
0.9019887007292763	0.27424691758431524	40.69395709037781
0.9019887007292763	0.27424691758431524	40.72395706176758
0.9019887007292763	0.27424691758431524	40.763957262039185
0.796074012348982	0.20287209304968667	40.793957233428955
0.867102754613053	0.21622248950910122	40.86395716667175
0.8635876519497246	0.21654250351682428	40.89395713806152
0.8656639256158639	0.21944019725704506	40.923957109451294
0.8624956055361016	0.21909686106123497	40.99395728111267
0.8603788756300594	0.21761800198624728	41.02395725250244
0.8596370084895324	0.212601169806698	41.06395721435547
0.892927095378546	0.2256447026763505	41.09395718574524
0.892927095378546	0.2256447026763505	41.12395715713501
0.892927095378546	0.2256447026763505	41.16395711898804
0.9090538768752215	0.24841307454999978	41.19395709037781
0.9096162421399525	0.24952844588142614	41.22395706176758
0.9098908591448744	0.24859276769082056	41.263957262039185
0.9104623778890182	0.252671019067618	41.293957233428955
0.9135554094640064	0.2533785071975582	41.323957204818726
0.8547114130343817	0.21845325160497595	41.36395716667175
0.7819424782789441	0.1587583846975135	41.39395713806152
0.7819424782789441	0.1587583846975135	41.423957109451294
0.7819424782789441	0.1587583846975135	41.46395707130432
0.7819424782789441	0.1587583846975135	41.49395728111267
0.7819424782789441	0.1587583846975135	41.52395725250244
0.7819424782789441	0.1587583846975135	41.56395721435547
0.4267404124945417	0.3995471182241585	41.62395715713501
0.42622741157982014	0.40508918048604353	41.66395711898804
0.42064038320388575	0.4117967666092596	41.69395709037781
0.42156515281862705	0.4117642140910643	41.72395706176758
0.4972143565524317	0.41728770094712964	41.763957262039185
0.4931293437220533	0.42119501873813664	41.793957233428955
0.4909598587713712	0.41836006056207886	41.823957204818726
0.4864321296073874	0.42546480495704014	41.86395716667175
0.4851523952105027	0.42610960274720994	41.89395713806152
0.48143872415645556	0.42314924320964264	41.923957109451294
0.48344648016044967	0.42788748629875245	41.96395707130432
0.4825646052240064	0.4280590036980787	41.99395728111267
0.47563116158896546	0.4266712720120578	42.02395725250244
0.4780090540252362	0.4294250026316601	42.06395721435547
0.47590723084257086	0.4299478916790792	42.09395718574524
0.4746026626900453	0.42951625249391184	42.12395715713501
0.4695382774196881	0.4272233720165769	42.16395711898804
0.47550228312943255	0.4295391464317967	42.19395709037781
0.47517524289385243	0.42999512149369673	42.22395706176758
0.4727743808705622	0.42755646267710024	42.263957262039185
0.47246047871871333	0.42649157416605665	42.293957233428955
0.5358647848319017	0.4230576208158517	42.323957204818726
0.535624001603892	0.4322513086335401	42.36395716667175
0.5341798312031265	0.4247187371736585	42.39395713806152
0.5325896598787909	0.4255491928464399	42.423957109451294
0.5318103133668527	0.42795523225576493	42.46395707130432
0.5321363917021473	0.42871574001684143	42.49395728111267
0.5318256626227267	0.43091691662398846	42.52395725250244
0.5305629073577001	0.4340114395745172	42.56395721435547
0.5292317505814226	0.4478166898407598	42.59395718574524
0.5270911663133766	0.45199048596294067	42.62395715713501
0.5256644634239845	0.4434953165626998	42.66395711898804
0.5187149575351834	0.44825576050158583	42.69395709037781
0.5136524417290729	0.45454290166716277	42.72395706176758
0.46481379626307767	0.43469528738833746	42.763957262039185
0.4453796079999222	0.47480908280254724	42.793957233428955
0.42967213957975	0.4353085367084228	42.823957204818726
0.7949766107150018	0.19338694354235178	42.86395716667175
0.7930334348610145	0.19081201179989465	42.89395713806152
0.7930334348610145	0.19081201179989465	42.923957109451294
0.7930334348610145	0.19081201179989465	42.96395707130432
0.7930334348610145	0.19081201179989465	42.99395728111267
0.7930334348610145	0.19081201179989465	43.02395725250244
0.7930334348610145	0.19081201179989465	43.06395721435547
0.7930334348610145	0.19081201179989465	43.09395718574524
0.7930334348610145	0.19081201179989465	43.16395711898804
0.7930334348610145	0.19081201179989465	43.19395709037781
0.7930334348610145	0.19081201179989465	43.22395706176758
0.7930334348610145	0.19081201179989465	43.263957262039185
0.7930334348610145	0.19081201179989465	43.293957233428955
0.7930334348610145	0.19081201179989465	43.323957204818726
0.7930334348610145	0.19081201179989465	43.36395716667175
0.808161314847117	0.1873045955222693	43.39395713806152
0.8079723008901084	0.1853790964984106	43.423957109451294
0.8068783920906991	0.18353787368242613	43.46395707130432
0.37781071414103995	0.41408357308353205	43.49395728111267
0.37788420307309123	0.4114977540252665	43.52395725250244
0.37925301677933443	0.41113309410707255	43.56395721435547
0.38087184594167217	0.4118030235272604	43.59395718574524
0.4735153143291835	0.6712371522072461	43.62395715713501
0.4711103987482906	0.6872139745394095	43.66395711898804
0.46065589431460335	0.7079448593136408	43.69395709037781
0.46015841242070044	0.7134234330525964	43.72395706176758
0.4614096488728652	0.7119083725893546	43.763957262039185
0.460746904877456	0.7156160442922448	43.793957233428955
0.45905495871408236	0.717379742038546	43.823957204818726
0.45844984660638544	0.7139877261173012	43.86395716667175
0.31949798416115427	0.4378687773837837	43.89395713806152
0.31895883175921386	0.43094456737352616	43.923957109451294
0.315226599092847	0.4368177646376701	43.96395707130432
0.31568034529365063	0.43702257090842667	43.99395728111267
0.31663173772002234	0.4363022156104381	44.02395725250244
0.3110727457607822	0.4228951188784844	44.06395721435547
0.2942223423669668	0.4072767384682827	44.09395718574524
0.29457399699927994	0.4102675829861811	44.12395715713501
0.2997376123014577	0.42186654410131486	44.16395711898804
0.2939983421999569	0.41604534259893206	44.19395709037781
0.2939728859888575	0.41002679978647805	44.22395706176758
0.2940167007228316	0.41020990466445223	44.263957262039185
0.29521496978955947	0.4066242899119546	44.293957233428955
0.2963832982542579	0.40420280771272604	44.323957204818726
0.292104646296271	0.40060526042959427	44.36395716667175
0.29009668991435134	0.4018963231421943	44.39395713806152
0.2906811684952044	0.39826584169914664	44.423957109451294
0.7185170220402217	0.37588120643554196	44.49395728111267
0.7061494348550474	0.39088388025735876	44.52395725250244
0.7003517179434757	0.40315544024708605	44.56395721435547
0.6983849277585387	0.40014438305452754	44.59395718574524
0.7157844269548537	0.4269663304090746	44.62395715713501
0.8664409515386321	0.20477175684223506	44.66395711898804
0.6943110568918799	0.4007300504511293	44.69395709037781
0.6813223964587319	0.4080492877120056	44.72395706176758
0.6845148737217757	0.4070925087869057	44.763957262039185
0.6810866409275561	0.41378235497753113	44.793957233428955
0.6806682933156588	0.415820302219013	44.823957204818726
0.6819571961873346	0.4164554801638275	44.86395716667175
0.681143171524857	0.418037588417096	44.89395713806152
0.6780867883916788	0.4215835009530119	44.923957109451294
0.6748194826410832	0.422243657941158	44.96395707130432
0.6739335840819857	0.4241389530266325	44.99395728111267
0.674273361548661	0.443476728104015	45.02395725250244
