COORDENADA X	 COORDENADA Y	 TEMPO
0.3283778421794141	0.7592166802568568	-21.202131748199463
0.343132041557664	0.84438183198002	-21.132131814956665
0.3318420660073855	0.7388152629670031	-21.032131910324097
0.2359346017546165	0.9840863584175255	-20.93213176727295
0.24718151561559334	0.9928079756289784	-20.90213179588318
0.1770146605781705	0.9395457427097226	-20.80213189125061
0.17507324605197236	0.9273870341630704	-20.77213191986084
0.1714209240519087	0.9308344338221661	-20.732131958007812
0.1648424717956449	0.9356590514311802	-20.702131748199463
0.1679539825726761	0.9294848679820599	-20.672131776809692
0.16133645132024055	0.9444867281376025	-20.632131814956665
0.1570148120655401	0.9521790956219602	-20.602131843566895
0.1543320971757103	0.9500040161768727	-20.572131872177124
0.1523818599701578	0.9550464593836613	-20.532131910324097
0.15361864871978456	0.9559124320150288	-20.502131938934326
0.15297452429376152	0.9543144596447682	-20.472131967544556
0.15172833909784303	0.956295623229631	-20.43213176727295
0.15431547104578502	0.9526847134925547	-20.40213179588318
0.15002118907959233	0.954903655758962	-20.372131824493408
0.14911067958753924	0.9569025308909226	-20.33213186264038
0.1480897753095643	0.9569466801303429	-20.30213189125061
0.15269157088086766	0.9595242437290676	-20.27213191986084
0.15470343825804092	0.9497585920333225	-20.232131958007812
0.15516236616548487	0.9414774757402733	-20.202131748199463
0.15599039172555984	0.9414131411588234	-20.172131776809692
0.15326037148551236	0.927872776265649	-20.132131814956665
0.1626163434723909	0.9923169771924459	-20.102131843566895
0.1740711609216288	0.9803914842423416	-20.072131872177124
0.16863559745620219	0.9367626132793612	-20.032131910324097
0.166165214308282	0.9282748683715981	-20.002131938934326
0.16523696165506174	0.9334853725853005	-19.972131967544556
0.16334621774947453	0.9333563392956613	-19.93213176727295
0.16182957133024317	0.9319113833095225	-19.90213179588318
0.16491097254180473	0.9334305696732331	-19.86213183403015
0.16869365916286727	0.9280919806561443	-19.83213186264038
0.16947874937998075	0.9811251885206379	-19.80213189125061
0.16926923663791243	0.9899195564597764	-19.762131929397583
0.1622389789942934	0.9981669342859382	-19.702131748199463
0.15755428207957126	0.9960288444054479	-19.672131776809692
0.15823489890339734	0.9766403090024692	-19.602131843566895
0.1604833707270719	0.984291683367546	-19.532131910324097
0.15314352026375466	0.9286450615818873	-19.502131938934326
0.15797859435471925	0.9264900219410186	-19.472131967544556
0.15625164879246428	0.9052679422558498	-19.43213176727295
0.15625164879246428	0.9052679422558498	-19.30213189125061
0.15625164879246428	0.9052679422558498	-19.262131929397583
0.15625164879246428	0.9052679422558498	-19.232131958007812
0.15625164879246428	0.9052679422558498	-19.102131843566895
0.15625164879246428	0.9052679422558498	-19.032131910324097
0.15625164879246428	0.9052679422558498	-19.002131938934326
0.15625164879246428	0.9052679422558498	-18.96213173866272
0.15625164879246428	0.9052679422558498	-18.93213176727295
0.15625164879246428	0.9052679422558498	-18.90213179588318
0.15625164879246428	0.9052679422558498	-18.86213183403015
0.15625164879246428	0.9052679422558498	-18.83213186264038
0.15625164879246428	0.9052679422558498	-18.80213189125061
0.15625164879246428	0.9052679422558498	-18.762131929397583
0.15625164879246428	0.9052679422558498	-18.732131958007812
0.15625164879246428	0.9052679422558498	-18.702131748199463
0.15625164879246428	0.9052679422558498	-18.662131786346436
0.15625164879246428	0.9052679422558498	-18.632131814956665
0.15625164879246428	0.9052679422558498	-18.602131843566895
0.15625164879246428	0.9052679422558498	-18.562131881713867
0.15625164879246428	0.9052679422558498	-18.532131910324097
0.15625164879246428	0.9052679422558498	-18.502131938934326
0.15625164879246428	0.9052679422558498	-18.46213173866272
0.15625164879246428	0.9052679422558498	-18.43213176727295
0.15625164879246428	0.9052679422558498	-18.40213179588318
0.15625164879246428	0.9052679422558498	-18.36213183403015
0.15625164879246428	0.9052679422558498	-18.33213186264038
0.15625164879246428	0.9052679422558498	-18.30213189125061
0.15625164879246428	0.9052679422558498	-18.262131929397583
0.15625164879246428	0.9052679422558498	-18.232131958007812
0.15625164879246428	0.9052679422558498	-18.202131748199463
0.15625164879246428	0.9052679422558498	-18.162131786346436
0.15625164879246428	0.9052679422558498	-18.132131814956665
0.15625164879246428	0.9052679422558498	-18.102131843566895
0.15625164879246428	0.9052679422558498	-18.062131881713867
0.15625164879246428	0.9052679422558498	-18.032131910324097
0.15625164879246428	0.9052679422558498	-18.002131938934326
0.15625164879246428	0.9052679422558498	-17.96213173866272
0.15625164879246428	0.9052679422558498	-17.90213179588318
0.15625164879246428	0.9052679422558498	-17.86213183403015
0.15625164879246428	0.9052679422558498	-17.83213186264038
0.15625164879246428	0.9052679422558498	-17.80213189125061
0.15625164879246428	0.9052679422558498	-17.762131929397583
0.15625164879246428	0.9052679422558498	-17.732131958007812
0.15625164879246428	0.9052679422558498	-17.702131748199463
0.15625164879246428	0.9052679422558498	-17.662131786346436
0.15625164879246428	0.9052679422558498	-17.632131814956665
0.15625164879246428	0.9052679422558498	-17.602131843566895
0.15625164879246428	0.9052679422558498	-17.562131881713867
0.5167026439050246	0.8132208654961938	-17.46213173866272
0.5014371083572501	0.8156734053040573	-17.43213176727295
0.4850762273662937	0.8277519064976507	-17.40213179588318
0.7857814416027211	0.32572942474190275	-17.36213183403015
0.7857814416027211	0.32572942474190275	-17.33213186264038
0.7857814416027211	0.32572942474190275	-17.30213189125061
0.7857814416027211	0.32572942474190275	-17.262131929397583
0.7857814416027211	0.32572942474190275	-17.232131958007812
0.7857814416027211	0.32572942474190275	-17.202131748199463
0.7857814416027211	0.32572942474190275	-17.162131786346436
0.837605752970939	0.27305378351170034	-17.132131814956665
0.8372183832938421	0.27135950589266716	-17.102131843566895
0.8407132988497664	0.27618305919885555	-17.062131881713867
0.8657405987123779	0.3092296357967768	-17.002131938934326
0.8614024086613968	0.30670831978787816	-16.96213173866272
0.42179781622845536	0.9145463342767217	-16.93213176727295
0.40820807563090383	0.9145178451500581	-16.90213179588318
0.3989963479998072	0.9234673547925994	-16.86213183403015
0.3910081265779081	0.9321482180995556	-16.83213186264038
0.40506171327162144	0.9507980893540559	-16.80213189125061
0.339404928308462	0.9439387932392721	-16.662131786346436
0.32188789148781954	0.9312060386850755	-16.632131814956665
0.3076625287477563	0.9349137087180224	-16.602131843566895
0.3056058430000322	0.9328376244174039	-16.562131881713867
0.30184174635367295	0.9322560198407825	-16.532131910324097
0.29787253117078366	0.9289340520415676	-16.502131938934326
0.297349878700374	0.9284465117287937	-16.46213173866272
0.29899224568387744	0.930631819165548	-16.43213176727295
0.301634099592401	0.9361626074784465	-16.40213179588318
0.30136482300631584	0.934436685431689	-16.36213183403015
0.29926592045720024	0.9383598551567737	-16.33213186264038
0.2969538631830683	0.9420282485085962	-16.30213189125061
0.2893113328503375	0.9371830260033349	-16.262131929397583
0.2857610390485146	0.942763732975876	-16.232131958007812
0.2829474894512433	0.9466250946776831	-16.202131748199463
0.28443505789070556	0.9503344176869304	-16.162131786346436
0.27899614031631453	0.9451226156319376	-16.132131814956665
0.27701226511444993	0.9464766077243617	-16.102131843566895
0.27798234262220906	0.9457430780137914	-16.062131881713867
0.27763447707552336	0.9394913316919274	-16.032131910324097
0.2763920529326705	0.9403667823480849	-16.002131938934326
0.2750851102389843	0.9387132797556436	-15.96213173866272
0.27367586525844373	0.9387928156457876	-15.93213176727295
0.272875847870845	0.9383985471630539	-15.902131795883179
0.27660085117178246	0.9434982931482447	-15.862131834030151
0.2751643400517238	0.9470168656726053	-15.83213186264038
0.27381273458030037	0.9356415813354951	-15.80213189125061
0.27650928035866545	0.9498650261689826	-15.762131929397583
0.2676561219309825	0.9219607515289192	-15.732131958007812
0.2580887909758958	0.9231887708956926	-15.702131748199463
0.25986795518774913	0.9158990907312867	-15.662131786346436
0.2588289713303103	0.914568099664106	-15.632131814956665
0.2649044308908738	0.9311179961174343	-15.602131843566895
0.2639126140261881	0.9320128780213904	-15.562131881713867
0.2576613017098425	0.9491600868005655	-15.532131910324097
0.26492510648318235	0.9389919408497382	-15.502131938934326
0.2648316326057251	0.9362465458446307	-15.46213173866272
0.2678757497399036	0.9353602208891328	-15.43213176727295
0.2707584300194968	0.9381094723376077	-15.402131795883179
2.1054566421000445	3.2570160769529126	-15.132131814956665
2.138690377223202	3.255142281106334	-15.102131843566895
2.215977019508199	3.3503499910401984	-15.062131881713867
2.250080605268969	3.362517636758325	-15.032131910324097
2.273438219120559	3.3659147612243463	-15.002131938934326
2.2466372478432013	3.2890420134512794	-14.96213173866272
2.2341904364839706	3.26721612881792	-14.93213176727295
2.228424134558832	3.2575202803677237	-14.902131795883179
0.7209250402859828	0.9237826270805187	-14.83213186264038
0.726823904912983	0.9596113420065734	-14.80213189125061
0.72385716387624	0.9610616747917541	-14.762131929397583
0.7169320844252218	0.9877569012985042	-14.732131958007812
0.7161414831191558	0.9930415197760386	-14.702131748199463
0.6133904919639532	0.9662662375414143	-14.662131786346436
0.6116505783080959	0.9663885188667163	-14.632131814956665
0.6025438982676907	0.9692233049560407	-14.602131843566895
0.5935084755868065	0.9993648288854192	-14.562131881713867
0.5987053820155145	0.9927806236981804	-14.532131910324097
0.5928157945882551	1.0161589011379146	-14.502131938934326
0.5880234575511817	1.018401830981828	-14.46213173866272
0.9388382062449314	2.2542103784233074	-14.43213176727295
0.9290604955466502	2.2702760146094882	-14.402131795883179
0.8493032655600781	2.168705728266819	-14.362131834030151
0.8493032655600781	2.168705728266819	-14.33213186264038
0.8493032655600781	2.168705728266819	-14.30213189125061
0.8020597706031481	0.4317006041576791	-14.262131929397583
0.8031199527435336	0.43437366537669747	-14.232131958007812
0.8034243987764677	0.43513782364328085	-14.202131748199463
0.5058079258763087	1.0423887931676803	-14.162131786346436
0.87802097192291	1.8320863615387746	-14.062131881713867
0.8847944072156845	1.8306891740961684	-14.032131910324097
0.8929503988093833	1.868234124395158	-14.002131938934326
0.8342992536308187	2.07720670885582	-13.93213176727295
0.8278215240637279	2.0811125021029593	-13.902131795883179
0.8295739465098727	2.0784740991628934	-13.862131834030151
0.8383253894976123	2.0932271928609536	-13.83213186264038
0.8398458168850506	2.0827291128245826	-13.80213189125061
0.8429467363452804	2.0713471083455812	-13.762131929397583
0.8510427036848954	2.096734253433687	-13.732131958007812
0.8536735772188832	2.088232174938836	-13.702131748199463
0.8561641441084803	2.0874910887339215	-13.662131786346436
0.8574323533963153	0.9577660262194464	-13.562131881713867
0.8530736632830477	1.0029603494827972	-13.532131910324097
0.8474339423132491	0.9947929802876513	-13.502131938934326
0.8436244871571552	1.0271163492799809	-13.46213173866272
0.8398044773110226	1.0215245756393931	-13.43213176727295
0.8358575250384973	1.0269080233048646	-13.402131795883179
0.8365797179743107	1.030344868016127	-13.362131834030151
0.953838733027375	1.0075261775170619	-13.33213186264038
0.9454665567041167	1.0059152531146787	-13.30213189125061
0.9426029800635555	1.0059429566634506	-13.262131929397583
0.9422658498469124	1.008764958881483	-13.232131958007812
0.9415122477093592	1.0106539260326122	-13.202131748199463
0.9424494104042852	1.0090876402607583	-13.162131786346436
0.9467476641153172	1.0044532135801572	-13.132131814956665
1.4554579633062632	0.27610266153987345	-13.002131938934326
1.457041079548728	0.26830687766050887	-12.96213173866272
1.4639140951709617	0.24945646213661235	-12.902131795883179
1.4655516630258274	0.24476543238954585	-12.862131834030151
1.4660743834750356	0.24717477472997285	-12.83213186264038
1.4604732810542411	0.25253982651017803	-12.80213189125061
1.4596237269164556	0.25208933428082086	-12.762131929397583
1.2839382671588286	0.02924311468324731	-12.732131958007812
1.2721719974374353	0.03351507049439213	-12.702131748199463
1.2721719974374353	0.03351507049439213	-12.662131786346436
1.2721719974374353	0.03351507049439213	-12.632131814956665
1.2721719974374353	0.03351507049439213	-12.602131843566895
1.2721719974374353	0.03351507049439213	-12.562131881713867
1.2860579457847339	0.008840976453763236	-12.532131910324097
1.2876855253336916	0.0070609776034008965	-12.502131938934326
1.2876855253336916	0.0070609776034008965	-12.46213173866272
1.2876855253336916	0.0070609776034008965	-12.43213176727295
1.2876855253336916	0.0070609776034008965	-12.402131795883179
1.2876855253336916	0.0070609776034008965	-12.362131834030151
1.2876855253336916	0.0070609776034008965	-12.33213186264038
1.2876855253336916	0.0070609776034008965	-12.30213189125061
1.2584395884067396	0.023004680705624544	-12.262131929397583
1.1464716624837414	2.0671330517417448	-10.062131881713867
1.135412757260437	2.085312181959606	-10.032131910324097
1.0830720463588355	2.074269398784746	-10.002131938934326
1.0595922556064274	2.060243351972429	-9.96213173866272
1.0378467903948903	2.0667485481722645	-9.93213176727295
1.029862750743269	2.0641502859671945	-9.902131795883179
1.0257339360346742	2.0628554343565235	-9.862131834030151
1.0243491672813598	2.058570304072737	-9.83213186264038
1.0238150126321355	2.056108471342426	-9.80213189125061
1.024336505345898	2.048246033401882	-9.762131929397583
1.0264488103502227	2.0425296371350603	-9.732131958007812
1.0265342247351017	2.0358205654792196	-9.702131748199463
1.0270590925025185	2.0316048603803813	-9.662131786346436
1.4943194771171353	1.976255820915877	-9.562131881713867
1.5063901876633377	1.9895145203955809	-9.532131910324097
1.501741131708368	2.0024607736226154	-9.49213194847107
1.503336187994248	2.0147555150562293	-9.46213173866272
1.4948671393684956	2.0182588205033474	-9.43213176727295
1.3714419296436244	2.219542088117392	-9.362131834030151
1.3681771365032136	2.242242465756328	-9.33213186264038
1.356031706489356	2.2735597396878826	-9.30213189125061
1.3539990899557497	2.28316629489007	-9.262131929397583
1.3550078264255476	2.2969031691317214	-9.232131958007812
1.3499591176679122	2.3000337301947393	-9.202131748199463
1.3456892104938647	2.303156392668531	-9.162131786346436
1.3452210767206338	2.3136730300632027	-9.132131814956665
1.3444082589072026	2.3141834479205934	-9.102131843566895
1.3464511271968267	2.3192005062300165	-9.062131881713867
1.3503853503214782	2.3281973426339135	-9.032131910324097
1.350097690111316	2.3269060425151813	-9.002131938934326
1.3491700521030885	2.3291375028989707	-8.96213173866272
1.3457723050706445	2.326201944393481	-8.93213176727295
1.3304821384796928	2.301922765165286	-8.902131795883179
1.3242819821980354	2.302287009010364	-8.862131834030151
1.3265277586765023	2.306479905978353	-8.83213186264038
1.328491597365632	2.3061881955903707	-8.80213189125061
1.331091119087889	2.3068250519942683	-8.762131929397583
1.3388962431187783	2.3126132736256904	-8.732131958007812
1.3305800074433556	2.3030456288779564	-8.702131748199463
1.3379745203729194	2.299742145540727	-8.662131786346436
1.3320949721449495	2.2975916723556664	-8.632131814956665
1.333344452289752	2.301571914554846	-8.602131843566895
1.3351810850324473	2.3037397849871724	-8.562131881713867
1.3368913256268722	2.3217988623052093	-8.532131910324097
1.3372809795823706	2.324384340712273	-8.502131938934326
1.3328482763485732	2.332190232050081	-8.46213173866272
1.3276657205498879	2.327012972123191	-8.43213176727295
1.3229833939527291	2.3420576716292434	-8.392131805419922
1.2945311053751776	2.322139925608111	-8.362131834030151
1.3169915477033185	2.4033290511220704	-8.30213189125061
1.3206330102070472	2.4181469320117124	-8.262131929397583
1.3157133710282596	2.4277191877711624	-8.202131748199463
1.3163677392075848	2.4270639263900042	-8.162131786346436
1.2800900299332727	2.380272686322043	-8.132131814956665
1.3101969229598847	2.4442341211436545	-8.102131843566895
1.2983208500184276	2.437313129153681	-8.032131910324097
1.3246575865728782	2.5390933904145436	-7.96213173866272
1.2378551683415764	2.4286375948086985	-7.902131795883179
1.2342789938315786	2.4521538372026495	-7.862131834030151
1.4895727413267694	0.7490734568706809	-5.6621317863464355
1.5774112580081612	0.6656933148251498	-5.1621317863464355
1.5842193176168542	0.6725290192706819	-5.062131881713867
1.6048724371345389	0.6410504975302233	-4.932131767272949
1.6048724371345389	0.6410504975302233	-1.8621318340301514
1.6048724371345389	0.6410504975302233	-1.8321318626403809
1.6048724371345389	0.6410504975302233	-1.762131929397583
0.13686012299770337	1.0495445038425815	-1.4621317386627197
0.15215938015999234	1.102858617071342	-1.3621318340301514
0.16444353518068025	1.0778432240115117	-1.3321318626403809
0.16199655220762751	1.069991446240246	-1.3021318912506104
0.3322330170171507	1.0245233145491555	-1.2321319580078125
0.3327887744639853	1.0211992989797394	-1.202131748199463
0.32847217694773667	1.0078353805753775	-1.1621317863464355
0.3298274722267305	1.010219623717468	-1.132131814956665
0.33011857608686684	1.0152408866424376	-1.1021318435668945
0.33154285879877327	1.015352049096495	-1.0621318817138672
0.33341145985282655	1.0155630798549902	-1.0321319103240967
0.3342807128994621	1.0177785522237204	-1.0021319389343262
0.33609635902855084	1.0175315939472653	-0.9621317386627197
0.33408155424846786	1.019109133492247	-0.9321317672729492
0.33328933688653223	1.0202342780720162	-0.9021317958831787
0.330834595494066	1.0237096420991587	-0.8621318340301514
0.3294202871428356	1.0266632848038286	-0.8321318626403809
0.32908365573477055	1.0251508956000894	-0.8021318912506104
0.32757647138511947	1.0238199443045013	-0.762131929397583
0.3301394604495966	1.0263940677591201	-0.7321319580078125
0.32848559594297855	1.0211694026585	-0.7021317481994629
0.32733889075625905	1.0205101598170034	-0.6621317863464355
0.32862619756961914	1.0211610211111584	-0.632131814956665
0.32756436068951567	1.020024760472139	-0.6021318435668945
0.3280709671542437	1.0187793581222928	-0.5621318817138672
0.32877740828359586	1.0186776531367705	-0.5321319103240967
0.3290992271541872	1.0199579508168137	-0.5021319389343262
0.32915915141194513	1.0169704265427109	-0.4621317386627197
0.3275759177514423	1.0158380678038084	-0.4321317672729492
0.3246487628357674	1.0181624011726271	-0.4021317958831787
0.3224491750689466	1.0202087962677504	-0.36213183403015137
0.32060470750795084	1.022541482352627	-0.33213186264038086
0.31873524878898074	1.0213243387379927	-0.30213189125061035
0.3152660472866615	1.026021701920669	-0.262131929397583
0.31417831795592716	1.0240447848201675	-0.2321319580078125
0.31504952242794165	1.0251764669955274	-0.2021317481994629
0.31677116719710086	1.0210393084136382	-0.16213178634643555
0.3129815805662089	1.016666763653696	-0.13213181495666504
0.3237321873855334	1.0803136711344796	-0.10213184356689453
0.32421118290011397	1.0818985950791737	-0.06213188171386719
0.3259500321442323	1.0839391291684743	-0.03213191032409668
0.3217862880946702	1.0844204976665899	-0.002131938934326172
0.3102647407757272	1.0065991147776292	0.03786826133728027
0.3257833863482447	1.0796975856421285	0.07786822319030762
0.3241695411811301	1.0847078386206477	0.10786819458007812
0.3019193879734753	1.085415409304914	0.17786812782287598
0.2997413017741658	1.0843428111501565	0.19786810874938965
0.30203801844305805	1.0860190395335292	0.237868070602417
0.22640251043508114	1.0564042521861723	0.33786821365356445
0.23889880538792724	1.1311946172247362	0.36786818504333496
0.21685847657357205	1.0656390462862502	0.39786815643310547
0.1598611073793232	1.1278025261318085	0.5378682613372803
0.18130228149647443	1.1143495874743186	0.5978682041168213
0.16562460272028307	1.100682961072713	0.6378681659698486
0.16562460272028307	1.100682961072713	0.6678681373596191
0.16562460272028307	1.100682961072713	0.737868070602417
0.16562460272028307	1.100682961072713	0.7978682518005371
0.16562460272028307	1.100682961072713	0.867868185043335
0.16562460272028307	1.100682961072713	0.9378681182861328
0.16562460272028307	1.100682961072713	1.0378682613372803
0.225519841893033	1.0205896999318447	1.1378681659698486
0.18279085948190904	0.8478870251428138	1.4678680896759033
0.12711022351381424	0.8267830358535827	1.7678680419921875
0.44646154851324155	0.5874640088441377	1.9378681182861328
0.44646154851324155	0.5874640088441377	2.1378681659698486
0.44646154851324155	0.5874640088441377	2.1978681087493896
0.1109730746097571	0.942195391993055	2.3978681564331055
0.6822699406650754	0.28775204934345133	2.567868232727051
0.13782207012796074	0.9424429745620853	2.6378681659698486
0.0678323339819021	1.0419569236442145	2.6978681087493896
0.15958219559226472	0.8423705577081425	2.797868251800537
0.15958219559226472	0.8423705577081425	3.7678680419921875
0.15958219559226472	0.8423705577081425	3.797868251800537
0.38764580754722544	1.0788948187007588	3.997868061065674
0.08048373663230071	1.5333932829768158	4.237868070602417
0.0024092942754190562	1.0195907118345757	4.3378682136535645
0.018549562544015706	0.9780461519973753	4.797868251800537
0.29113120641184026	0.7560096473162408	4.937868118286133
0.2830587370855132	0.7633058867168899	4.967868089675903
0.28963102109952665	0.9135706436355174	5.03786826133728
0.2775041518265696	0.7688407782424662	5.067868232727051
0.22435687553349548	0.8228751151615533	5.237868070602417
0.2320568083354462	1.0117123465615114	5.3378682136535645
0.18744163116791898	1.0315909423182108	5.467868089675903
0.15526212796535285	1.0619045762732564	5.53786826133728
0.17252555112285148	1.076510110109655	5.637868165969849
0.2085340059380446	1.0488115878079618	5.797868251800537
0.2930509670821639	0.9954838352195525	5.8978681564331055
0.34437723350024896	0.9907661514275808	6.03786826133728
0.27840272016268136	0.9001035408210217	6.19786810874939
0.29766579699908674	0.981164355159478	6.237868070602417
0.2852576604252002	0.9450730522864516	6.297868251800537
0.29001151423985505	0.9701655594680305	6.3378682136535645
0.2846145059582832	0.9807548086949994	6.367868185043335
0.26499724495445043	0.8781078304181956	6.3978681564331055
0.2894166058219918	0.9611628042607839	6.437868118286133
0.48310250785233577	0.793568564776396	6.53786826133728
0.4963741547160765	0.8566194659912801	6.597868204116821
0.46769264147837436	0.9279590237639923	6.667868137359619
0.4973799267107183	0.8849272046567268	6.69786810874939
0.5038294837659603	0.8762075227435218	6.8378682136535645
0.4963223344416342	0.8706154521394041	6.867868185043335
0.3145288127437921	0.8110331224206758	6.937868118286133
0.2846725391021826	0.8355991115998439	6.997868061065674
0.27127550205685047	0.8322802683842581	7.03786826133728
0.25986253738042464	0.8476166267990484	7.067868232727051
0.258716831240172	0.8310820474085006	7.097868204116821
0.2534536740844331	0.8296984537741193	7.137868165969849
0.2462867788577086	0.8245853856819122	7.167868137359619
0.24128452573034856	0.8245364424954308	7.19786810874939
0.24253591324531668	0.8227997058766248	7.237868070602417
0.24710401142264582	0.7954609218425696	7.2678680419921875
0.2563090162659907	0.7942198349219787	7.297868251800537
0.32351587686778127	0.7945254980309338	7.467868089675903
0.3115692029218439	0.7819955143589028	7.497868061065674
0.303798417761535	0.7851093046504395	7.53786826133728
0.3001307565800736	0.7829153406167408	7.567868232727051
0.29635010143761376	0.7829181994097314	7.597868204116821
0.2917179222548228	0.7793156451264773	7.637868165969849
0.2893868944100126	0.7786548220187753	7.667868137359619
0.2670511233071562	0.76456706269656	7.69786810874939
0.2652831886779561	0.7572228827313491	7.737868070602417
0.25246688689958924	0.7576177113975793	7.7678680419921875
0.2521692871238564	0.7646895994811368	7.797868251800537
0.25112867025656943	0.7627555250362281	7.8378682136535645
0.2463734810752195	0.7737660006839115	7.867868185043335
0.24376677937077496	0.7876506907626073	7.8978681564331055
0.24096669355436978	0.7942732485198014	7.937868118286133
0.23923104875029017	0.8001916938748767	7.967868089675903
0.21002059671268436	0.8140511080361842	7.997868061065674
0.21633581718203088	0.8277390441457995	8.03786826133728
0.17378186621449476	0.8637549220293173	8.06786823272705
0.24761042434799665	0.8115091725869825	8.097868204116821
0.24759716471962795	0.788950184987533	8.137868165969849
0.2481467213500361	0.7982454943456414	8.16786813735962
0.25118758418531495	0.7938121275408299	8.19786810874939
0.2538600748616485	0.8055157481004097	8.237868070602417
0.2465358435802334	0.7845309240465934	8.267868041992188
0.2449781680342127	0.7866341742516441	8.297868251800537
0.2453505841948868	0.7889142949883676	8.337868213653564
0.24856046788660344	0.7833907325442274	8.367868185043335
0.2528128351807026	0.7835724235578164	8.397868156433105
0.25672784923128406	0.7825682892724554	8.437868118286133
0.26087015371304634	0.7749641954129464	8.467868089675903
0.2647532863760078	0.7682446374490981	8.497868061065674
0.2920175397872441	0.7538212857638807	8.53786826133728
0.2968195960849023	0.7494408421498515	8.56786823272705
0.29934628171087097	0.7444064517117661	8.597868204116821
0.30107419498587856	0.7457569549555292	8.637868165969849
0.30168380638417036	0.7442991748399238	8.66786813735962
0.30056204520557867	0.740919752214886	8.69786810874939
0.3004894143939258	0.7411559630526028	8.737868070602417
0.302639456263506	0.741723098224214	8.767868041992188
0.3084383097019363	0.7431953503607963	8.797868251800537
0.3070366690947656	0.7415333250637741	8.837868213653564
0.3069547260857208	0.7431779779334287	8.867868185043335
0.3076815959701057	0.7456824626139316	8.897868156433105
0.3090205703254745	0.7416397898603833	8.937868118286133
0.30895682886065545	0.7392620973759954	8.967868089675903
0.32960973109098746	0.7449955450811783	8.997868061065674
0.32917604045371857	0.7532827584745471	9.03786826133728
0.3324815099304929	0.7505861098739549	9.06786823272705
0.32685454270162384	0.7439166947293147	9.097868204116821
0.32620169493593987	0.745738174278423	9.137868165969849
0.3245921711062997	0.7424901926560707	9.16786813735962
0.320488792250277	0.7368748598674301	9.19786810874939
0.3240934045301977	0.7234833598238913	9.237868070602417
0.3137143425858132	0.7254611166621298	9.267868041992188
0.28867777771588915	0.7335840033417934	9.297868251800537
0.2789588571380645	0.7400922729762252	9.337868213653564
0.2794319037480033	0.7621913526304791	9.367868185043335
0.27767370082080894	0.757157827631164	9.397868156433105
0.27935837870727104	0.7551552259058176	9.437868118286133
0.2794599996747554	0.7530093643260249	9.467868089675903
0.2833745588307294	0.751665330279017	9.497868061065674
0.28588513355985384	0.7532888509855432	9.53786826133728
0.2837932001262684	0.7521061802175867	9.56786823272705
0.28276612568438403	0.7545842620746107	9.597868204116821
0.28443402638017884	0.7504598917386004	9.637868165969849
0.2886812373942142	0.7466322208423898	9.66786813735962
0.32996595982759147	0.7188621746309155	9.69786810874939
0.32876454257063065	0.7215486290911607	9.737868070602417
0.3247487054349714	0.7287127376428458	9.767868041992188
0.3256979605234954	0.7295348288463609	9.797868251800537
0.32562541399666634	0.7314303980746069	9.837868213653564
0.325325968063812	0.7283622724150525	9.867868185043335
0.3254051257134651	0.7272755901932056	9.897868156433105
0.32561367245707806	0.7278345130365	9.937868118286133
0.32565786617984877	0.7248257527918421	9.967868089675903
0.3690423055503088	0.7171799549327241	9.997868061065674
0.36773216458930363	0.7106984419687853	10.03786826133728
0.3661340142413498	0.7162030505129096	10.06786823272705
0.3677534301064814	0.7193658482849314	10.097868204116821
0.3688165137465736	0.7189096952612002	10.137868165969849
0.5592501401825085	0.6975390225758922	10.16786813735962
0.5534889489224745	0.7063118095462926	10.19786810874939
0.5519857496244341	0.7105701509848599	10.237868070602417
0.5499063729395044	0.7206095719193488	10.267868041992188
0.547210351376933	0.7252455198817156	10.297868251800537
0.5465775172809461	0.7291358760141731	10.337868213653564
0.546573287404345	0.7262910059291912	10.367868185043335
0.546352200702143	0.7259332433667763	10.397868156433105
0.5473115116472622	0.7290879994506453	10.437868118286133
0.547311489710177	0.72615593166116	10.467868089675903
0.5450934940478729	0.7284110853656741	10.497868061065674
0.5455720384869894	0.7282195289616351	10.53786826133728
0.5481676894091401	0.7273907450309766	10.56786823272705
0.5482592312425962	0.7255283568851173	10.597868204116821
0.5478080320518647	0.72824370843706	10.637868165969849
0.5500636821684866	0.728917064783807	10.66786813735962
0.5532507023000407	0.7276301635701974	10.69786810874939
0.55235275830084	0.7283857663936035	10.737868070602417
0.4339737039027969	0.7030465394428163	10.767868041992188
0.42621167407603466	0.7026075372832923	10.797868251800537
0.42331349901665527	0.7077857939072788	10.837868213653564
0.4232389738640221	0.7098413554455135	10.867868185043335
0.4248892331480613	0.7119576465764429	10.897868156433105
0.424165076449879	0.7149139658390807	10.937868118286133
0.4228634487503843	0.7188308265352213	10.967868089675903
0.4225406754239326	0.7202182125775975	10.997868061065674
0.4209127586979565	0.7213629394146558	11.03786826133728
0.42012066537005704	0.7234327432282548	11.06786823272705
0.42172426642964467	0.7210729733799525	11.097868204116821
0.4213284670179742	0.7235148664058585	11.137868165969849
0.42193946790162634	0.7182185774279954	11.16786813735962
0.4213198038224935	0.7187502756595809	11.19786810874939
0.42136919022039143	0.721318413981574	11.237868070602417
0.4241313020555328	0.7205230784091881	11.267868041992188
0.42650103469484785	0.7198384908911101	11.297868251800537
0.42710340428396293	0.7179600840949302	11.337868213653564
0.42909751931952056	0.7153749338792087	11.367868185043335
0.43050564773221	0.7158887022190997	11.397868156433105
0.43142741952796027	0.713988646642098	11.437868118286133
0.4327290280669611	0.7117442161389886	11.467868089675903
0.4326581572879978	0.7101007806541736	11.497868061065674
0.4332900902796984	0.7075777107515028	11.53786826133728
0.40643015836923907	0.6970246421130812	11.56786823272705
0.39382780367911185	0.6985715631096076	11.597868204116821
0.39126083475872475	0.7003913793953946	11.637868165969849
0.3916597099931389	0.7007635595387621	11.66786813735962
0.3906218480808949	0.6990189422710046	11.69786810874939
0.39059775042690825	0.6998758974370507	11.737868070602417
0.3901045213909646	0.6995647766648971	11.767868041992188
0.39308595056470086	0.6971608893936764	11.797868251800537
0.3943167030618191	0.6963360664918623	11.837868213653564
0.39571010673727913	0.6929738730518625	11.867868185043335
0.3950630472878934	0.6899454574727226	11.897868156433105
0.4525238498628661	0.6808589419627321	11.937868118286133
0.45035131692117003	0.6811728124454283	11.967868089675903
0.44930932729993506	0.6834022483656579	11.997868061065674
0.44924362112431704	0.6837882722515221	12.03786826133728
0.4522165809195293	0.6833888995099474	12.06786823272705
0.4530663128237532	0.6837879734714126	12.097868204116821
0.45468085906550065	0.6815522548743975	12.137868165969849
0.4543413173126371	0.68183212651732	12.16786813735962
0.4520505304493935	0.6808749080601605	12.19786810874939
0.4579212384115962	0.6806885511516729	12.237868070602417
0.4649591870657701	0.6778352807298392	12.267868041992188
0.46945682198434957	0.6783017829338518	12.297868251800537
0.47177439284083333	0.6775979042792175	12.337868213653564
0.4708641797439317	0.6809809190662701	12.367868185043335
0.4737699249983444	0.6822908487925159	12.397868156433105
0.47478682774883874	0.6836665193755187	12.437868118286133
0.4474872392344468	0.6824347348051241	12.467868089675903
0.37848159472352266	0.6866428147873432	12.497868061065674
0.3778537942550199	0.688723742577281	12.53786826133728
0.3770822103810956	0.6885976688706847	12.56786823272705
0.37875039787079456	0.6910697074810023	12.597868204116821
0.3791995884992517	0.6921817956221558	12.637868165969849
0.3767881111402626	0.693199497951839	12.66786813735962
0.37230501434695934	0.6940545615110999	12.69786810874939
0.3634110386288689	0.6935229446776338	12.737868070602417
0.36157098239045316	0.6914784370286478	12.767868041992188
0.3629226735292552	0.6895088627327373	12.797868251800537
0.3628630007864942	0.6881007589270464	12.837868213653564
0.36300009364571256	0.6872915446538227	12.867868185043335
0.36408279561227314	0.6868678989542676	12.897868156433105
0.36473650832413385	0.6875692613070632	12.937868118286133
0.3658451184816657	0.6870658623002425	12.967868089675903
0.3681385320220715	0.6866448605425818	12.997868061065674
0.37018209443862654	0.6859393923501612	13.03786826133728
0.47997714202226516	0.6665769928301857	13.097868204116821
0.47780140065445204	0.6707675267528175	13.137868165969849
0.47801237188358603	0.6758250747709095	13.16786813735962
0.47672706346454097	0.6779822647498059	13.19786810874939
0.47791421328552935	0.6800491021433791	13.237868070602417
0.4786353270751535	0.6822883306313237	13.267868041992188
0.47842366178432527	0.6827709354406111	13.297868251800537
0.47830470931343905	0.6829957532350293	13.337868213653564
0.47793425061454836	0.6807868494672057	13.367868185043335
0.47858338823409163	0.680586182491114	13.397868156433105
0.4785549567398317	0.6793345855717017	13.437868118286133
0.4798578064918625	0.6791107571259177	13.467868089675903
0.481179508399008	0.6799043806836017	13.497868061065674
0.4806945440312328	0.682845643617108	13.53786826133728
0.4816964866220275	0.6834104420724576	13.56786823272705
0.48213790760501657	0.6833597068030239	13.597868204116821
0.4828354121707732	0.6874111814021469	13.637868165969849
0.4845702788891217	0.6857624403879248	13.66786813735962
0.4821054780778436	0.6838843908437333	13.69786810874939
0.45623006883454414	0.681540897556577	13.737868070602417
0.4533085981439413	0.6859407349476082	13.767868041992188
0.4520486842737568	0.6864980352269818	13.797868251800537
0.4512439125170252	0.6916387026126988	13.837868213653564
0.44996287865877393	0.6908734742309586	13.867868185043335
0.44997162013299835	0.6900403154722121	13.897868156433105
0.45056887806937523	0.6916479062263515	13.937868118286133
0.4513489781549007	0.6895162594031314	13.967868089675903
0.45172958936219737	0.6853580947529555	13.997868061065674
0.4499880744140476	0.6834948783954681	14.03786826133728
0.44998080749209035	0.6845009408387542	14.06786823272705
0.4489050921136939	0.6836111739589319	14.097868204116821
0.4483735602666725	0.6835618746002808	14.137868165969849
0.44898713798415496	0.6824786266630916	14.16786813735962
0.4491353267556406	0.6818434646333245	14.19786810874939
0.45306065873417534	0.6753440567976412	14.237868070602417
0.4943464519716402	0.6525628504193279	14.267868041992188
0.49040272592678286	0.6555063930041841	14.297868251800537
0.4903379968320204	0.6560478385622053	14.337868213653564
0.4904158722533254	0.6575739774288011	14.367868185043335
0.4908426792832944	0.6583084977994571	14.397868156433105
0.490442723759055	0.6572857051957168	14.437868118286133
0.48944271382785287	0.6570781420731425	14.467868089675903
0.4900959524171522	0.654954744422955	14.497868061065674
0.4910576186638025	0.6556304476522078	14.53786826133728
0.5193359839405383	0.6500895328698495	14.56786823272705
0.5165067295397459	0.6483815853707531	14.597868204116821
0.5179292593351471	0.6497209669738494	14.637868165969849
0.5202504793588186	0.6482151881677869	14.66786813735962
0.5201150035068028	0.6506913699153184	14.69786810874939
0.5197416972191825	0.6504901658175075	14.737868070602417
0.5188611866877377	0.6531868817339893	14.767868041992188
0.5180161939536659	0.6527189096593599	14.797868251800537
0.5188718211129515	0.6530519879480615	14.837868213653564
0.5184435986518846	0.6507660727988749	14.867868185043335
0.5187600278246766	0.6525805785223276	14.897868156433105
0.5194501678468119	0.6528071916781579	14.937868118286133
0.5199658390386456	0.652930341183221	14.967868089675903
0.5212462363604508	0.6506107793720717	14.997868061065674
0.5226829026083757	0.6529742078364877	15.03786826133728
0.48714729667434103	0.6448010808236655	15.06786823272705
0.47899679471362605	0.6504126747157534	15.097868204116821
0.4771463056390323	0.6523847442286833	15.137868165969849
0.476505668630223	0.653622049924722	15.16786813735962
0.4748318501626569	0.6580412735895506	15.19786810874939
0.473057118142935	0.6616192110784781	15.237868070602417
0.47281799354195597	0.6646136442502629	15.267868041992188
0.4677899486047487	0.6630776873383951	15.297868251800537
0.4369215287297584	0.657514106058855	15.337868213653564
0.43406654359930125	0.6589128488913149	15.367868185043335
0.4335695131060782	0.6634366268948746	15.397868156433105
0.43198922472853823	0.6646861014458049	15.437868118286133
0.431541669019865	0.665118756455439	15.467868089675903
0.4330972159926498	0.6652715376786105	15.497868061065674
0.4343688882345267	0.6634148708963347	15.53786826133728
0.4081753418726008	0.6579054053609029	15.56786823272705
0.3997318762343366	0.6578130644959315	15.607868194580078
0.3945604318792809	0.6582091598483266	15.637868165969849
0.39342703886455976	0.658562537836655	15.66786813735962
0.3935973981525015	0.6610438104321986	15.69786810874939
0.3920150741706199	0.6592859221359996	15.737868070602417
0.39187367072061147	0.6568250534308375	15.767868041992188
0.39265736064091694	0.6578831578030836	15.797868251800537
0.39230583750079456	0.6609023754234581	15.837868213653564
0.3902402614823462	0.6611132962979773	15.867868185043335
0.3901996439102299	0.6600305445725506	15.897868156433105
0.3881770583668493	0.6620702349186395	15.937868118286133
0.38354907657377363	0.6656108523563379	15.967868089675903
0.385409982968811	0.6640868610009436	15.997868061065674
0.3855680812055304	0.6644407233733666	16.03786826133728
0.3840723884371755	0.6646433421046479	16.06786823272705
0.383391189888225	0.6666430762723575	16.09786820411682
0.38369369066259595	0.667011119360006	16.13786816596985
0.383622815135177	0.6642625140268095	16.16786813735962
0.38443877902697665	0.6643005919407846	16.19786810874939
0.38229865750071385	0.6638982780373792	16.237868070602417
0.3960716137500418	0.6410861330911567	16.267868041992188
0.397605195698863	0.6405592563150952	16.297868251800537
0.3956208477011824	0.6394310608446491	16.337868213653564
0.396279171537434	0.6394577687043946	16.367868185043335
0.3939084230908575	0.6400937901017274	16.397868156433105
0.3941127814854178	0.6418926319078693	16.437868118286133
0.39315490114277857	0.6407846298480775	16.467868089675903
0.3909381439716741	0.6430827378471318	16.497868061065674
0.39047686595448894	0.6436779803211522	16.53786826133728
0.39006295587675655	0.6448404404287087	16.56786823272705
0.38911789771089744	0.6433187433710029	16.59786820411682
0.3496661764136526	0.635317107447507	16.63786816596985
0.33859765676345205	0.6464403270363264	16.66786813735962
0.33896160684926874	0.6439312099272974	16.69786810874939
0.33858915398388595	0.6411835219080416	16.737868070602417
0.3364426742644321	0.6400110404658805	16.767868041992188
0.33535261182254367	0.6391043916472765	16.797868251800537
0.3356210284671181	0.637512917346322	16.837868213653564
0.33206783050494343	0.6366978853751213	16.867868185043335
0.3030730532660632	0.6286589522849456	16.897868156433105
0.3020637202990264	0.631298757706576	16.937868118286133
0.3008475697395056	0.6317020911251788	16.967868089675903
0.30112032651021786	0.6291464332302357	16.997868061065674
0.29778439752283586	0.628851297742901	17.03786826133728
0.2986170927068023	0.630004682678437	17.06786823272705
0.3041855184350764	0.6257966226204861	17.09786820411682
0.42195389369334396	0.610116141497327	17.13786816596985
0.4104326592373774	0.6178007362393124	17.16786813735962
0.4128407411538996	0.6224663330730137	17.19786810874939
0.4105805051414131	0.6268943530322001	17.237868070602417
0.4063823645356531	0.6276159366248608	17.267868041992188
0.40725796801257197	0.6246542123596981	17.297868251800537
0.40767301113197635	0.6272475696312575	17.337868213653564
0.4078052847930445	0.6227327128322278	17.367868185043335
0.4100585643850305	0.6260309064487264	17.397868156433105
0.4097631957746586	0.6260979976374973	17.437868118286133
0.41138587572206387	0.6243717694508772	17.467868089675903
0.4156756224363519	0.6224724785338145	17.497868061065674
0.41798758057677926	0.6212700403237144	17.53786826133728
0.3891926271580555	0.6272317125234328	17.56786823272705
0.38848221109933656	0.6222769987970517	17.59786820411682
0.3893667177763435	0.620446258637056	17.63786816596985
0.3914348630672004	0.6143777950024145	17.66786813735962
0.39374340964530524	0.6142295595885774	17.69786810874939
0.3963636988736787	0.6142671396790117	17.737868070602417
0.3988370261199368	0.6126355970078097	17.767868041992188
0.40059403843594343	0.605664792542061	17.797868251800537
0.4023915729141072	0.6024865836200433	17.837868213653564
0.4043913345705647	0.6000148095138015	17.867868185043335
0.40304457358146983	0.5991327696796472	17.897868156433105
0.404020836374802	0.5993355845350651	17.937868118286133
0.4050836235253247	0.5997136344044242	17.967868089675903
0.4043851005728573	0.6009076541529415	17.997868061065674
0.40321951544029844	0.5994819615834943	18.03786826133728
0.40295603730763124	0.5991975205464336	18.06786823272705
0.4025099975824572	0.5990115671741902	18.09786820411682
0.40321640608061826	0.5973828037152314	18.13786816596985
0.4023929546577069	0.5974545436629315	18.16786813735962
0.42015163241405507	0.5936569585538939	18.19786810874939
0.4201661444732529	0.5995360998099707	18.237868070602417
0.4178758205272676	0.6031405350951163	18.267868041992188
0.4150250455543561	0.6050542158420896	18.297868251800537
0.41630713191727264	0.6091851391086311	18.337868213653564
0.47230132890472	0.579763866158538	18.367868185043335
0.4665890837459529	0.6082196933526891	18.517868041992188
0.46603499500004025	0.6047351927217964	18.53786826133728
0.46305760423751474	0.6044476525426414	18.56786823272705
0.4607270800223235	0.6029032352755856	18.59786820411682
0.46101457520610084	0.6024705096205609	18.63786816596985
0.45790130570951326	0.6027425562169391	18.66786813735962
0.45922774022580015	0.602473222683198	18.69786810874939
0.4608778108747399	0.6031283008874015	18.737868070602417
0.45857564576257465	0.600907311916145	18.767868041992188
0.4545635820142144	0.6027879486920086	18.797868251800537
0.4769979589023234	0.5938792329131112	18.837868213653564
0.47988071168705676	0.5910566132501799	18.867868185043335
0.4789802498408909	0.6021988460742307	18.897868156433105
0.4797048054652946	0.6007732710798368	18.937868118286133
0.48130516689146263	0.6004568255467501	18.967868089675903
0.47770305163666993	0.6007936062515059	18.997868061065674
0.4756617437649785	0.5988801940981361	19.03786826133728
0.4752270981527002	0.6027726518182911	19.06786823272705
0.47320770729288675	0.5984860504502456	19.09786820411682
0.4711973203415439	0.6017146492954206	19.13786816596985
0.4704919380011455	0.612709170784346	19.16786813735962
0.47047890643972745	0.6071502041625664	19.19786810874939
0.5959589323701686	0.5608827480199905	19.237868070602417
0.5829921729583205	0.5613200005037807	19.267868041992188
0.5802016754286515	0.56280354358888	19.297868251800537
0.5777355971394413	0.5685614768498101	19.337868213653564
0.5763936956737504	0.5722665263860313	19.367868185043335
0.5752759634708539	0.5719704450969728	19.397868156433105
0.5728116779331066	0.5745228989769656	19.437868118286133
0.57195570065931	0.5801935298709334	19.467868089675903
0.5689068259980468	0.5791823610171227	19.497868061065674
0.5685408490988905	0.5781621399006569	19.53786826133728
0.5648881747362999	0.5788075096520733	19.56786823272705
0.5677920275135429	0.5769523357052584	19.59786820411682
0.6418072392502396	0.5577625925685439	19.63786816596985
0.6400446611573023	0.5569123462976127	19.66786813735962
0.6368741916281929	0.5644313337969475	19.69786810874939
0.6360683811422353	0.5677512487989624	19.737868070602417
0.6348793634586265	0.5663145217846604	19.767868041992188
0.6351959502469399	0.5681274194653795	19.797868251800537
0.6348729007952838	0.5698297885804251	19.837868213653564
0.6343800770249292	0.5748285711395417	19.867868185043335
0.6336270060482843	0.576229008476191	19.897868156433105
0.6323947965130029	0.5756142677348857	19.937868118286133
0.4695782231844989	0.569885443625584	19.997868061065674
0.46569423712227836	0.5666460251254005	20.03786826133728
0.4656712014061639	0.5710537247839126	20.06786823272705
0.46350005508930675	0.5717973479772838	20.09786820411682
0.462171692150556	0.5744489301975659	20.13786816596985
0.46102640933722516	0.5767819548621023	20.16786813735962
0.45225824481927857	0.5799226376226019	20.19786810874939
0.4452334386502105	0.5828259940083698	20.237868070602417
0.4404649672604488	0.5893914624780809	20.267868041992188
0.4392033693708452	0.5951674125985794	20.297868251800537
0.43785955890756595	0.5962216408256921	20.337868213653564
0.43637330807693286	0.5971109663273104	20.367868185043335
0.43458020924854657	0.5997574334050106	20.397868156433105
0.4365047991585567	0.598343111082189	20.437868118286133
0.4374219423756416	0.5963716980618082	20.467868089675903
0.43862257884114986	0.5954472641289571	20.497868061065674
0.44055679566205547	0.5952635292464945	20.53786826133728
0.4408521225899479	0.5972736151345821	20.56786823272705
0.41654044581587935	0.587386576948036	20.59786820411682
0.4137610200485234	0.5938172280700673	20.63786816596985
0.410310755542777	0.5942459140196641	20.66786813735962
0.40565049444336626	0.5994272998531106	20.69786810874939
0.40901208474771295	0.596003817463843	20.737868070602417
0.41000270368277136	0.5975150696853428	20.767868041992188
0.4113585598158213	0.5956731856053543	20.797868251800537
0.419242272243796	0.6004623076113971	20.837868213653564
0.4263118379542508	0.5919584689436871	20.867868185043335
0.4171246188344736	0.5848448532093381	20.897868156433105
0.41951410071023615	0.5912060993492692	20.937868118286133
0.4153255540312394	0.590507324315704	20.967868089675903
0.4125859888502416	0.5895114980829614	20.997868061065674
0.4031492251623813	0.6079868237658678	21.03786826133728
0.39755987303058504	0.609216326153458	21.06786823272705
0.40164522521291146	0.6118001432606883	21.09786820411682
0.40382398321377033	0.6145682995809515	21.13786816596985
0.40278819514801917	0.6136398122822702	21.16786813735962
0.4001703958240198	0.6098444280563116	21.19786810874939
0.39502069639066867	0.6090872418180641	21.237868070602417
0.3960961267495939	0.6103819011447735	21.267868041992188
0.39423806152822694	0.6105444126504355	21.297868251800537
0.38814574331350105	0.6043484161902644	21.337868213653564
0.3875730458285248	0.6064741795531763	21.367868185043335
0.3862551512981011	0.6013821023080814	21.397868156433105
0.3858564738324732	0.6001833870175123	21.437868118286133
0.38503641759657387	0.6008003925163586	21.467868089675903
0.3842554983451695	0.5958767478261618	21.497868061065674
0.40290676395840885	0.6169515891760419	21.53786826133728
0.40447762098590534	0.6214966157311596	21.56786823272705
0.406280235885805	0.6139458271559111	21.59786820411682
0.40647205213660204	0.6193335867987658	21.63786816596985
0.3952634319573133	0.6293471705545982	21.66786813735962
0.38710632406872325	0.6127798055844275	21.69786810874939
0.3925457606314087	0.6329304753109015	21.737868070602417
0.3763162970293569	0.6153459698845816	21.767868041992188
0.3765382837090724	0.6147341248805419	21.797868251800537
0.38487542877061726	0.6175820661350674	21.837868213653564
0.38188153006569636	0.6067628063347987	21.867868185043335
0.3532408011124931	0.5814972168377895	21.897868156433105
0.3530219775984314	0.5776719603114651	21.937868118286133
0.35163977025642684	0.5809532570931863	21.967868089675903
0.34929749726252357	0.5829915004779197	21.997868061065674
0.3471193197448583	0.581501681358782	22.03786826133728
0.3433418933425476	0.589422050196417	22.06786823272705
0.34151218568811226	0.5962521138182868	22.09786820411682
0.3396061182024032	0.5954478540404737	22.13786816596985
0.3392539618620378	0.5950333424152743	22.16786813735962
0.3390748892401505	0.6016949711739994	22.19786810874939
0.40411560292572407	0.6225006396428184	22.237868070602417
0.4041741554010667	0.6177701054290522	22.267868041992188
0.39965835459742804	0.5886936180147502	22.297868251800537
0.39760206673437865	0.5895886606791416	22.337868213653564
0.3973314176869391	0.5958369577478604	22.367868185043335
0.395035914265951	0.5931463737909016	22.397868156433105
0.3952870006777743	0.597223311542405	22.437868118286133
0.3929334974601832	0.5966452596406081	22.467868089675903
0.2834403303417094	0.6410197788404742	22.497868061065674
0.2435295243932281	0.6235329107694304	22.53786826133728
0.20582702753561494	0.6531475086979718	22.607868194580078
0.23476417407931421	0.6302061481133009	22.63786816596985
0.21475224758629133	0.6474796681951426	22.66786813735962
0.23408517640550644	0.6315034566006866	22.707868099212646
0.2259232687239119	0.5833391703457708	22.737868070602417
0.233331056020495	0.6334700217609621	22.767868041992188
0.22296075953333042	0.6432372322076003	22.807868242263794
0.20621392067532476	0.658568758918108	22.837868213653564
0.22209849306862572	0.6242370829090891	22.867868185043335
0.2090643932246718	0.6424501244658424	22.937868118286133
0.190238289996429	0.6933876975236442	23.00786805152893
0.18570543212595858	0.6300841577595973	23.06786823272705
0.17400783995276672	0.690274022883202	23.107868194580078
0.18975950216061013	0.6598418735741199	23.13786816596985
0.20400583189772098	0.6563708798424519	23.237868070602417
0.213446255210515	0.6021043459401172	23.267868041992188
0.2199567725429204	0.6352285996049115	23.307868242263794
0.22532893173068927	0.6479655317918629	23.337868213653564
0.2182110985885945	0.6334505086474419	23.367868185043335
0.22292729184907253	0.617923818088207	23.407868146896362
0.22578800563585968	0.6167660673485971	23.437868118286133
0.22661292943198355	0.5851089309077128	23.467868089675903
0.22777458564139566	0.5774806299168754	23.50786805152893
0.22711866277800394	0.5740802552530218	23.53786826133728
0.2256512330124843	0.572193412536352	23.56786823272705
0.22626114147200452	0.5685835775073996	23.607868194580078
0.23164669391147402	0.5917732775102245	23.63786816596985
0.23670076342320634	0.6042249289017646	23.66786813735962
0.23252879605404694	0.5607116349347021	23.707868099212646
0.22888393968743084	0.5610271623245379	23.737868070602417
0.2380516749446704	0.5731054074373431	23.767868041992188
0.23797094373688418	0.5720344495831636	23.807868242263794
0.23581317441740896	0.5628368492241469	23.837868213653564
0.2450179013566593	0.5696245656623553	23.867868185043335
0.2419099727835749	0.5542440761316819	23.907868146896362
0.24249923504763135	0.5515817053664303	23.937868118286133
0.23868960580908352	0.5471288902055769	23.967868089675903
0.2161100134025804	0.5393575029401388	24.00786805152893
0.21924861774558507	0.520225568603604	24.03786826133728
0.22358886279478304	0.5509347852023415	24.06786823272705
0.22340296730612172	0.5294370585504768	24.107868194580078
0.22510583737164128	0.5325613464040241	24.13786816596985
0.22448236029425855	0.534501358364906	24.16786813735962
0.22279781572428606	0.5361862055329375	24.207868099212646
0.2266751574419739	0.5449244628412212	24.237868070602417
0.21011131348240178	0.5664133037698986	24.267868041992188
0.20430861219696478	0.548326818276526	24.307868242263794
0.20727541244607714	0.571796181516265	24.337868213653564
0.20868563106127738	0.5715236160240206	24.367868185043335
0.21571343990413275	0.5792801830013936	24.407868146896362
0.21255941380903948	0.5670333173006705	24.437868118286133
0.21263460089637437	0.5605487243479164	24.467868089675903
0.2114061395761507	0.5607571267243603	24.50786805152893
0.21088246972860059	0.5636118552930246	24.53786826133728
0.21039008376024512	0.5641264876765739	24.56786823272705
0.21037900050121217	0.5658131337832905	24.607868194580078
0.21042064930013124	0.5684270893661099	24.63786816596985
0.21142376782780092	0.5635707625771196	24.66786813735962
0.2105601448460787	0.5639295769430466	24.707868099212646
0.21336954858239998	0.6065394267821624	24.737868070602417
0.21263742536643648	0.6144111668135704	24.767868041992188
0.21625594019773314	0.6156246026073251	24.807868242263794
0.21108134109291626	0.6200678552491578	24.837868213653564
0.21568844182507219	0.6204818979635206	24.867868185043335
0.2113276034104879	0.5966899732058165	24.907868146896362
0.2116308836070859	0.6033824481334172	24.937868118286133
0.21226815193470955	0.5950955038172197	24.967868089675903
0.21623702646525172	0.6029195561211869	25.00786805152893
0.2158301464601842	0.6091328345586043	25.03786826133728
0.21658931707101828	0.6019892474101741	25.06786823272705
0.21626866143569173	0.6008067645586725	25.107868194580078
0.2174083736076591	0.6056040569595765	25.13786816596985
0.2166525690947164	0.6044493512663813	25.16786813735962
0.2142491774667881	0.6039616994185172	25.207868099212646
0.2008381494756291	0.6486426337691066	25.237868070602417
0.21200201537397778	0.6415332048867636	25.267868041992188
0.2333294028804549	0.6219998361188304	25.307868242263794
0.23950182791200686	0.6236052749727159	25.337868213653564
0.2435217119650314	0.6177298492900839	25.367868185043335
0.23759619265239013	0.5853715642478661	25.407868146896362
0.23973884993804834	0.5841763330122467	25.437868118286133
0.239476992671689	0.5882456862880611	25.467868089675903
0.2396183105356889	0.5870663492510073	25.50786805152893
0.24069405103470945	0.5885889913371427	25.53786826133728
0.23753806151501028	0.5913421419443297	25.56786823272705
0.21920811330622175	0.6122810680297887	25.63786816596985
0.19084953450419295	0.6377176527691935	25.66786813735962
0.21941451105663837	0.613889482673703	25.707868099212646
0.2926026445940134	0.6542026045928317	25.737868070602417
0.24193414830258014	0.6225738462509539	25.767868041992188
0.2872066200579351	0.6332160964001746	25.807868242263794
0.2831505429836748	0.6141290557142148	25.837868213653564
0.2821005415415686	0.6101628555121431	25.867868185043335
0.2818125177686467	0.6087948253505623	25.907868146896362
0.28505412544688224	0.6111746074366717	25.937868118286133
0.28489284348356586	0.6113858863281882	25.967868089675903
0.2843239873158824	0.6142994954101383	26.00786805152893
0.28354267664066707	0.6157241744715325	26.03786826133728
0.282476159100832	0.6130209236995144	26.06786823272705
0.2844464139767108	0.6143750741871064	26.107868194580078
0.2851881308978701	0.6142370510610171	26.13786816596985
0.28579954166849375	0.6155164593042939	26.16786813735962
0.28714131615360433	0.6103922320636704	26.207868099212646
0.3129907304404624	0.5878119613072611	26.237868070602417
0.3278801325915164	0.5702147780793044	26.407868146896362
0.30744351725400726	0.5834745658347801	26.437868118286133
0.2898740661140513	0.5725158053486962	26.467868089675903
0.28122457213337865	0.5742128692559343	26.50786805152893
0.2726249064109865	0.575713558648417	26.53786826133728
0.2641445165695238	0.5781991207383168	26.56786823272705
0.2581984646545928	0.5761788085529126	26.607868194580078
0.25242594304739574	0.5768111459098668	26.63786816596985
0.24742585220214935	0.5792247899363555	26.66786813735962
0.24249046644454755	0.5819211783689008	26.707868099212646
0.24093597759904775	0.5803826408342396	26.737868070602417
0.22723363291145957	0.5703963939164798	26.767868041992188
0.22342434107550474	0.5710920510910756	26.807868242263794
0.22058558030603953	0.5710809228377263	26.837868213653564
0.21991815243560733	0.5727714373920748	26.867868185043335
0.21890643044716068	0.5719573196876773	26.907868146896362
0.22028791354548183	0.5762441668769495	26.937868118286133
0.21925911731317488	0.5709550252902417	26.967868089675903
0.219715866180686	0.5694713248277905	27.00786805152893
0.22155326599492783	0.5665887757504312	27.03786826133728
0.22463559909542205	0.565113809189643	27.06786823272705
0.22798779840499994	0.5653001361170156	27.107868194580078
0.23060126742588205	0.5636744702965177	27.13786816596985
0.23046712970320443	0.5618545158451034	27.16786813735962
0.22919758117982847	0.5617982059093832	27.207868099212646
0.22678087435667693	0.562112212906758	27.237868070602417
0.22698363858972193	0.5611317729501968	27.267868041992188
0.2252098652802452	0.562638106188293	27.307868242263794
0.22518165740657312	0.5615747878925507	27.337868213653564
0.22208813184274945	0.5707867197222679	27.367868185043335
0.22029963343207223	0.57878504636647	27.407868146896362
0.22005983516030153	0.5851219471436406	27.437868118286133
0.21976800627833348	0.5878850644447545	27.467868089675903
0.2215008367199093	0.5882280612475699	27.50786805152893
0.22452115349478408	0.593041166536098	27.53786826133728
0.2296977188447061	0.5914059457694008	27.56786823272705
0.23534415756077504	0.594447600785854	27.607868194580078
0.2406518669802694	0.5951818372673221	27.63786816596985
0.24292074186258256	0.594564617256823	27.66786813735962
0.2452222181549129	0.5933191830568713	27.707868099212646
0.2493494583462745	0.6013633392045417	27.737868070602417
0.2544145153411463	0.6004763673464079	27.767868041992188
0.259187975846374	0.601431367742956	27.807868242263794
0.26133894998747365	0.6024569162448067	27.837868213653564
0.2628261517079043	0.6005900075445602	27.867868185043335
0.26511322130418996	0.5939546782320629	27.907868146896362
0.2963359533704968	0.5796180199609022	27.937868118286133
0.293348248281508	0.5774776035142366	27.967868089675903
0.29082174058988575	0.5794986641913515	28.00786805152893
0.2900867492275407	0.5805504228035531	28.03786826133728
0.2894620184061503	0.5817961870103163	28.06786823272705
0.28843359019659426	0.5798530343583964	28.107868194580078
0.28868058668906804	0.5825998360157834	28.13786816596985
0.2881910162368174	0.58295103681828	28.16786813735962
0.28814469876173465	0.5836157024347384	28.207868099212646
0.28773431658652104	0.582654913726212	28.237868070602417
0.2890041114558332	0.5819948838338209	28.267868041992188
0.2912378957519169	0.5795616854405938	28.307868242263794
0.29177959048702123	0.5769321408576342	28.337868213653564
0.26975569348119005	0.5627283159775341	28.367868185043335
0.27149383855890014	0.5638296716207721	28.407868146896362
0.272575876434643	0.5622558547543021	28.437868118286133
0.2724726522073666	0.5595011798614169	28.467868089675903
0.27470505180020993	0.5586458728611785	28.50786805152893
0.27554679860523773	0.5576226090147068	28.53786826133728
0.2750060350814197	0.5570200971733803	28.56786823272705
0.275031830242382	0.5569265652872102	28.607868194580078
0.2761154169633753	0.5558742419163218	28.63786816596985
0.2762001029258595	0.5551316324547952	28.66786813735962
0.276415854599446	0.5525149690457618	28.707868099212646
0.27624847004180403	0.5532371312976307	28.737868070602417
0.2774603446698365	0.5512482339742043	28.767868041992188
0.2769062673756685	0.5539729136524573	28.807868242263794
0.27686587166014376	0.5529403535706634	28.837868213653564
0.2775634345787079	0.5536933647517166	28.867868185043335
0.27692868690510003	0.5526085214585466	28.907868146896362
0.2769008903840815	0.5520552527077307	28.937868118286133
0.2778383359052483	0.5524794889974503	28.967868089675903
0.2800510986306808	0.550013772548597	29.00786805152893
0.33091272643022973	0.5528139062928537	29.03786826133728
0.32854847770975437	0.5500722552220315	29.06786823272705
0.3265420012898841	0.5525763465156549	29.107868194580078
0.3256677546286619	0.5563593739343672	29.13786816596985
0.32361351411243866	0.5588555216855987	29.16786813735962
0.32412362053562876	0.5583350248515908	29.207868099212646
0.3232801457040249	0.5592393400818403	29.237868070602417
0.3248318828579544	0.5591090561747022	29.267868041992188
0.32573824553726227	0.5589187184075682	29.307868242263794
0.32941602890678523	0.5566776071259788	29.337868213653564
0.3459570090428069	0.5683235518855911	29.367868185043335
0.3478868707896096	0.5592460416695676	29.407868146896362
0.34747972243137637	0.557706936973374	29.437868118286133
0.347131489711464	0.5554102995431388	29.467868089675903
0.3475228513477492	0.5546869048046967	29.50786805152893
0.3456949114489453	0.5489968123199933	29.53786826133728
0.3462618959643696	0.5538366145062024	29.56786823272705
0.34563791648827313	0.5484945664964808	29.607868194580078
0.34333302375668695	0.5484573391659455	29.63786816596985
0.3433948302489266	0.5484619549191171	29.66786813735962
0.34249785568738833	0.5492496366308792	29.707868099212646
0.34241149150529687	0.5497842578747212	29.737868070602417
0.34253729227647883	0.548014893369649	29.767868041992188
0.3429520456675391	0.550579874767062	29.807868242263794
0.341127147271371	0.5478402505324603	29.837868213653564
0.3389948539305495	0.5500049948302128	29.867868185043335
0.34040744420435726	0.55192682511287	29.907868146896362
0.3402612164923543	0.5508318770726035	29.937868118286133
0.3394788445509249	0.5511637993781309	29.967868089675903
0.33892141769978107	0.5497100556812619	30.00786805152893
0.33947463790791554	0.5503722644734406	30.03786826133728
0.33853682016244235	0.5523788913263222	30.06786823272705
0.34137662797347496	0.548500091290257	30.107868194580078
0.370329756851711	0.5396933716078012	30.13786816596985
0.369601121081173	0.5401176922030019	30.16786813735962
0.3698460454289197	0.5424088707332112	30.207868099212646
0.37128432947321505	0.5416988641060024	30.237868070602417
0.37232836135240943	0.5403529695930451	30.267868041992188
0.374180088845583	0.5405867209772743	30.307868242263794
0.37298415658794004	0.5420138904335131	30.337868213653564
0.37553070442136444	0.5440741642694361	30.367868185043335
0.3744264797487614	0.543012072740658	30.407868146896362
0.37425404732790274	0.5401836864669572	30.437868118286133
0.3718345818068142	0.5377802533460533	30.467868089675903
0.372117349158585	0.535621114836588	30.50786805152893
0.3721808051307023	0.5337498887706432	30.53786826133728
0.3815451975965401	0.5293501635296567	30.56786823272705
0.38302824566949834	0.5305253685091402	30.607868194580078
0.38385495363236644	0.5317080461899959	30.63786816596985
0.3833089276570807	0.5316648935342827	30.66786813735962
0.3828153159631521	0.534295461335345	30.707868099212646
0.3838809514396475	0.5322694493610546	30.737868070602417
0.38455970865005956	0.53306422131382	30.767868041992188
0.38379967147771343	0.5322005538085626	30.807868242263794
0.38399412325755816	0.5330958507707634	30.837868213653564
0.3841375167914274	0.536383207092868	30.867868185043335
0.38559674081857154	0.5355703034614728	30.907868146896362
0.38582787882087943	0.5358118619501142	30.937868118286133
0.38496319891083997	0.5339329366751379	30.967868089675903
0.3692918780655252	0.569699258134374	31.00786805152893
0.3678736909145827	0.5722970053489753	31.03786826133728
0.365116759485995	0.5794268371954737	31.06786823272705
0.3636269943098648	0.581382401764978	31.107868194580078
0.3605255545136928	0.5823507042928322	31.13786816596985
0.3612175434013077	0.583231405205901	31.16786813735962
0.3657251504889269	0.5781307540044841	31.207868099212646
0.4455258991763746	0.5408791337995339	31.237868070602417
0.4481467108206958	0.5504476394895598	31.267868041992188
0.45015148164649865	0.5483932721201652	31.307868242263794
0.44612491564579826	0.5490003431007575	31.337868213653564
0.4449290549873944	0.5511546724330683	31.367868185043335
0.4428325176919941	0.5512154179154469	31.407868146896362
0.43495728227978814	0.5530861238665836	31.437868118286133
0.43159533973004793	0.5519984119798633	31.467868089675903
0.433004293576278	0.5537854201694982	31.50786805152893
0.432019151735816	0.5493063123486377	31.53786826133728
0.43158980743517317	0.5412260251577443	31.56786823272705
0.433773415311042	0.5440465202810716	31.607868194580078
0.4366066626413973	0.5406162764078961	31.63786816596985
0.46758203514828656	0.5321415800981513	31.66786813735962
0.4710487151045646	0.5344590701229495	31.707868099212646
0.4688221914635475	0.5359761988785451	31.737868070602417
0.46727823408199226	0.5376949460637512	31.767868041992188
0.4656178824882018	0.5399107653020161	31.807868242263794
0.46338199758136306	0.5404257138648354	31.837868213653564
0.4632317237710369	0.5420303255016684	31.867868185043335
0.4624457637432037	0.5447161346969405	31.907868146896362
0.46262955798595345	0.5478923658480107	31.937868118286133
0.4647391525514004	0.5496483525809538	31.967868089675903
0.48895797452518835	0.5458312881162809	32.00786805152893
0.48827716802722493	0.5534927273237155	32.03786826133728
0.48760087418603626	0.5561328908309542	32.06786823272705
0.4835225851004489	0.555874865076233	32.10786819458008
0.4819486528712752	0.5511054654189754	32.13786816596985
0.4806081813319056	0.549054303553504	32.16786813735962
0.4814417383487467	0.549703338178914	32.20786809921265
0.48148018922948704	0.547005123813475	32.23786807060242
0.4826707394695433	0.545279055937176	32.26786804199219
0.4824451754979261	0.5448697199738937	32.307868242263794
0.4825083678180305	0.5461803698306752	32.337868213653564
0.4821433654919161	0.5482161790626369	32.367868185043335
0.48011075807240383	0.5473451591682487	32.40786814689636
0.47880178867060613	0.5483296953219922	32.43786811828613
0.4762120812857995	0.5475028320806893	32.4678680896759
0.48979437945876514	0.537370174149814	32.50786805152893
0.5079093085428267	0.5497190377519126	32.53786826133728
0.5070868138407421	0.546574470611648	32.56786823272705
0.5066734801739189	0.5447955253710014	32.60786819458008
0.5058999790324193	0.5476391121518953	32.63786816596985
0.5078244398068242	0.5507870218416535	32.66786813735962
0.507434887706698	0.5524323758814454	32.70786809921265
0.5097588193003877	0.5539244493408829	32.73786807060242
0.5087324817058978	0.5541897421639829	32.777868032455444
0.5092641632129303	0.5534080288394175	32.807868242263794
0.5091709064000665	0.5561743287583193	32.837868213653564
0.5102407898943677	0.5543652643508251	32.87786817550659
0.5109066458989535	0.555161850716436	32.90786814689636
0.5103509521307436	0.5549742130284865	32.93786811828613
0.537129529400129	0.5345852374533662	32.97786808013916
0.5372393386571727	0.537666415328567	33.00786805152893
0.5367179317003216	0.5371356343457462	33.03786826133728
0.535486363595978	0.536872956422619	33.06786823272705
0.535624642582204	0.5386640899619289	33.10786819458008
0.5344909675520613	0.5380861377353289	33.13786816596985
0.534005649118218	0.5395026697857718	33.177868127822876
0.5331689731805028	0.5421292320370446	33.20786809921265
0.5311186656373795	0.5434550359485061	33.23786807060242
0.5302286421943839	0.5457966324153005	33.277868032455444
0.5687074235237533	0.5188622265724484	33.337868213653564
0.569117656130711	0.517290672872678	33.37786817550659
0.5701562713942327	0.5193932251245892	33.40786814689636
0.5707120025760288	0.5163327471523712	33.43786811828613
0.5703019575345921	0.5216105156062988	33.47786808013916
0.5696928282982546	0.5220630180726173	33.50786805152893
0.5696294104655731	0.5210472570473714	33.53786826133728
0.5708372656313625	0.5224049116566792	33.57786822319031
0.5703414247359055	0.5204525705139492	33.60786819458008
0.5698224719508742	0.5190085813857467	33.63786816596985
0.569761653566347	0.5189563836615144	33.677868127822876
0.5709361549670682	0.5196483671451735	33.70786809921265
0.5703866805159301	0.5193277481860045	33.73786807060242
0.5724384681508522	0.5188454285028994	33.777868032455444
0.5731566651917693	0.5183267466419645	33.807868242263794
0.5709686177720761	0.5181623444013713	33.837868213653564
0.5705833415189471	0.5204192013407282	33.87786817550659
0.5708641775161397	0.5217329784154999	33.90786814689636
0.5705806649318848	0.5214182711295456	33.93786811828613
0.5703261822216273	0.5225567050182048	33.97786808013916
0.5718324898063657	0.5217059618215993	34.00786805152893
0.5722315403414819	0.5228279935114134	34.03786826133728
0.5707649366300662	0.5228872111390478	34.07786822319031
0.5721061421070044	0.5237162892994265	34.10786819458008
0.5734345409415954	0.5224811810379508	34.13786816596985
0.5755191763568311	0.5236679854109005	34.177868127822876
0.5752709903233925	0.5237438073124264	34.20786809921265
0.5752150722644918	0.5254834995263152	34.23786807060242
0.5745713629645132	0.5249048449518343	34.277868032455444
0.5754557300033191	0.5242172394389161	34.307868242263794
0.577148303464701	0.5243947697913077	34.337868213653564
0.6192603392579368	0.5185715943675994	34.40786814689636
0.6178150451470262	0.5215346605586167	34.43786811828613
0.616030154684649	0.5255661274517225	34.47786808013916
0.6151405484742162	0.5262896794958942	34.50786805152893
0.6143709832631319	0.524927361644057	34.53786826133728
0.61480207535604	0.5204398325182726	34.57786822319031
0.6140911614815855	0.5221278198955518	34.60786819458008
0.61373443191665	0.5222610422680504	34.63786816596985
0.616571307369592	0.5205501170259018	34.677868127822876
0.6345519244716369	0.5257945211472337	34.70786809921265
0.6299504037513326	0.5296557983426342	34.73786807060242
0.6306498305691655	0.5296418539105184	34.777868032455444
0.628751758145909	0.5312875060337056	34.807868242263794
0.6268718006661637	0.5325726099303397	34.837868213653564
0.6251738750869691	0.5308424742085154	34.87786817550659
0.6262186076615909	0.5307071970983219	34.90786814689636
0.6243391148153776	0.5301050542391585	34.93786811828613
0.6236482723998346	0.5299894592195867	34.97786808013916
0.6233574771906999	0.5287953290295022	35.00786805152893
0.6240296616231831	0.5293556475993858	35.03786826133728
0.6249621680523576	0.5293029669182928	35.07786822319031
0.6253467249858722	0.5273836017068153	35.10786819458008
0.6269596330764367	0.5175004134913905	35.13786816596985
0.6260847356454367	0.5118646760841219	35.177868127822876
0.6272354279415097	0.5129311547333089	35.20786809921265
0.6262242285510209	0.5129405517282918	35.23786807060242
0.6276024951943507	0.5132244919049078	35.277868032455444
0.6274938474611449	0.5104180690432865	35.307868242263794
0.6283534713303788	0.5097117203492165	35.337868213653564
0.6309452931534567	0.506266460579576	35.37786817550659
0.6694284296290995	0.5140810317592156	35.40786814689636
0.6667558939024998	0.5173463937538837	35.43786811828613
0.6666349910683151	0.5186131324758703	35.47786808013916
0.6657254325909518	0.5188010170763867	35.50786805152893
0.6660813403859542	0.5189844030925022	35.53786826133728
0.665594619325788	0.5172452933923583	35.57786822319031
0.6657618246956	0.5185838014382365	35.60786819458008
0.6657558036923515	0.5180786416743488	35.63786816596985
0.671814124724296	0.514257206123721	35.677868127822876
0.6853694779678732	0.5229488215439595	35.70786809921265
0.6842371815255122	0.5227257354598	35.73786807060242
0.6831335656643622	0.524175293192713	35.777868032455444
0.6829924159427203	0.5240200864941045	35.807868242263794
0.6831264987509099	0.5206765073616499	35.837868213653564
0.6830482315805829	0.5205841600855626	35.87786817550659
0.6823893954962805	0.5212295567748674	35.90786814689636
0.6839281570837231	0.5214764204463324	35.93786811828613
0.6840027811178649	0.5210164219952654	35.97786808013916
0.6842376974098587	0.5207763058417288	36.00786805152893
0.6848082426004033	0.5224516081772624	36.03786826133728
0.6925824818768929	0.503474860229288	36.07786822319031
0.6946079182811689	0.5000459339611992	36.10786819458008
0.6948696791292149	0.4978725725168248	36.13786816596985
0.6970059766551869	0.49715183889323405	36.177868127822876
0.6970361492303002	0.4987064813084992	36.20786809921265
0.6968107581519458	0.49870653736722054	36.23786807060242
0.6957915320575955	0.5023764767984142	36.277868032455444
0.6961719008654956	0.5030301461665816	36.307868242263794
0.6959278314359155	0.5025749684206211	36.337868213653564
0.6960202618011558	0.5037804206758009	36.37786817550659
0.6949415722567627	0.5038240207902486	36.40786814689636
0.694623966094285	0.5053476030476116	36.43786811828613
0.692808850472747	0.5055533242738434	36.47786808013916
0.6817480717508655	0.4991433032584358	36.50786805152893
0.6820136872836686	0.5007390509185565	36.53786826133728
0.6817266675784548	0.5023160373574884	36.57786822319031
0.6815213254408194	0.5008781869247738	36.60786819458008
0.6818428151932745	0.5013884487265331	36.63786816596985
0.6814574627918983	0.5003110525730817	36.677868127822876
0.681810066832506	0.5010489404217818	36.70786809921265
0.6821530734481906	0.5018845101411682	36.73786807060242
0.684472465564385	0.49938195494539445	36.777868032455444
0.7241068068407813	0.501333291151568	36.807868242263794
0.7204729033621119	0.509346140353103	36.837868213653564
0.7198138481768802	0.511374606518511	36.87786817550659
0.7215164242320369	0.5095406726027042	36.90786814689636
0.749772114985302	0.5148509105560084	36.93786811828613
0.7496108200844771	0.516007139298724	36.97786808013916
0.7447865570605913	0.517833902125628	37.00786805152893
0.744135376522915	0.524065359482016	37.03786826133728
0.7416804566838082	0.5246365704205459	37.07786822319031
0.7397766886602289	0.5244539101113593	37.10786819458008
0.7388947005570281	0.5249838230009637	37.13786816596985
0.7395851337614078	0.5235089443697792	37.177868127822876
0.7400680091777205	0.5249209752646918	37.20786809921265
0.7411412255223908	0.5249251294644078	37.23786807060242
0.739993809105978	0.5234014990909586	37.277868032455444
0.7393923500620679	0.5241621188804213	37.307868242263794
0.7402820567688302	0.5225852742354239	37.337868213653564
0.740008076474718	0.5212908942802958	37.37786817550659
0.7392398865886697	0.5245628639948114	37.40786814689636
0.7390792839773291	0.5236156068168005	37.43786811828613
0.7384602990898337	0.5236173019642282	37.47786808013916
0.7381738286500827	0.5248913532209982	37.50786805152893
0.7391230581136153	0.5233144451124462	37.53786826133728
0.7392954522990487	0.5229230047213603	37.57786822319031
0.7397709054106367	0.5253318338545081	37.60786819458008
0.7384239849505175	0.5247556872202149	37.63786816596985
0.7400169581186365	0.5224014897951595	37.677868127822876
0.7404383175191589	0.5238791993958264	37.70786809921265
0.7412989257490289	0.522992362783336	37.73786807060242
0.7407027217404661	0.5205544041114449	37.777868032455444
0.7387908145742145	0.5236476956407464	37.807868242263794
0.7373312228828066	0.5260297316063102	37.837868213653564
0.7241223666732524	0.5092528616592596	37.87786817550659
0.7221942137842733	0.5106162957497056	37.90786814689636
0.7227172409244226	0.5140712163792368	37.93786811828613
0.7183902755708762	0.49906368417898384	37.97786808013916
0.7158859760723408	0.5059471495998069	38.00786805152893
0.714382859619024	0.5074315860529247	38.03786826133728
0.7128486851391502	0.5108186296163288	38.07786822319031
0.7113096866247947	0.5100638964886891	38.10786819458008
0.709760871334896	0.5103799506186258	38.13786816596985
0.7097823533172075	0.5103891999524584	38.177868127822876
0.7192046530583425	0.4752788193689612	38.20786809921265
0.7178802919977267	0.4774150189332542	38.23786807060242
0.7178015039272306	0.47878174271593693	38.277868032455444
0.7166225248009908	0.47889388275938083	38.307868242263794
0.7171121578622819	0.47758811474805823	38.337868213653564
0.717564625236304	0.4760436227443544	38.37786817550659
0.7188020272400579	0.47624507992951115	38.40786814689636
0.719729857633538	0.47824036794667574	38.43786811828613
0.7097935109323096	0.4927470829489864	38.47786808013916
0.7103103500788377	0.49614569428491695	38.50786805152893
0.710311538732876	0.5023776467067887	38.53786826133728
0.7111485133482496	0.505934648518024	38.57786822319031
0.712198457582084	0.5078172506509968	38.60786819458008
0.714136183811523	0.5100355218149173	38.63786816596985
0.7133243912049394	0.5125154205272879	38.677868127822876
0.6985628183405888	0.5250532264809925	38.70786809921265
0.7021898515426794	0.52402745905082	38.73786807060242
0.7059004694536026	0.5185108849957344	38.777868032455444
0.7236791806054829	0.5162371981476453	38.807868242263794
0.7086399681748914	0.5180317330703282	38.897868156433105
0.6947756729720382	0.5158393847899796	38.90786814689636
0.6922275483231962	0.5220670882066306	38.93786811828613
0.6926431012128126	0.522082211970135	38.97786808013916
0.7032305173587524	0.5288748970288452	39.00786805152893
0.7027783669133371	0.5262423405785311	39.03786826133728
0.7026082296080707	0.5251352769783766	39.07786822319031
0.7022912862900967	0.5260313511136906	39.10786819458008
0.668604737701743	0.5285899992367981	39.13786816596985
0.6646609016401793	0.5318776008927621	39.177868127822876
0.6616847039185866	0.5342347838487953	39.20786809921265
0.6624186718574411	0.534407872107904	39.23786807060242
0.6620591328782941	0.5389264967906141	39.277868032455444
0.6633173624075183	0.5382820170395258	39.307868242263794
0.6621648460861154	0.539974621285864	39.337868213653564
0.6605400328877195	0.5425517788383912	39.37786817550659
0.6608211914641128	0.5404038686588031	39.40786814689636
0.6599989373632541	0.5414184294493377	39.43786811828613
0.6599492005791191	0.5400945748097067	39.47786808013916
0.6576886291971097	0.5429422696390835	39.50786805152893
0.6539351453200839	0.5467336659397344	39.53786826133728
0.5246241815340895	0.5558846088345517	39.57786822319031
0.5164712757421352	0.5604484858026861	39.60786819458008
0.5141489043656671	0.5621642927988626	39.63786816596985
0.5115806187371423	0.5707825398878804	39.677868127822876
0.5096718062882784	0.574346275318774	39.70786809921265
0.5082644905941742	0.5746639834238828	39.73786807060242
0.5062997271880725	0.578532593796716	39.777868032455444
0.5051108633125546	0.5802335745607143	39.807868242263794
0.5047957902812538	0.5817348242626571	39.837868213653564
0.5040549989662308	0.5791831055369271	39.87786817550659
0.509940702908786	0.5799043864339806	39.90786814689636
0.5311015345170362	0.5867542250512291	39.93786811828613
0.5311015345170362	0.5867542250512291	40.03786826133728
0.5311015345170362	0.5867542250512291	40.07786822319031
0.5311015345170362	0.5867542250512291	40.10786819458008
0.5311015345170362	0.5867542250512291	40.13786816596985
0.5311015345170362	0.5867542250512291	40.177868127822876
0.5311015345170362	0.5867542250512291	40.20786809921265
0.5311015345170362	0.5867542250512291	40.23786807060242
0.5311015345170362	0.5867542250512291	40.277868032455444
0.5311015345170362	0.5867542250512291	40.307868242263794
0.5311015345170362	0.5867542250512291	40.337868213653564
0.5311015345170362	0.5867542250512291	40.37786817550659
0.5311015345170362	0.5867542250512291	40.40786814689636
0.5311015345170362	0.5867542250512291	40.43786811828613
0.5311015345170362	0.5867542250512291	40.47786808013916
0.5311015345170362	0.5867542250512291	40.50786805152893
0.5311015345170362	0.5867542250512291	40.53786826133728
0.5311015345170362	0.5867542250512291	40.60786819458008
0.5311015345170362	0.5867542250512291	40.63786816596985
0.5311015345170362	0.5867542250512291	40.677868127822876
0.5311015345170362	0.5867542250512291	40.70786809921265
0.5311015345170362	0.5867542250512291	40.73786807060242
0.5311015345170362	0.5867542250512291	40.777868032455444
0.5311015345170362	0.5867542250512291	40.807868242263794
0.5311015345170362	0.5867542250512291	40.837868213653564
0.5311015345170362	0.5867542250512291	40.87786817550659
0.5311015345170362	0.5867542250512291	40.90786814689636
0.5311015345170362	0.5867542250512291	40.93786811828613
0.5311015345170362	0.5867542250512291	40.97786808013916
0.5311015345170362	0.5867542250512291	41.00786805152893
0.5311015345170362	0.5867542250512291	41.03786826133728
0.5311015345170362	0.5867542250512291	41.07786822319031
0.5311015345170362	0.5867542250512291	41.10786819458008
0.5311015345170362	0.5867542250512291	41.13786816596985
0.5311015345170362	0.5867542250512291	41.177868127822876
0.5311015345170362	0.5867542250512291	41.20786809921265
0.5311015345170362	0.5867542250512291	41.23786807060242
0.5311015345170362	0.5867542250512291	41.277868032455444
0.5311015345170362	0.5867542250512291	41.307868242263794
0.5311015345170362	0.5867542250512291	41.337868213653564
0.5311015345170362	0.5867542250512291	41.37786817550659
0.5311015345170362	0.5867542250512291	41.40786814689636
0.5311015345170362	0.5867542250512291	41.43786811828613
0.5311015345170362	0.5867542250512291	41.47786808013916
0.5311015345170362	0.5867542250512291	41.50786805152893
0.5311015345170362	0.5867542250512291	41.53786826133728
0.5311015345170362	0.5867542250512291	41.57786822319031
0.5311015345170362	0.5867542250512291	41.60786819458008
0.5311015345170362	0.5867542250512291	41.63786816596985
0.5311015345170362	0.5867542250512291	41.677868127822876
0.5311015345170362	0.5867542250512291	41.70786809921265
0.5311015345170362	0.5867542250512291	41.73786807060242
0.5311015345170362	0.5867542250512291	41.777868032455444
0.5311015345170362	0.5867542250512291	41.807868242263794
0.5311015345170362	0.5867542250512291	41.837868213653564
0.5311015345170362	0.5867542250512291	41.87786817550659
0.5311015345170362	0.5867542250512291	41.90786814689636
0.5311015345170362	0.5867542250512291	41.93786811828613
0.5311015345170362	0.5867542250512291	41.97786808013916
0.5311015345170362	0.5867542250512291	42.00786805152893
0.5311015345170362	0.5867542250512291	42.03786826133728
0.5311015345170362	0.5867542250512291	42.07786822319031
0.5311015345170362	0.5867542250512291	42.10786819458008
0.5311015345170362	0.5867542250512291	42.13786816596985
0.5311015345170362	0.5867542250512291	42.177868127822876
0.5311015345170362	0.5867542250512291	42.20786809921265
0.5311015345170362	0.5867542250512291	42.23786807060242
0.5311015345170362	0.5867542250512291	42.277868032455444
0.5311015345170362	0.5867542250512291	42.307868242263794
0.5311015345170362	0.5867542250512291	42.337868213653564
0.5311015345170362	0.5867542250512291	42.37786817550659
0.5311015345170362	0.5867542250512291	42.40786814689636
0.5311015345170362	0.5867542250512291	42.43786811828613
0.5311015345170362	0.5867542250512291	42.47786808013916
0.5311015345170362	0.5867542250512291	42.50786805152893
0.5311015345170362	0.5867542250512291	42.53786826133728
0.5311015345170362	0.5867542250512291	42.57786822319031
0.5311015345170362	0.5867542250512291	42.60786819458008
0.5311015345170362	0.5867542250512291	42.63786816596985
0.5311015345170362	0.5867542250512291	42.677868127822876
0.5311015345170362	0.5867542250512291	42.70786809921265
0.5311015345170362	0.5867542250512291	42.73786807060242
0.5311015345170362	0.5867542250512291	42.777868032455444
0.5311015345170362	0.5867542250512291	42.807868242263794
0.5311015345170362	0.5867542250512291	42.837868213653564
0.5311015345170362	0.5867542250512291	42.87786817550659
0.5311015345170362	0.5867542250512291	42.90786814689636
0.5311015345170362	0.5867542250512291	42.93786811828613
0.5311015345170362	0.5867542250512291	42.97786808013916
0.5311015345170362	0.5867542250512291	43.00786805152893
0.5311015345170362	0.5867542250512291	43.03786826133728
0.5311015345170362	0.5867542250512291	43.07786822319031
0.5311015345170362	0.5867542250512291	43.10786819458008
0.5311015345170362	0.5867542250512291	43.13786816596985
0.5311015345170362	0.5867542250512291	43.177868127822876
0.5311015345170362	0.5867542250512291	43.20786809921265
0.5311015345170362	0.5867542250512291	43.25786805152893
0.5311015345170362	0.5867542250512291	43.277868032455444
0.5311015345170362	0.5867542250512291	43.337868213653564
0.5311015345170362	0.5867542250512291	43.37786817550659
0.5311015345170362	0.5867542250512291	43.40786814689636
0.5311015345170362	0.5867542250512291	43.43786811828613
0.5311015345170362	0.5867542250512291	43.47786808013916
0.5311015345170362	0.5867542250512291	43.50786805152893
0.5311015345170362	0.5867542250512291	43.53786826133728
0.5311015345170362	0.5867542250512291	43.57786822319031
0.5311015345170362	0.5867542250512291	43.62786817550659
0.5311015345170362	0.5867542250512291	43.65786814689636
0.5311015345170362	0.5867542250512291	43.70786809921265
0.5311015345170362	0.5867542250512291	43.7178680896759
0.5311015345170362	0.5867542250512291	43.73786807060242
0.5311015345170362	0.5867542250512291	43.777868032455444
0.5311015345170362	0.5867542250512291	43.807868242263794
0.5311015345170362	0.5867542250512291	43.837868213653564
0.5311015345170362	0.5867542250512291	43.87786817550659
0.5311015345170362	0.5867542250512291	43.90786814689636
0.5311015345170362	0.5867542250512291	43.93786811828613
0.5311015345170362	0.5867542250512291	43.97786808013916
0.5311015345170362	0.5867542250512291	44.00786805152893
0.5311015345170362	0.5867542250512291	44.03786826133728
0.5311015345170362	0.5867542250512291	44.07786822319031
0.48779178598216905	0.4931175385598159	44.23786807060242
0.510066401717421	0.5714321719611535	44.277868032455444
0.5101263007259766	0.6166328994007361	44.307868242263794
0.5012550261180239	0.6151917028335555	44.337868213653564
0.4987274398964822	0.616047366100454	44.37786817550659
0.49372947542741047	0.6135930501808705	44.40786814689636
0.48380324428898625	0.6036197243991247	44.43786811828613
0.48016126263166203	0.6114721281805781	44.47786808013916
0.47605188350255306	0.6170539880398226	44.50786805152893
0.4715173929566883	0.6233334732561312	44.53786826133728
