COORDENADA X	 COORDENADA Y	 TEMPO
0.4523121824304819	0.7579845322517811	0.020753860473632812
0.45337692113135636	0.7585503089271926	0.060753822326660156
0.45097913761082087	0.7604492472421865	0.09075379371643066
0.4502479460054691	0.7626266753015943	0.12075400352478027
0.4488066080707317	0.7620255461153601	0.16075396537780762
0.4478013411594366	0.7613060176007579	0.19075393676757812
0.44748057279327874	0.7616484689502142	0.22075390815734863
0.44410793486211253	0.7571487251330462	0.260753870010376
0.3206672270875924	0.7291700055902376	0.2907538414001465
0.3241019240081877	0.7460559961616742	0.320753812789917
0.32445389472646224	0.7471276783874459	0.36075377464294434
0.32462234874336765	0.7491757642274856	0.39075398445129395
0.32509158418252526	0.7499583081558534	0.4307539463043213
0.3249109254747028	0.7519602992145745	0.4607539176940918
0.3241921765662797	0.7536473096258037	0.4907538890838623
0.48027328532543756	0.7602844823341584	0.5607538223266602
0.4842007902142425	0.7720059121926284	0.5907537937164307
0.47981375268416315	0.7841866989096109	0.6207540035247803
0.5164476580052988	0.7806359261193153	0.6607539653778076
0.5714584219587479	0.7848340831043719	0.6907539367675781
0.5702432370466509	0.785578820031672	0.7207539081573486
0.571317870047173	0.7883928410120314	0.760753870010376
0.572417075550354	0.7890279036736523	0.7907538414001465
0.5728552469462811	0.7904526094187971	0.820753812789917
0.30025298966991487	0.6928017458359899	0.890753984451294
0.3040913051789532	0.7064203009364078	0.9207539558410645
0.302113248223601	0.7087897265237619	0.9607539176940918
0.30215486364432464	0.7105615534252472	0.9907538890838623
0.30256011172546404	0.7134111159961302	1.0207538604736328
0.30338118473626324	0.7131013846032469	1.0607538223266602
0.302876311280412	0.715757866316373	1.0907537937164307
0.3025271665639492	0.7182546394490917	1.1207540035247803
0.3478177573831679	0.6813160349673866	1.1607539653778076
0.3565530082189938	0.7017550910720836	1.1907539367675781
0.3550784017937534	0.700708290627865	1.2207539081573486
0.3555402208377569	0.7038566300846495	1.260753870010376
0.3571037264390205	0.7072594541081583	1.2907538414001465
0.35882635682419944	0.7168493883006025	1.320753812789917
0.474636263289882	0.7296736366595782	1.3607537746429443
0.48592440629149347	0.6986716958093852	1.390753984451294
0.48872663012204626	0.703288287366189	1.4207539558410645
0.4914715737816239	0.7037082124972746	1.4607539176940918
0.4944302535175713	0.7058725034565891	1.4907538890838623
0.4942663688566809	0.7143263163300124	1.5207538604736328
0.49435262591221557	0.7110516612676322	1.5607538223266602
0.49598227305460163	0.723109616426407	1.5907537937164307
0.4961833847735724	0.7268274877199236	1.6207540035247803
0.5114526564366185	0.7162957192850246	1.6607539653778076
0.5714429618789281	0.7178469853081411	1.6907539367675781
0.573331068098373	0.7223964957872522	1.7207539081573486
0.570830061453415	0.726023988175039	1.760753870010376
0.5743343182945049	0.7290750827217546	1.7907538414001465
0.5753347719223234	0.7310097211153229	1.820753812789917
0.6432300233357974	0.7277943737738307	1.8607537746429443
0.6441290071212518	0.7400980228583546	1.890753984451294
0.6455718881473721	0.737628149423419	1.9207539558410645
0.6468558761811938	0.7325098522029884	1.9607539176940918
0.6454246019647605	0.725517875754716	1.9907538890838623
0.6449742986004722	0.7220033630830914	2.020753860473633
0.647188183067901	0.7232107462011071	2.06075382232666
0.6474740529642344	0.7248140144651253	2.0907537937164307
0.500902032896222	0.6656522306598057	2.1207540035247803
0.5015140061939628	0.6717975382744918	2.1607539653778076
0.5085482450888226	0.6701146424766891	2.190753936767578
0.49718566836976824	0.6846644314631126	2.2207539081573486
0.4999563569009163	0.681834206101152	2.260753870010376
0.5058386301808122	0.6801771621006956	2.2907538414001465
0.507783483170537	0.6832205228196607	2.320753812789917
0.5315571524642357	0.6708728403999591	2.3607537746429443
0.5685490014578227	0.6784506426618802	2.390753984451294
0.5688021625848163	0.6803912832391827	2.4207539558410645
0.5696650291899658	0.6805442912760374	2.460753917694092
0.568421056634915	0.6797460907928926	2.4907538890838623
0.56661116608796	0.6794195903364704	2.520753860473633
0.5701946470464426	0.6825382225326704	2.56075382232666
0.5912708364555195	0.6814201597025386	2.5907537937164307
0.5894678772204524	0.6815400908551225	2.6207540035247803
0.591706396024296	0.6838445470366169	2.6607539653778076
0.5932501080143735	0.6866837980912232	2.690753936767578
0.5929040096968703	0.6854799927796748	2.7207539081573486
0.5940233240185582	0.6875775917759658	2.760753870010376
0.5948676755316263	0.6910337088955844	2.7907538414001465
0.6495897333549825	0.6811136294810141	2.820753812789917
0.6488484624997326	0.6844939753043838	2.8607537746429443
0.6498891979669676	0.685163651432616	2.890753984451294
0.6495800348198949	0.6871245551914389	2.9207539558410645
0.3264678920935807	0.6050676115815042	2.9907538890838623
0.32890691024621505	0.6173832756046547	3.020753860473633
0.32893174214831516	0.6218220046480591	3.06075382232666
0.3314459887617835	0.6275505667382314	3.0907537937164307
0.333073394959559	0.6327787812506926	3.1207540035247803
0.3331431294511705	0.6346904193002368	3.1607539653778076
0.33660155507347717	0.635582939064659	3.190753936767578
0.3341223351321391	0.6409077197395096	3.2207539081573486
0.33702784033522837	0.6400578343124202	3.260753870010376
0.3376506279703842	0.6416662318275171	3.2907538414001465
0.3380707926537488	0.6415123471156106	3.320753812789917
0.3765396343295422	0.6203857984359998	3.3607537746429443
0.4286178399321632	0.622238295435987	3.390753984451294
0.43003465403114144	0.6214297562557727	3.4207539558410645
0.4310344818312965	0.6230240637724491	3.460753917694092
0.4317442840533666	0.6239659383934918	3.4907538890838623
0.4317783871936259	0.6237300515533064	3.520753860473633
0.4298674697105276	0.6245727953452621	3.56075382232666
0.4307544566923301	0.627288833866112	3.5907537937164307
0.43072947343739654	0.6267519659626885	3.6207540035247803
0.43436517341911773	0.628058368512641	3.6607539653778076
0.48644163188867456	0.6288999914114668	3.690753936767578
0.4850730108552051	0.6291663125180952	3.7207539081573486
0.4857129080862519	0.6310548395310002	3.760753870010376
0.4859504217499886	0.631994688004441	3.7907538414001465
0.48504594866540307	0.6310343284142963	3.820753812789917
0.48543496250466395	0.6321689700127319	3.8607537746429443
0.4850513788262094	0.6332374364533929	3.890753984451294
0.4929747936291529	0.6309231136303054	3.9207539558410645
0.5712007091717569	0.6214614032978473	3.960753917694092
0.5721284980166083	0.6229213682416133	3.9907538890838623
0.5737459521698187	0.6275447027605136	4.020753860473633
0.5743873060508347	0.6292531764745847	4.06075382232666
0.5755947123967379	0.6304242590023637	4.090753793716431
0.5764981001959154	0.632351571328778	4.12075400352478
0.5768326181562636	0.6363054698038478	4.160753965377808
0.5930740550443383	0.6257664603012086	4.190753936767578
0.6580271110103975	0.6024882704051812	4.220753908157349
0.6572690291947767	0.6066328600479447	4.260753870010376
0.6579108757793806	0.6100567114940298	4.2907538414001465
0.6583687184354142	0.6128826253943126	4.320753812789917
0.6580812808680079	0.6146694457935248	4.360753774642944
0.6598078470946313	0.6151584325580198	4.390753984451294
0.6996272023225198	0.6082347389947584	4.4207539558410645
0.6999007356634724	0.6104465950983696	4.460753917694092
0.6995814896274206	0.6119572845758067	4.490753889083862
0.7007294307303497	0.6133292924810276	4.520753860473633
0.7015806247039289	0.6144559996409847	4.56075382232666
0.7002304155012743	0.614318279042352	4.590753793716431
0.7034372036348959	0.6141155592841779	4.62075400352478
0.7155046817609184	0.6160134719911899	4.660753965377808
0.7145646951961034	0.6156594199924281	4.690753936767578
0.7155965265816708	0.6146430895184879	4.720753908157349
0.7141796420279952	0.6166699804412055	4.760753870010376
0.33250877553597236	0.5135844449853153	4.820753812789917
0.333600591482588	0.5251503236675535	4.860753774642944
0.3343893565234441	0.5299982013436828	4.890753984451294
0.3347579133125481	0.5360700010767003	4.9207539558410645
0.33531264911742814	0.5365489557901422	4.960753917694092
0.3031562389911846	0.538646397267037	4.990753889083862
0.30290538223918695	0.5418293227137937	5.020753860473633
0.3030137326128336	0.5447189436682494	5.06075382232666
0.30353031902386274	0.5478305678128603	5.090753793716431
0.3035558635363515	0.5493112416687533	5.12075400352478
0.30358676594719614	0.5517772453741481	5.160753965377808
0.30468117033193765	0.5527737034932436	5.190753936767578
0.3591395025758748	0.5441101925428388	5.220753908157349
0.364711471538325	0.5496106747045302	5.260753870010376
0.36606936786794675	0.5510982385705353	5.2907538414001465
0.3665521756857603	0.5527731870112478	5.320753812789917
0.36713628319102704	0.554643584326217	5.360753774642944
0.36744632986320125	0.5561661487862637	5.390753984451294
0.36778248697315186	0.5574996552106923	5.4207539558410645
0.36775263521113705	0.5576107655920194	5.460753917694092
0.4326728454909271	0.5417414992100197	5.490753889083862
0.43463249867430914	0.5448164424343053	5.520753860473633
0.4363446902577648	0.5494191416176867	5.56075382232666
0.43768883011622295	0.5512897438990276	5.590753793716431
0.4378416069751988	0.5520434377099386	5.62075400352478
0.43804154836663556	0.5525308682088483	5.660753965377808
0.4371082916771583	0.552706349931478	5.690753936767578
0.4389821297433026	0.554549118482519	5.720753908157349
0.4743326043911053	0.5463462811032792	5.760753870010376
0.4745764172243062	0.5466546697173136	5.7907538414001465
0.4741951084404904	0.547776951928608	5.830753803253174
0.4736917289028839	0.5481089504665883	5.860753774642944
0.5007086344438768	0.5429583736709392	5.890753984451294
0.5201002000420918	0.542271131741621	5.930753946304321
0.5203283190395663	0.544589226992159	5.960753917694092
0.5207769224751436	0.5466353148183373	5.990753889083862
0.5202992551091732	0.5464327272251643	6.020753860473633
0.5188060155957082	0.546646525261389	6.06075382232666
0.5186844586022248	0.547252701332237	6.090753793716431
0.5183768859673636	0.5474004770881145	6.12075400352478
0.5175580665734218	0.5472989858811135	6.160753965377808
0.5174969075985199	0.5505250655573082	6.190753936767578
0.5191784500276583	0.5533417971995546	6.220753908157349
0.5697833221265998	0.5406386819579531	6.260753870010376
0.5698041144829734	0.5431457554156253	6.2907538414001465
0.5698285826932658	0.5443317935145593	6.320753812789917
0.5695142228628773	0.5445191538450116	6.360753774642944
0.5691507761577244	0.545252008379335	6.390753984451294
0.5693276415442742	0.5467059002952842	6.4207539558410645
0.5683780911707957	0.5479201973417804	6.460753917694092
0.5680662553416296	0.5508589665591521	6.490753889083862
0.5688561946311809	0.5491362664375072	6.520753860473633
0.6278219389689105	0.4964484065335368	6.56075382232666
0.6281602865920065	0.49933087894404415	6.590753793716431
0.6266747343438603	0.500099444292619	6.62075400352478
0.6272337143594588	0.500409781100338	6.660753965377808
0.6281324837214108	0.501614078785561	6.690753936767578
0.6730715644294031	0.5124465576676273	6.720753908157349
0.6748586495179723	0.5119883695922933	6.760753870010376
0.6769209273329849	0.5189931344023014	6.7907538414001465
0.6807592463036297	0.5217167742175136	6.820753812789917
0.7162624185674298	0.522157139939634	6.860753774642944
0.7160203900632012	0.522958030934777	6.890753984451294
0.7142815391603115	0.5225271829162368	6.9207539558410645
0.7144935757545438	0.5239562694985724	6.960753917694092
0.71642927761393	0.5265772696202725	6.990753889083862
0.7174641557204101	0.5273828516154383	7.020753860473633
0.7183291759981894	0.525305240772219	7.06075382232666
0.3602421662823109	0.44029917526265533	7.12075400352478
0.36155629152107	0.4533722618859564	7.160753965377808
0.36079555443467326	0.458615965070483	7.190753936767578
0.3605823446222248	0.4647212584102968	7.220753908157349
0.36240123622843995	0.47267988402273714	7.260753870010376
0.2974891358343306	0.4575244984347695	7.2907538414001465
0.29611604072189796	0.4614362573532285	7.320753812789917
0.2964944567855389	0.4682825422886724	7.360753774642944
0.2968677347051656	0.47279629434847936	7.390753984451294
0.29775261727122765	0.4752439189178905	7.4207539558410645
0.29647331716108044	0.47898934817300404	7.460753917694092
0.29746156169015847	0.47912206579316924	7.490753889083862
0.4305168816049845	0.4436827098924272	7.520753860473633
0.43147325059592095	0.4474643208192912	7.56075382232666
0.4340909812044741	0.45370468991497026	7.590753793716431
0.43518019305422406	0.45952440225682845	7.62075400352478
0.4365756907206036	0.4622694702823994	7.660753965377808
0.4382133182028945	0.46522515487315136	7.690753936767578
0.4397393250053422	0.46491759860962256	7.720753908157349
0.4389078071517373	0.4674960886887295	7.760753870010376
0.4402785160324544	0.4648404464415144	7.7907538414001465
0.4484544633344319	0.4587132468887669	7.820753812789917
0.48814932074451844	0.4313807796316624	7.860753774642944
0.4891612085287951	0.4296387055136757	7.890753984451294
0.48874124004010233	0.43166032929434767	7.9207539558410645
0.48927053212641064	0.4304964119987957	7.960753917694092
0.4898258301499523	0.4305170762374753	7.990753889083862
0.4908429170892826	0.43047633520362416	8.020753860473633
0.4904610911130895	0.43161820693522773	8.06075382232666
0.41934997651998834	0.41937345506155904	8.09075379371643
0.4236411343829522	0.41955032540724135	8.12075400352478
0.4243671798178959	0.42193595844332754	8.160753965377808
0.42546461146176845	0.4246304255568881	8.190753936767578
0.42644025409560543	0.425823313782529	8.220753908157349
0.4271105973671694	0.42976515158408146	8.260753870010376
0.4271401809967519	0.42931826992499217	8.290753841400146
0.4405397144194087	0.42076248502963093	8.320753812789917
0.5245392526216754	0.413270380392065	8.360753774642944
0.6294686768748873	0.39046199005900395	8.390753984451294
0.6324836597917881	0.39206215084116675	8.420753955841064
0.6357640207418791	0.39968442943811017	8.460753917694092
0.6394514086609892	0.4047024707474839	8.490753889083862
0.641443892954962	0.40973236746569497	8.520753860473633
0.6484358725455164	0.4229925147387466	8.56075382232666
0.6494081113432716	0.42517255222245715	8.59075379371643
0.6519419716852061	0.4259204201827085	8.62075400352478
0.6727410007043036	0.4393008056231936	8.660753965377808
0.6719995506893096	0.439604721137141	8.690753936767578
0.6713870389064366	0.4403789336571443	8.720753908157349
0.6712110740214858	0.4391874965457801	8.760753870010376
0.6716272564363068	0.4399408122629709	8.790753841400146
0.6703840920213628	0.4405866631249608	8.820753812789917
0.36529732004699356	0.34823295911883334	8.890753984451294
0.366556383024428	0.3647540584433819	8.920753955841064
0.3669269879146894	0.3688320959670454	8.960753917694092
0.3224320498267584	0.36939743294660954	8.990753889083862
0.32814796808669683	0.3769301580844196	9.020753860473633
0.3287100669549004	0.3807762511098139	9.06075382232666
0.32857752911213134	0.383854749675057	9.09075379371643
0.33028566826602435	0.38549294666847295	9.12075400352478
0.32702396962896996	0.38286995453527894	9.160753965377808
0.3110404725091333	0.3896585067686028	9.190753936767578
0.3094327322735306	0.390567479565838	9.220753908157349
0.31008322808879407	0.39279623877145164	9.260753870010376
0.30967356719973066	0.39555243259332507	9.290753841400146
0.3095936889974783	0.39519575129981926	9.320753812789917
0.34880559703203745	0.3924559223296662	9.360753774642944
0.3501287232121095	0.3951884156949153	9.390753984451294
0.35079317359001577	0.3974281502908224	9.420753955841064
0.3510954911535376	0.3973777164467146	9.460753917694092
0.3511101127063593	0.39891888948279014	9.490753889083862
0.350902054164551	0.39871095553259583	9.520753860473633
0.3513540442679947	0.4011832000593482	9.56075382232666
0.3534548038081587	0.4038543373635118	9.59075379371643
0.509050708835245	0.3959196666298796	9.660753965377808
0.5128427551947737	0.3995628780453687	9.690753936767578
0.5162586105976664	0.40382693353018306	9.720753908157349
0.5196372475355725	0.40786592528678417	9.760753870010376
0.5310410296279993	0.4002805085751427	9.790753841400146
0.6712900940393092	0.3553774391511812	9.820753812789917
0.6751314970664196	0.3603756258557669	9.860753774642944
0.6786899929544921	0.3664197202899238	9.890753984451294
0.6822285995816753	0.3720611223186819	9.920753955841064
0.6845047759527013	0.3777482300459874	9.960753917694092
0.6866234638347885	0.38290507099439164	9.990753889083862
0.6897464023917392	0.38636070831766345	10.020753860473633
0.7216153872351108	0.39855774329733207	10.06075382232666
0.7210833823412283	0.40117627929194183	10.09075379371643
0.7223554648133342	0.40084047679166107	10.12075400352478
0.7214186025585702	0.40476348647655985	10.160753965377808
0.7220035932483723	0.4054095758311799	10.190753936767578
0.7212928498403446	0.40482920261372524	10.220753908157349
0.3707945182968359	0.3249453636291861	10.290753841400146
0.3719064145962774	0.3316464340247671	10.320753812789917
0.37298918874514025	0.33959319977055563	10.360753774642944
0.3733762826440851	0.3449484227955521	10.390753984451294
0.37391788946880944	0.34974392581635216	10.420753955841064
0.32925992098697787	0.3674980424157066	10.490753889083862
0.3282963980167124	0.36959111226999447	10.53075385093689
0.32715058291843485	0.37290213082881496	10.56075382232666
0.3266672875147946	0.3752143645761126	10.59075379371643
0.32680839805769923	0.3770373501692808	10.62075400352478
0.32688256652291564	0.38173996568880664	10.660753965377808
0.6111962248864721	0.2522544737802477	10.760753870010376
0.615034647249036	0.258622791787138	10.790753841400146
0.6170770884198189	0.26858734259600153	10.820753812789917
0.6191362397121678	0.2754582776641414	10.860753774642944
0.6202617665145245	0.28069549463331267	10.890753984451294
0.6216919510574285	0.28220045903948776	10.920753955841064
0.6186788532795651	0.28472880135571027	10.960753917694092
0.387864914967657	0.3250471448456575	11.020753860473633
0.387405399186538	0.3302302838790141	11.06075382232666
0.3887024165854759	0.3367321921463049	11.09075379371643
0.39053624416265215	0.3418949060794526	11.12075400352478
0.3914651924835964	0.3457837286774091	11.160753965377808
0.4363849101772615	0.3435885531284444	11.190753936767578
0.4371759905798124	0.3478960720917739	11.220753908157349
0.4394147296856596	0.3499067753879764	11.260753870010376
0.4409804209642012	0.3516322480571023	11.290753841400146
0.44150582303863223	0.3547617575021573	11.320753812789917
0.5216489839672405	0.3190721970073727	11.360753774642944
0.5240451756343246	0.33371770992382477	11.390753984451294
0.5257233582231863	0.3357200395662385	11.420753955841064
0.5955068481760951	0.28250995941571033	11.460753917694092
0.6133122915263993	0.29084041063802113	11.490753889083862
0.6172793742291957	0.2889158737499314	11.520753860473633
0.6192809710920123	0.2942085467068923	11.56075382232666
0.6188859644208671	0.29872826357538923	11.59075379371643
0.6189227923901115	0.3023679116510117	11.62075400352478
0.6196101702132161	0.30137101246307907	11.660753965377808
0.6206006405231462	0.30519630584304924	11.690753936767578
0.670611580678707	0.27683215398805155	11.720753908157349
0.6706492227895272	0.28266021653598467	11.760753870010376
0.6709325245780028	0.2857438029056385	11.790753841400146
0.6708333735351163	0.28634594315311307	11.820753812789917
0.6711984277880174	0.2866943995339542	11.860753774642944
0.6691908605740075	0.28524190918689013	11.890753984451294
0.6683190460697762	0.2847218122394208	11.920753955841064
0.6676466748455252	0.28579708560660255	11.960753917694092
0.6678300535292472	0.28748605488475865	11.990753889083862
0.6704351581843692	0.28694292597362253	12.020753860473633
0.7124023687753216	0.27976772180461557	12.06075382232666
0.7120479958184586	0.28131942661347514	12.09075379371643
0.7114288373792488	0.28260741182463367	12.12075400352478
0.7091120162574935	0.2827082113767277	12.160753965377808
0.3575282930840473	0.2074022723696506	12.220753908157349
0.35767576327598827	0.21790027780707474	12.260753870010376
0.3585468187600259	0.22072431496155584	12.290753841400146
0.35897843053988904	0.22803125039137795	12.320753812789917
0.3607589186681716	0.23291018675074637	12.360753774642944
0.36041912240644247	0.2342555692990026	12.390753984451294
0.3607219680955086	0.23637964130884445	12.420753955841064
0.3611729866810223	0.23721894335290797	12.460753917694092
0.361687951739009	0.23770677572925464	12.490753889083862
0.36162547085219104	0.24085597396142275	12.520753860473633
0.3619681601580441	0.24170099523952476	12.56075382232666
0.36189956308607024	0.2424034489939927	12.59075379371643
0.36268291262701946	0.24365827842909593	12.62075400352478
0.3616894003473495	0.24558779037696798	12.660753965377808
0.3625585087446383	0.24585266674325842	12.690753936767578
0.36172880190370454	0.24425275875843408	12.720753908157349
0.3250802487337868	0.23950442867849459	12.760753870010376
0.3255142591584587	0.24485187347578355	12.790753841400146
0.3257604650848938	0.24578732420871585	12.820753812789917
0.32583321822650246	0.24736220002905943	12.860753774642944
0.3266598056256605	0.24979186310404589	12.890753984451294
0.3271425190522736	0.25202361756193803	12.920753955841064
0.3274689113986177	0.25369009898001293	12.960753917694092
0.3276633956609912	0.25499220375608994	12.990753889083862
0.3277252832182843	0.25584781055340977	13.020753860473633
0.3276030055880338	0.256825947357294	13.06075382232666
0.5351394368495485	0.6288483162664287	13.160753965377808
0.5362496033457513	0.6357348809471389	13.190753936767578
0.5369665961752984	0.6463613639461339	13.220753908157349
