COORDENADA X	 COORDENADA Y	 TEMPO
0.19225174676492218	0.6822497915987851	0.009345531463623047
0.19098442622444392	0.682091435598657	0.039345502853393555
0.18985407995793832	0.6835253848752799	0.0793454647064209
0.1896053523339385	0.6844357239651627	0.1093454360961914
0.1899633541654197	0.6852745527444145	0.13934540748596191
0.18969837562285832	0.6869986654151005	0.17934536933898926
0.18647143496642166	0.6845026546107187	0.20934557914733887
0.1873485001346084	0.6848033115738119	0.23934555053710938
0.21971772799870964	0.7067985461830792	0.2793455123901367
0.22554846060943598	0.7059236870669328	0.3093454837799072
0.22946274448046372	0.7072899433484453	0.33934545516967773
0.23299295569372447	0.710349821091462	0.3793454170227051
0.23354105785691065	0.7111515390375557	0.4093453884124756
0.2337709258409392	0.7085586537955877	0.4393453598022461
0.23297766503371492	0.7091940383938574	0.47934556007385254
0.23109747198325847	0.7011020582051318	0.509345531463623
0.22939012336040704	0.7021782017687966	0.5393455028533936
0.1989654085752558	0.6900175835695318	0.5793454647064209
0.19794238994433408	0.6908822929308571	0.6093454360961914
0.1964626698340125	0.6847467522797072	0.6393454074859619
0.19574006713290057	0.6936007939938452	0.6793453693389893
0.19794410221283232	0.6863185126183672	0.7093455791473389
0.1989324699084286	0.6869084404760396	0.7393455505371094
0.19827516920964122	0.6888055808745448	0.7793455123901367
0.1997677023801095	0.69060545614263	0.8093454837799072
0.20370625502902145	0.6940748154065791	0.8393454551696777
0.21962241548649325	0.6765886769070865	0.8793454170227051
0.3526259375877051	0.7071845034216023	1.009345531463623
0.3355478105947797	0.6675511588980909	1.0393455028533936
0.33887916599498147	0.6835788064138533	1.079345464706421
0.32961674604740726	0.6860773799558424	1.1093454360961914
0.32881940170391605	0.6858098772834557	1.139345407485962
0.3339713620489842	0.681173516709358	1.1793453693389893
0.38598362785317014	0.6656717065548545	1.2093455791473389
0.39169203759959814	0.6603069005652212	1.2393455505371094
0.39032813830693375	0.6627211378357212	1.2793455123901367
0.3873027694119463	0.6642243667852913	1.3093454837799072
0.38563997059949623	0.6642136692598365	1.3393454551696777
0.38227660345365927	0.6667198491038279	1.379345417022705
0.37793812746442246	0.6732710243570783	1.4093453884124756
0.3762171684306854	0.6769418720911233	1.439345359802246
0.37493114154712465	0.6808692943570481	1.4793455600738525
0.3744094261175144	0.6822206333166604	1.509345531463623
0.39875572947898663	0.6853693323714756	1.5493454933166504
0.4005776356734043	0.687824113164677	1.579345464706421
0.4014575972654264	0.6881019203865066	1.6093454360961914
0.4018770320678261	0.6901518129941233	1.639345407485962
0.40180500825022797	0.6897983667008217	1.6793453693389893
0.40522272144249744	0.6880517713526408	1.7093455791473389
0.4667968571455936	0.6847706576028116	1.7493455410003662
0.47030314202558987	0.6824227929603645	1.7793455123901367
0.47073280992931205	0.6858854725636991	1.8093454837799072
0.46974979786408666	0.6879188194722459	1.8393454551696777
0.46956523276960005	0.6893924930971947	1.879345417022705
0.46812590628071993	0.6970179800393019	1.9093453884124756
0.46706617536272865	0.6991016096003418	1.949345350265503
0.4629203714440238	0.6972469726767266	1.9793455600738525
0.45609604432098866	0.6967918667093953	2.009345531463623
0.4525979539344162	0.6990763972140027	2.0493454933166504
0.4489060100461407	0.7057977590630055	2.079345464706421
0.4478934819811985	0.7071868208605624	2.1093454360961914
0.44694589404863166	0.7099569003550971	2.1493453979492188
0.44680682823762125	0.7096842124816743	2.1793453693389893
0.4475406552942088	0.7117864259932001	2.209345579147339
0.44876793482036376	0.7142760247183798	2.249345541000366
0.4474919913464209	0.7125992157865747	2.2793455123901367
0.4442508867915041	0.7140573953617391	2.3093454837799072
0.278229740631318	0.7296171078518582	2.3493454456329346
0.2566519670805931	0.7355766409094188	2.379345417022705
0.25503034403808184	0.7329034623582502	2.4093453884124756
0.25476219957507773	0.737509935363077	2.449345350265503
0.25346514702899237	0.7405719248215404	2.4793455600738525
0.2532008771038619	0.7418170173267412	2.509345531463623
0.251165070292486	0.7417189996123951	2.5493454933166504
0.24976903869901007	0.7456420713823078	2.579345464706421
0.21389997357596305	0.7484695534208767	2.6093454360961914
0.21506254032869945	0.7441685839338714	2.6493453979492188
0.21338583124068558	0.7414759223503807	2.6793453693389893
0.211704910662407	0.7366981981771644	2.709345579147339
0.22340560074306928	0.7324179187163066	2.749345541000366
0.34328961522106277	0.7146637277898533	2.7793455123901367
0.350734049541641	0.7043389013467697	2.8093454837799072
0.3479870453903876	0.7006841368296661	2.8493454456329346
0.34575091887097065	0.6979800279639654	2.879345417022705
0.3456937514595099	0.7027522446430172	2.9093453884124756
0.34298856037514164	0.6995553045606211	2.949345350265503
0.33525828189405676	0.6973415474768593	2.9793455600738525
0.32797548529708637	0.6995500265896479	3.009345531463623
0.32665222167553964	0.6996727693086306	3.0493454933166504
0.3261286618782506	0.6968646977992037	3.079345464706421
0.3249166155317159	0.696151534250044	3.1093454360961914
0.43495708542286576	0.6755929468116251	3.1793453693389893
0.43673565826018995	0.6741424106713616	3.209345579147339
0.43560180927552417	0.6767337620733662	3.249345541000366
0.4336127136747596	0.6732244118011694	3.2793455123901367
0.4335091310202816	0.674449722126409	3.3093454837799072
0.4320605304365047	0.6736591638219156	3.3493454456329346
0.4378858512145566	0.67408521341366	3.379345417022705
0.5060719309698549	0.6691727243271766	3.4093453884124756
0.5064694806107073	0.6699477291727212	3.449345350265503
0.5066653341181984	0.6716726258663177	3.4793455600738525
0.5071785664333387	0.6729526908725164	3.509345531463623
0.5094502536639532	0.6716496754639785	3.5493454933166504
0.5005376769258395	0.6695842335641851	3.579345464706421
0.5049446272278204	0.6662447003829526	3.6093454360961914
0.5419216451711615	0.6604527085129022	3.6493453979492188
0.5710598948584593	0.6557029137685314	3.6793453693389893
0.5736128919559491	0.6524650761259544	3.709345579147339
0.5726416730632949	0.6529116247715736	3.749345541000366
0.5689404890459961	0.6521967166274841	3.7793455123901367
0.5687149517442319	0.6518974629274128	3.8093454837799072
0.5681336534265999	0.6530314763478605	3.8493454456329346
0.5675515331628807	0.6592498243686348	3.879345417022705
0.5678031130210985	0.6510291489467673	3.9093453884124756
0.5709074998659452	0.6544410427899302	3.949345350265503
0.6391164721421068	0.6412141512249179	3.9793455600738525
0.6414135722344624	0.6434408843832738	4.009345531463623
0.6407722289481678	0.6447503508647414	4.04934549331665
0.6427226089991681	0.6449566295845452	4.079345464706421
0.6411997978203446	0.6455261022622022	4.109345436096191
0.6401223864764979	0.644659467112858	4.149345397949219
0.6389421179577205	0.6452487934135441	4.179345369338989
0.6377658022876981	0.6453321383563391	4.209345579147339
0.6744126924408479	0.6458369798740672	4.249345541000366
0.6818962298285116	0.6459057335400011	4.279345512390137
0.6834866104992491	0.6477082955322425	4.309345483779907
0.6828301311594855	0.6468028520895023	4.349345445632935
0.6828693768318846	0.6462104533724943	4.379345417022705
0.6823707454684811	0.6466357241293434	4.409345388412476
0.2627818743975613	0.7639865695628644	4.4793455600738525
0.25198406983090904	0.6519341157386829	4.509345531463623
0.2566619512755153	0.652811078481131	4.54934549331665
0.26042342379096933	0.651074134710125	4.579345464706421
0.2602769707150215	0.6551683607285913	4.609345436096191
0.240675307842315	0.6610202115532263	4.649345397949219
0.21748348502422032	0.6573370511833789	4.679345369338989
0.21671427146053104	0.6543925403484585	4.709345579147339
0.21542723178950104	0.6602502630145185	4.749345541000366
0.21621182234968284	0.667217429563884	4.779345512390137
0.21469108488871932	0.6686825081257443	4.809345483779907
0.2141329244938937	0.6731978298032809	4.849345445632935
0.21335557848192246	0.6734513345023104	4.879345417022705
0.21251141714587418	0.674729998893304	4.909345388412476
0.21348057782515414	0.672180140401819	4.949345350265503
0.2594680318561066	0.6578229304515159	4.9793455600738525
0.2907644018622851	0.6574514485982822	5.009345531463623
0.29191992613821116	0.6565682661151466	5.04934549331665
0.2885318535113176	0.6599327401783235	5.079345464706421
0.2866078953010727	0.6606480414825799	5.109345436096191
0.2854298976543337	0.6624350024662004	5.149345397949219
0.2915094989014331	0.6578205234312042	5.179345369338989
0.2939395838915431	0.6574191018901577	5.209345579147339
0.2946518997156606	0.658341564070526	5.249345541000366
0.29643147953453025	0.6592784608745472	5.279345512390137
0.297718495032273	0.6610113893402276	5.309345483779907
0.30217272537006834	0.6613217147824614	5.349345445632935
0.3370899823418402	0.736305434405138	5.509345531463623
0.32980062008068906	0.7029106364125356	5.54934549331665
0.3220410712035747	0.6901894720141196	5.579345464706421
0.32081183120623546	0.6879987538061656	5.609345436096191
0.31669106841906647	0.6852313973023789	5.649345397949219
0.3215192480941348	0.6811031435578597	5.679345369338989
0.34674910075342463	0.6852354670242905	5.709345579147339
0.34714318935632643	0.6812926801591733	5.749345541000366
0.3450443607502795	0.6816864007522044	5.779345512390137
0.3433759923520218	0.6820038705401553	5.809345483779907
0.340367701431059	0.6850184364027836	5.849345445632935
0.33862847729931184	0.6874393530001729	5.879345417022705
0.37045708238055386	0.6849190963752149	5.909345388412476
0.4021296249456767	0.682903346418411	5.949345350265503
0.4029132294784135	0.6827623293431501	5.9793455600738525
0.400550579201684	0.6827357212297893	6.009345531463623
0.39907712358669356	0.6849704753507974	6.04934549331665
0.3977503930554167	0.687277003345328	6.079345464706421
0.3972870976886535	0.6874911885614409	6.109345436096191
0.39258430559797475	0.6878077804878941	6.149345397949219
0.3840978828806292	0.6868546926342733	6.179345369338989
0.38128188848777506	0.6864275648767881	6.209345579147339
0.37945017546755544	0.6880208535221334	6.249345541000366
0.37878178620006175	0.6871515428733327	6.279345512390137
0.37920946930986316	0.6878034111016159	6.309345483779907
0.37847795441117943	0.6833733968273651	6.349345445632935
0.37900116402093526	0.6840461098047245	6.379345417022705
0.4048730137406214	0.6757815720086764	6.409345388412476
0.42357197527283186	0.6704765422959706	6.449345350265503
0.42365600559281047	0.67208936963422	6.4793455600738525
0.4241036332345746	0.6728378649746644	6.509345531463623
0.42194933922129074	0.674328857248589	6.54934549331665
0.4212957511854773	0.6743357362717497	6.579345464706421
0.3869377447497544	0.6790095945248523	6.609345436096191
0.37622634869472127	0.681314264961404	6.649345397949219
0.3763364755227083	0.6805991787914425	6.679345369338989
0.3749292239795995	0.6850467811996453	6.709345579147339
0.372330593071241	0.6902532300547598	6.749345541000366
0.37136091600277693	0.6894312997849825	6.779345512390137
0.3690667948519005	0.6927856204544959	6.809345483779907
0.36912717365745973	0.6952162145606643	6.849345445632935
0.364776688149278	0.6975808247943608	6.879345417022705
0.3463857654372931	0.7076077980088197	6.909345388412476
0.34663335259316935	0.7070243695163124	6.949345350265503
0.34523262034964086	0.7093650222819028	6.9793455600738525
0.34324109778716294	0.712661100762245	7.009345531463623
0.3430878546129349	0.7141950814291235	7.04934549331665
0.34226015792535625	0.713945703748361	7.079345464706421
0.3408035644636705	0.714220466559809	7.109345436096191
0.34058564363427263	0.71543915404941	7.149345397949219
0.3393974910817476	0.716315038000511	7.179345369338989
0.3399513769024666	0.7150697446058434	7.209345579147339
0.33878072533399933	0.7137685023778517	7.249345541000366
0.3380564137238763	0.7141625784016573	7.279345512390137
0.3387141348366946	0.713727262988997	7.309345483779907
0.34252777775586085	0.7098836139722879	7.349345445632935
0.38363840692325807	0.6984496016904957	7.379345417022705
0.3864048755368965	0.6964874549258419	7.409345388412476
0.38675968411182	0.6969170270447332	7.449345350265503
0.38689429024932087	0.6984801458054068	7.4793455600738525
0.3864420411561433	0.6971267250165878	7.509345531463623
0.37552930241532845	0.6940143477722778	7.54934549331665
0.3692808273699395	0.6935926123269612	7.579345464706421
0.367878188731489	0.6940925516051706	7.609345436096191
0.3680848508506124	0.6920485348624592	7.649345397949219
0.3677552521621783	0.689346553865928	7.679345369338989
0.36752208305477624	0.6908922986030263	7.709345579147339
0.3659840676089671	0.6902759309391477	7.749345541000366
0.3664845348482196	0.6897506608977878	7.779345512390137
0.3658707229582085	0.6897816844666521	7.809345483779907
0.36649380238582324	0.6881646207783584	7.849345445632935
0.36707335468715163	0.6881002709690726	7.879345417022705
0.3684809957596652	0.6868749622549066	7.909345388412476
0.40272293907561096	0.6871122248819526	7.949345350265503
0.40793574887450207	0.6839872377588538	7.9793455600738525
0.41076967662526287	0.6877186882274681	8.009345531463623
0.41154869014638057	0.6870239928295796	8.04934549331665
0.41071776512108304	0.6878943900379364	8.079345464706421
0.41524399178909793	0.6846523410163249	8.109345436096191
0.46530722688438236	0.6708978625364276	8.149345397949219
0.4670317130109589	0.6715449162189456	8.17934536933899
0.46528842541426874	0.6723651476342435	8.209345579147339
0.4638307664027716	0.6718602595658789	8.249345541000366
0.46180733292748793	0.6734481569160965	8.279345512390137
0.46183181037094295	0.6716764127607026	8.309345483779907
0.46076482343246067	0.6689367741015032	8.349345445632935
0.46019393460275393	0.6726839620732099	8.379345417022705
0.45975814315505975	0.6711840277042038	8.409345388412476
0.45998042926569765	0.6702761494338709	8.449345350265503
0.5160870143456762	0.6625848761274753	8.479345560073853
0.5304595108014476	0.655236023478411	8.51934552192688
0.5309353589815932	0.6531100888367517	8.54934549331665
0.5282416580957053	0.6533405860861452	8.579345464706421
0.5269842716861521	0.6533641731866248	8.609345436096191
0.5277088365113485	0.65225804487382	8.649345397949219
0.5277696079731823	0.6509624291763147	8.67934536933899
0.526815007407067	0.6510306993359725	8.709345579147339
0.5182936087503921	0.6498624657404704	8.749345541000366
0.5133480651155594	0.6503017094149242	8.779345512390137
0.5125782084803568	0.6507694205427443	8.809345483779907
0.5134044794989994	0.6523754604686033	8.849345445632935
0.5146663877989701	0.6534600973636757	8.879345417022705
0.5147279167676081	0.6526321188368158	8.909345388412476
0.5144317768420424	0.6555034521089226	8.949345350265503
0.5138371704898144	0.6563960723756969	8.979345560073853
0.5133996806745724	0.6570732199771284	9.009345531463623
0.5128674578995298	0.6571945163463844	9.04934549331665
0.5132375094367992	0.6584623984610628	9.079345464706421
0.5129290285192201	0.6561182422738374	9.109345436096191
0.5124025730796335	0.6533691076400527	9.149345397949219
0.512580200471059	0.6542262371347471	9.17934536933899
0.5133730344000544	0.654559299743085	9.209345579147339
0.5131860335893125	0.6544127091377901	9.249345541000366
0.5120959672309454	0.6566499138022639	9.279345512390137
0.5103705115857975	0.6551082093065649	9.309345483779907
0.5105295249030871	0.6560294000420169	9.349345445632935
0.5101277186672797	0.6559104576152283	9.379345417022705
0.509620426036232	0.6564401922307003	9.409345388412476
0.5111182837982441	0.6567399392777354	9.449345350265503
0.5089483750970939	0.6569106151756005	9.479345560073853
0.49363879564011365	0.6713100889884487	9.509345531463623
0.49180192819196794	0.6667917128787086	9.54934549331665
0.4910951119721288	0.6697642280073592	9.579345464706421
0.4918129311283899	0.6708232680322552	9.609345436096191
0.49179738804224193	0.6714924031454322	9.649345397949219
0.49051279299375417	0.672513229950768	9.67934536933899
0.49107964772767454	0.6721372769912872	9.709345579147339
0.4907641845265846	0.6717476482826058	9.749345541000366
0.49068052570811593	0.6712499021493655	9.779345512390137
0.4918719855905697	0.6699184425230329	9.809345483779907
0.4907960730380847	0.6693322183548688	9.849345445632935
0.5383016549010406	0.6657812883010067	9.879345417022705
0.5453155313162072	0.6561832079988469	9.909345388412476
0.546912182670687	0.6547490536458225	9.949345350265503
0.5465751964637361	0.6552548363446191	9.979345560073853
0.546704587575618	0.6539513869146399	10.009345531463623
0.5463446183773052	0.6540753588423039	10.04934549331665
0.5500557484448328	0.6527712747311831	10.079345464706421
0.6236639781346489	0.6384961278065412	10.109345436096191
0.6282868450451699	0.6396811772331529	10.149345397949219
0.627871034141868	0.6362299785491644	10.17934536933899
0.6286629788045801	0.6372415440113555	10.209345579147339
0.627286107478285	0.6373639685643555	10.249345541000366
0.6276384535453624	0.6354402595453463	10.279345512390137
0.6268812272466993	0.6345871604747145	10.309345483779907
0.6259492164251279	0.6332499247432026	10.349345445632935
0.6289828802113756	0.6319514893880633	10.379345417022705
0.6554879511768793	0.6237347588979204	10.409345388412476
0.6564707541777288	0.6227124939081454	10.449345350265503
0.6565591000232119	0.621834740996722	10.479345560073853
0.6577369914975021	0.6198002848598719	10.509345531463623
0.6563034764611533	0.621118994794847	10.54934549331665
0.656826247171501	0.6217073637195139	10.579345464706421
0.6567247284057679	0.6230640256183219	10.609345436096191
0.6450191063819745	0.6217699547140974	10.649345397949219
0.6405184919350874	0.6258099820158063	10.67934536933899
0.637189778993957	0.6266119034567884	10.709345579147339
0.6361456281501491	0.6250240578688974	10.749345541000366
0.6335001135169215	0.626110718911448	10.779345512390137
0.631320943528614	0.6240850296154005	10.809345483779907
0.6303813785036537	0.6261839688241702	10.849345445632935
0.6293306927238145	0.6266585614836766	10.879345417022705
0.6508663394504935	0.6220489229234887	10.909345388412476
0.6717548582521019	0.6209773010030213	10.949345350265503
0.6723024065589129	0.616974284035876	10.979345560073853
0.6730625284674393	0.6199673075113016	11.009345531463623
0.6724538587334407	0.6223176652419553	11.04934549331665
0.6705769559839779	0.6222171039367833	11.079345464706421
0.6704539429344093	0.6212700140050514	11.109345436096191
0.6900070901759929	0.6205436820256212	11.149345397949219
0.6937437160160002	0.6212532944588333	11.17934536933899
0.6953103547769294	0.62087012947084	11.209345579147339
0.6941484171191933	0.6241142318461168	11.249345541000366
0.6916010441028551	0.6251391771004364	11.279345512390137
0.6911517970469576	0.6275302236386401	11.309345483779907
0.6865275629083919	0.6288138605163337	11.349345445632935
0.6515377538991604	0.6353702871299335	11.379345417022705
0.6474963283405418	0.6402407090931339	11.409345388412476
0.6453901851063594	0.6374144709938181	11.449345350265503
0.6444734660970395	0.6400123133840842	11.479345560073853
0.6442004243140699	0.640523499617544	11.509345531463623
0.6444699104198441	0.640383861863817	11.54934549331665
0.6434216120271048	0.6417993665191017	11.579345464706421
0.6483495280814633	0.6422316992744848	11.609345436096191
0.6860260504545131	0.6441845699393127	11.649345397949219
0.685599718380255	0.646891953149237	11.67934536933899
0.6853502025374427	0.647962676213981	11.709345579147339
0.6844319443014278	0.6493895796711319	11.749345541000366
0.6838849949129856	0.6499652664714304	11.779345512390137
0.6822516448677475	0.6529561777659474	11.809345483779907
0.237741488984225	0.658217307207674	11.879345417022705
0.21784820052290518	0.6564266867414082	11.909345388412476
0.22107181726897743	0.6581288930702571	11.949345350265503
0.22205661949187155	0.6569189267664869	11.979345560073853
0.2231379117594096	0.6620499767921164	12.009345531463623
0.22252108876036886	0.6668463331069848	12.04934549331665
0.22125715160752737	0.6682797632377143	12.079345464706421
0.187587276357587	0.6697500907596836	12.109345436096191
0.18578849644755105	0.6675603273808398	12.149345397949219
0.18544620284915506	0.6682114318520229	12.17934536933899
0.18484056756937262	0.6692611495015284	12.209345579147339
0.18535016414504174	0.6677744657063802	12.249345541000366
0.18440653954745892	0.6684819901845795	12.279345512390137
0.1828921060404352	0.6703830735022854	12.309345483779907
0.182060281470439	0.6696873017202875	12.349345445632935
0.18377604822516008	0.6710505661725935	12.379345417022705
0.18237855413697274	0.6705975076990016	12.409345388412476
0.18285290692720008	0.6695316312407882	12.449345350265503
0.1821307117099181	0.6683123520755646	12.479345560073853
0.18303740840437513	0.6668883466820045	12.509345531463623
0.1812182743244305	0.668503708248381	12.54934549331665
0.18859699161734508	0.6627042896772416	12.579345464706421
0.2395554178420974	0.660344254806381	12.609345436096191
0.24236353639297864	0.6576044889462285	12.649345397949219
0.24225110573562925	0.6577171214174766	12.67934536933899
0.24138424191820573	0.6626793878767115	12.709345579147339
0.24068092470094882	0.6639244803662726	12.749345541000366
0.2372769217386441	0.6637747334099909	12.779345512390137
0.21845899986722803	0.6646382573705382	12.819345474243164
0.21895396224167568	0.6617895214888357	12.849345445632935
0.21989461813051916	0.6626643394225479	12.879345417022705
0.21973005007967714	0.6649644725363221	12.919345378875732
0.22397934263763492	0.663397684000154	12.949345350265503
0.29982309046343003	0.6525427379966156	12.979345560073853
0.3038192388881246	0.6486552935319342	13.01934552192688
0.3038903356258997	0.650382481571363	13.04934549331665
0.3028775067255808	0.6511359640756401	13.079345464706421
0.3019200576018909	0.6495568365958928	13.119345426559448
0.3014977150985757	0.6523223575531747	13.149345397949219
0.2923871592762141	0.6493395000322553	13.17934536933899
0.2865504300642719	0.6492750886086638	13.209345579147339
0.2858209856540005	0.6529164993264246	13.249345541000366
0.2868619854265189	0.6518697672628391	13.279345512390137
0.28865323367156465	0.6504259398107165	13.309345483779907
0.2955262160266254	0.644982843371308	13.349345445632935
0.41742368797002427	0.6309613648270013	13.379345417022705
0.4213728764869229	0.6290185514441482	13.419345378875732
0.42203633456291356	0.6292438979479955	13.449345350265503
0.42067552303226546	0.6311812436556996	13.479345560073853
0.41852940644981945	0.6338742433459136	13.51934552192688
0.41909095184504325	0.633299940469823	13.54934549331665
0.4178086505589012	0.6335073461885804	13.579345464706421
0.41656384043111105	0.6349415452607989	13.619345426559448
0.4309282617162696	0.6261413047735206	13.649345397949219
0.4566456418627342	0.6238404969323896	13.67934536933899
0.4586511901999881	0.6212224285667511	13.709345579147339
0.4565946281511115	0.6253434671848892	13.749345541000366
0.4543608312693497	0.625743735205261	13.779345512390137
0.45243695271574036	0.6267967892313564	13.809345483779907
0.4512885445816812	0.6267769647090703	13.849345445632935
0.4516232913226911	0.6250028301799393	13.879345417022705
0.4542063274297641	0.6255267337504365	13.919345378875732
0.5067256434554854	0.6185019175913352	13.949345350265503
0.5112448519396355	0.6152631106003995	13.979345560073853
0.5129726253697098	0.6150052864829934	14.01934552192688
0.5121724770757744	0.616563937194574	14.04934549331665
0.5105693217182512	0.6183363954635401	14.079345464706421
0.5103655884117739	0.620488737356427	14.119345426559448
0.5100097124312784	0.620911756172504	14.149345397949219
0.47933894979215774	0.6284026760186215	14.17934536933899
0.45050795306903624	0.6459232295463453	14.219345569610596
0.4479041595327446	0.6419579853807623	14.249345541000366
0.4465136900693981	0.6468735051245387	14.279345512390137
0.44715945485156827	0.6485604750368212	14.309345483779907
0.4463590612536658	0.649024241916702	14.349345445632935
0.4447529412673461	0.6497262929478755	14.379345417022705
0.44559666580373275	0.6507184963662067	14.419345378875732
0.45296468172845056	0.6583706544112712	14.449345350265503
0.4440567502878579	0.7458209045287799	14.619345426559448
0.4365828457235172	0.7247690459585815	14.649345397949219
0.4327875120943722	0.7142001650636052	14.67934536933899
0.42775251363240097	0.7139433363556945	14.709345579147339
0.42372755641105436	0.7116880439039838	14.749345541000366
0.42047688306981107	0.7093544171560582	14.779345512390137
0.4190410665868413	0.706911064565316	14.809345483779907
0.4218276942733143	0.703826832394904	14.849345445632935
0.46168200621663597	0.710601308682624	14.879345417022705
0.4648720794819045	0.7060018952232132	14.919345378875732
0.464115037346869	0.7052388746100082	14.949345350265503
0.46288955731984344	0.7062708930362182	14.979345560073853
0.4617759905082988	0.707171642551498	15.009345531463623
0.45702707430415607	0.7105611519666126	15.04934549331665
0.45961997662530163	0.7112991396114483	15.079345464706421
0.5370688527174872	0.7054398037522764	15.119345426559448
0.5497017425729885	0.7037304956141951	15.149345397949219
0.5526913429774258	0.6997940422805735	15.17934536933899
0.5496276291495005	0.7044399523337223	15.219345569610596
0.5475422152828341	0.7049523296692026	15.249345541000366
0.5463058843241758	0.7039276696969355	15.279345512390137
0.5463728075910589	0.7058186357225112	15.319345474243164
0.5534851000845401	0.7033428599740504	15.349345445632935
0.5993034790197518	0.6919762332237906	15.379345417022705
0.5999329379378382	0.69089798099024	15.419345378875732
0.6001575208841236	0.6924649229143875	15.449345350265503
0.599525377943216	0.695000100514681	15.479345560073853
0.6003041997511364	0.6940563577299387	15.509345531463623
0.6001894415698411	0.6935335074620187	15.54934549331665
0.5996512914001525	0.6946483031909337	15.579345464706421
0.6017454305101985	0.6834651591162303	15.619345426559448
0.6033741771831912	0.6740935025289363	15.649345397949219
0.6036756706032164	0.6673862412801692	15.67934536933899
0.6035087132694799	0.6640466530955018	15.709345579147339
0.6048814648259816	0.6651523330791124	15.749345541000366
0.6052101007148923	0.66205216895119	15.779345512390137
0.6064150655404267	0.6613586340155444	15.809345483779907
0.6068095677613509	0.6573524009917825	15.849345445632935
0.6081254988444448	0.6580896033294166	15.879345417022705
0.6381341491709575	0.6480605834885036	15.909345388412476
0.6397248712199414	0.6410366042277105	15.949345350265503
0.6439531372933281	0.6392050967865848	15.979345560073853
0.640172222435734	0.6355994832671832	16.01934552192688
0.6415149726614137	0.6332825406987176	16.04934549331665
0.640073157458273	0.6326224037169095	16.07934546470642
0.639396156433648	0.633314555624543	16.11934542655945
0.6384640946132352	0.6335584649001712	16.14934539794922
0.6369771090286462	0.6324748209884521	16.17934536933899
0.6363601628436282	0.6326323524862985	16.20934557914734
0.6332695880051711	0.6230132386936391	16.249345541000366
0.6052635997355433	0.6227961458677783	16.279345512390137
0.5959222178297395	0.6095329626058454	16.319345474243164
0.598516350358712	0.6110179157329303	16.349345445632935
0.5987875734745253	0.6084388357207126	16.379345417022705
0.5982045295547833	0.5990583040353847	16.419345378875732
0.6028248320153752	0.5988994869608089	16.449345350265503
0.6660240802430176	0.5836568998251159	16.479345560073853
0.6654149270869405	0.58282125780983	16.51934552192688
0.6670779852424954	0.5850154389031603	16.54934549331665
0.6650584665234625	0.5852984778747119	16.57934546470642
0.6638513439343418	0.583946822755855	16.61934542655945
0.6630281758274669	0.5839052372226167	16.64934539794922
0.6625500157094955	0.5855822991076852	16.67934536933899
0.6622487726334629	0.5839927758346266	16.719345569610596
0.679555371293408	0.5820927187246131	16.749345541000366
0.6981898914334885	0.5786786336870338	16.779345512390137
0.700383977955365	0.5797561827950506	16.809345483779907
0.6995116269047659	0.5798393441164814	16.849345445632935
0.6987327084384366	0.5767077538630062	16.879345417022705
0.6952672706000197	0.5792413202485341	16.909345388412476
0.2480578756388873	0.5694520680572467	16.979345560073853
0.24021873986234107	0.5826646963667579	17.009345531463623
0.24385005257274664	0.5863840562772022	17.04934549331665
0.2455102856844578	0.5858263812575424	17.07934546470642
0.24621449521143748	0.5892670991735355	17.11934542655945
0.24460470154499434	0.5928799618359079	17.14934539794922
0.24142383293265857	0.595685025626456	17.17934536933899
0.23689313240983326	0.600135293668855	17.20934557914734
0.23738896942725515	0.6059121630480339	17.249345541000366
0.23405519410212736	0.6095054733829496	17.279345512390137
0.23046044745403463	0.613840180042713	17.309345483779907
0.22886990044697697	0.6156296101436283	17.349345445632935
0.22796873448722005	0.6165041817361325	17.379345417022705
0.23221690568455267	0.6125780778354766	17.419345378875732
0.28524672814982155	0.6178353694847937	17.449345350265503
0.2893916040819973	0.6212630365538225	17.479345560073853
0.2947452802549842	0.6045078873267142	17.509345531463623
0.23994766730589642	0.25256144898557775	17.64934539794922
0.2785172385260284	0.7030881374262653	17.70934557914734
0.27132795571751406	0.6863910413049127	17.749345541000366
0.2703025101436245	0.6826217662816393	17.779345512390137
0.26600679590040305	0.6815422059028007	17.809345483779907
0.26329952518006733	0.6791917676701091	17.849345445632935
0.26231433146984573	0.6760995198493568	17.879345417022705
0.3096954859076417	0.6550793738465037	17.919345378875732
0.3133556509128915	0.652909055664719	17.949345350265503
0.31208634432878685	0.6540926230968647	17.979345560073853
0.30888179937808946	0.657419972058732	18.01934552192688
0.3071416560322863	0.657053194287672	18.04934549331665
0.3046750774932723	0.6611539606837598	18.07934546470642
0.308470103648317	0.661578646799254	18.11934542655945
0.36142470102686114	0.6503478226392053	18.14934539794922
0.36625748914617096	0.6445220989191262	18.17934536933899
0.36463090650096136	0.6435728239246344	18.20934557914734
0.3605227378840096	0.6504494296707483	18.249345541000366
0.3585398562841203	0.6535070498392772	18.279345512390137
0.35565477691834396	0.655743822091454	18.309345483779907
0.3511988549039586	0.6636371951116011	18.349345445632935
0.34902314189791556	0.6651527725627696	18.379345417022705
0.3494338214332125	0.6658434918603495	18.409345388412476
0.3493104953503755	0.667234186505388	18.449345350265503
0.3948056377126339	0.6517663594242157	18.479345560073853
0.39921748555070646	0.6514158664249527	18.509345531463623
0.39983545935122317	0.652360358048653	18.54934549331665
0.39757612834283657	0.6528787821151678	18.57934546470642
0.39728771186689943	0.6543216532927558	18.60934543609619
0.3968232076595933	0.6534367602175087	18.64934539794922
0.3970957477141836	0.6519823710827564	18.67934536933899
0.3977971169844049	0.6496008484548508	18.719345569610596
0.3923841845259722	0.6464684042461848	18.749345541000366
0.3885517711992062	0.6452471172364272	18.779345512390137
0.39404389299752374	0.6413715919620376	18.809345483779907
0.5100228904974166	0.6164323626100021	18.849345445632935
0.5168388112379638	0.6123289277489953	18.879345417022705
0.5174523007205194	0.613767203220601	18.909345388412476
0.512998466376652	0.6157915593464436	18.949345350265503
0.5131725907492121	0.6158957629655575	18.979345560073853
0.5121586350400679	0.6180466199963153	19.009345531463623
0.5108275852069664	0.6174665515424903	19.04934549331665
0.5114090363836963	0.6190330654721835	19.07934546470642
0.5094478315063439	0.6174740451249168	19.10934543609619
0.5087974328475575	0.6184383580936399	19.14934539794922
0.5090954484987313	0.6178576512928604	19.17934536933899
0.5117303437370536	0.6151642990062067	19.20934557914734
0.5615431049472396	0.5976805405657274	19.249345541000366
0.5664461775671912	0.5934542220481569	19.279345512390137
0.5696433511022883	0.5926719836969472	19.309345483779907
0.5692248255365325	0.5936880427862335	19.349345445632935
0.5684432759727718	0.5927893632909614	19.379345417022705
0.5677013771750512	0.5922670135271546	19.409345388412476
0.5694673201959163	0.5858425169814389	19.449345350265503
0.5688623789523	0.5832471156899641	19.479345560073853
0.5691166542878526	0.5822559182127256	19.509345531463623
0.5697696113647467	0.5803056200534107	19.54934549331665
0.598330098064642	0.5685208276260143	19.57934546470642
0.6018184968983488	0.5665150686655257	19.61934542655945
0.6030730377229838	0.566176888183162	19.64934539794922
0.6023700865810122	0.5661277756896698	19.67934536933899
0.6021205878807058	0.5645791751887856	19.70934557914734
0.601784165210601	0.5645317138335302	19.749345541000366
0.6007480506959315	0.5671228701308063	19.779345512390137
0.6043714388647602	0.5641837868187414	19.809345483779907
0.6691362065519756	0.5661217804381409	19.849345445632935
0.6711932110613994	0.5668566598798226	19.879345417022705
0.671091382161469	0.568683411624831	19.909345388412476
0.6703281248669258	0.5694389011427692	19.949345350265503
0.6692206968867148	0.5683163677468106	19.979345560073853
0.6688243246893567	0.5704367693538595	20.01934552192688
0.6680143202405968	0.5710161140463603	20.04934549331665
0.6544019913800805	0.5686107965117442	20.07934546470642
0.6519565395520753	0.5667917988888841	20.10934543609619
0.6512909491434211	0.5661445534358898	20.14934539794922
0.651215163572257	0.5650782311362181	20.17934536933899
0.6507164646345971	0.5624836728696504	20.20934557914734
0.64840000032224	0.5609795494395864	20.249345541000366
0.21209441488156125	0.5600712367208219	20.319345474243164
0.20696372511165995	0.5581663000727657	20.349345445632935
0.2077472891654969	0.5634746528782009	20.379345417022705
0.2072147434667419	0.5674707397864993	20.409345388412476
0.20657319565209256	0.568810330850323	20.449345350265503
0.20645936981757282	0.5741866072176248	20.479345560073853
0.20559134998892034	0.5765108876583662	20.51934552192688
0.21476556950712636	0.5675250712321773	20.54934549331665
0.2409598629964066	0.5706245534164234	20.57934546470642
0.24164744645308228	0.5711613374702645	20.60934543609619
0.24327711442574815	0.5708822591470923	20.64934539794922
0.23999354100180414	0.571565743521722	20.67934536933899
0.23966108339476871	0.5732186171694347	20.70934557914734
0.23842698242331228	0.5739303843316483	20.749345541000366
0.23919284339421168	0.5746102524056543	20.779345512390137
0.2906776608145146	0.5647501117802673	20.809345483779907
0.29835170920533644	0.5606940803665602	20.849345445632935
0.2980961755340121	0.5562672257076255	20.879345417022705
0.2972709904744025	0.5589067548989903	20.909345388412476
0.29734914080169333	0.5607466077633886	20.949345350265503
0.29448508829843084	0.5601197357018163	20.979345560073853
0.29313190298802483	0.5627123952595557	21.009345531463623
0.29100103519805326	0.5643788194650305	21.04934549331665
0.2922133146473867	0.5657576957609652	21.07934546470642
0.2977913614998362	0.5601803713287549	21.10934543609619
0.35634663623566953	0.5625405053492284	21.14934539794922
0.35851246700304257	0.5609188055051618	21.17934536933899
0.35978290039982747	0.5642436879321401	21.20934557914734
0.35853774052513765	0.5656165622817648	21.249345541000366
0.3567369196409103	0.5682770139900386	21.279345512390137
0.3534082570644317	0.5274077812869951	21.309345483779907
0.4058295150207625	0.559488078904469	21.349345445632935
0.4091184803215895	0.5573404519269197	21.379345417022705
0.4080483752630197	0.5584384488354035	21.409345388412476
0.40954997604341215	0.557900018718459	21.449345350265503
0.4076489621523518	0.5578063702057131	21.479345560073853
0.406311126733707	0.5575801553127565	21.51934552192688
0.4065045153081233	0.558508329703595	21.54934549331665
0.42949380095325596	0.5462992851317038	21.57934546470642
0.4588659429301111	0.5433653454998466	21.60934543609619
0.46178668957788255	0.5416524609951094	21.64934539794922
0.46132105290614855	0.5424458970773672	21.67934536933899
0.46084886459814073	0.5415268886012465	21.70934557914734
0.4605669775361279	0.5425046722961511	21.749345541000366
0.46006094285843585	0.5417862358298207	21.779345512390137
0.45935162918637995	0.5427440510475026	21.809345483779907
0.4579424417488109	0.5440097695220453	21.849345445632935
0.4904920703866024	0.5411888670983757	21.879345417022705
0.49573498288946005	0.5344116445239061	21.909345388412476
0.4985606745025168	0.5375867008294151	21.949345350265503
0.4980416289344389	0.5416695270261317	21.979345560073853
0.4977939617890734	0.5410952633217618	22.01934552192688
0.4978803181878794	0.5436637765711864	22.04934549331665
0.5486606729014085	0.5364163472227119	22.07934546470642
0.5859866495481272	0.5328047699906199	22.10934543609619
0.5867349445191952	0.534790707158725	22.14934539794922
0.584676558041687	0.5360307385797681	22.17934536933899
0.5841745487075451	0.5366346507742071	22.20934557914734
0.5842121160797314	0.5356569676366859	22.249345541000366
0.5838558490984617	0.5365449522909012	22.279345512390137
0.5822523340140245	0.536944395916887	22.309345483779907
0.5823477919788529	0.5384215440951148	22.349345445632935
0.6030982212545308	0.5352783685005336	22.379345417022705
0.6165243437836522	0.5343188713175338	22.409345388412476
0.616913275867845	0.5338013294979365	22.449345350265503
0.6174778135614439	0.5348018845889727	22.479345560073853
0.616931283528898	0.5353823223200643	22.509345531463623
0.6173323389488037	0.5343229649602759	22.54934549331665
0.6180536064639861	0.5323157152826871	22.57934546470642
0.6011599481135276	0.5338405101007005	22.60934543609619
0.5917874756172002	0.5324191581351694	22.64934539794922
0.5878820163751033	0.5309729210678013	22.67934536933899
0.5869144665347487	0.5285354960035404	22.70934557914734
0.5869189951141522	0.5276551235242982	22.749345541000366
0.5868958299509858	0.5251820428748329	22.779345512390137
0.5881311231166559	0.5251490830859948	22.809345483779907
0.587366722424735	0.5231370827896249	22.849345445632935
0.5987273435321103	0.5228281085315871	22.879345417022705
0.6829140809513911	0.5132888366349811	22.909345388412476
0.683388861830454	0.5162889486846614	22.949345350265503
0.683978254096895	0.5175169407207307	22.979345560073853
0.6841490785413044	0.5192741074340523	23.009345531463623
0.6832360980266369	0.5213134925646896	23.04934549331665
0.6838098350166457	0.5196886401786242	23.07934546470642
0.6832822822521367	0.5211609880243934	23.10934543609619
0.6857603789665206	0.520063772362998	23.14934539794922
0.7127917845751789	0.5150488594801756	23.17934536933899
0.7149424674298624	0.5146906158654894	23.20934557914734
0.7146882053291463	0.5172566591100811	23.249345541000366
0.7123375576929096	0.5178320466055718	23.279345512390137
0.2691587364252562	0.5201605650181013	23.349345445632935
0.266798646151337	0.5213173222553749	23.379345417022705
0.26792948958306817	0.5242077389081088	23.409345388412476
0.26849767266879604	0.5266318472057491	23.449345350265503
0.2684469626852927	0.528954446386035	23.479345560073853
0.2642956173524459	0.5307658081665827	23.509345531463623
0.23289081521083196	0.5333505654900662	23.54934549331665
0.2302337779901886	0.534750993290017	23.57934546470642
0.22911372542244832	0.5360364272120628	23.61934542655945
0.22698786865089401	0.5379048936161503	23.64934539794922
0.22523701854459904	0.5410372643223464	23.67934536933899
0.22462027850577823	0.5429553584267051	23.70934557914734
0.22277373406088238	0.5443049612611126	23.749345541000366
0.2473251511699745	0.5341172126123981	23.779345512390137
0.2873497713740135	0.5350731039205053	23.809345483779907
0.28929128636816015	0.5327247542140126	23.849345445632935
0.2890544374327266	0.5327351746351296	23.879345417022705
0.28692643614332203	0.534106764765968	23.909345388412476
0.28635999850691457	0.5344002716973897	23.949345350265503
0.28569111944410336	0.5348255713339697	23.979345560073853
0.2865203449635383	0.5333845962148301	24.009345531463623
0.28566729406149965	0.5335547690136199	24.04934549331665
0.2873763528155625	0.5316250418799052	24.07934546470642
0.2880709020191504	0.5294255668588429	24.10934543609619
0.28956359129084847	0.5298073873191478	24.14934539794922
0.29138887030176813	0.5285202143205328	24.17934536933899
0.2923907603657636	0.5246250585671242	24.20934557914734
0.2920978480094456	0.5235366089739654	24.249345541000366
0.2943831887112465	0.5170234819959019	24.279345512390137
0.37342723093603775	0.5034866786306242	24.309345483779907
0.3873471309713774	0.5047387149846874	24.349345445632935
0.388124907583096	0.5022762931403385	24.379345417022705
0.3866561998711347	0.505869930237674	24.409345388412476
0.38575389746239463	0.5082325028068839	24.449345350265503
0.3847055219240636	0.5107911125460713	24.479345560073853
0.3840624713205215	0.5098551790888882	24.509345531463623
0.38393886464542204	0.5108120283074989	24.54934549331665
0.3893131940764334	0.5080406268527023	24.57934546470642
0.4645046055579457	0.5329569955829477	24.809345483779907
0.46487044340496864	0.5274982901256878	24.849345445632935
0.4625671141664653	0.5277372234060089	24.879345417022705
0.4585094245765376	0.5279069079239019	24.909345388412476
0.45649109987095116	0.5258268562846643	24.949345350265503
0.45374621741534654	0.52665820780372	24.979345560073853
0.4592548888500035	0.5265245584437672	25.009345531463623
0.4851447413790067	0.5313184632728344	25.04934549331665
0.4848504088030368	0.5306664257454575	25.07934546470642
0.48416761440778444	0.5300285098280979	25.10934543609619
0.4817408751133409	0.530926119453562	25.14934539794922
0.479374491639531	0.5330109423489882	25.17934536933899
0.48250398962718055	0.5320895981548185	25.20934557914734
0.5353845307747935	0.5248544699140051	25.249345541000366
0.5389907021871313	0.5242387256362983	25.279345512390137
0.5389000819689554	0.5258594809525912	25.309345483779907
0.5370167691895456	0.529524318806859	25.349345445632935
0.5353303621075445	0.5314220243710414	25.379345417022705
0.5341697526333175	0.5321889151772409	25.409345388412476
0.5329640029724215	0.5323063957936649	25.449345350265503
0.5315095075612445	0.532693317600256	25.479345560073853
0.5311762008232449	0.533155955412841	25.509345531463623
0.5182246751628004	0.5308724321090529	25.54934549331665
0.4548323225039293	0.5485456653945576	25.57934546470642
0.4513731854472757	0.5480230525757459	25.60934543609619
0.4487019196844789	0.5493016546031225	25.64934539794922
0.4488178257299007	0.551173393372481	25.67934536933899
0.4496848518026021	0.5526680659143501	25.70934557914734
0.4504929300054212	0.5514218432368388	25.749345541000366
0.45038841862131707	0.5506014261167966	25.779345512390137
0.45019540862284124	0.5510410786272864	25.809345483779907
0.45061477118432847	0.5482311569794308	25.849345445632935
0.4512408367781794	0.5461794850765754	25.879345417022705
0.451714137944208	0.5438383601008642	25.909345388412476
0.4935158015219634	0.5372495578315398	25.949345350265503
0.5001013815550659	0.5322366930595719	26.009345531463623
0.5040808283889924	0.53168016384583	26.029345512390137
0.5030671719852833	0.5302017707758376	26.04934549331665
0.5029216256175829	0.5308161005380394	26.07934546470642
0.5480551198068359	0.5248320168409341	26.11934542655945
0.5644371253601661	0.5281913782366565	26.14934539794922
0.5681584984900584	0.5238480661292131	26.17934536933899
0.5679118179691943	0.5237239042698143	26.219345569610596
0.5664283443890827	0.5236807068412537	26.249345541000366
0.5650997338730129	0.5236327479337182	26.279345512390137
0.5999515310916269	0.5200427149772624	26.309345483779907
0.6062135332661828	0.5228367776635063	26.349345445632935
0.6079897256003173	0.5207967765944436	26.379345417022705
0.6070319493015597	0.5235105416899651	26.409345388412476
0.6072812951019136	0.52450651171489	26.449345350265503
0.6067309763024769	0.5235933013581455	26.479345560073853
0.6106081331853416	0.5206559122812059	26.509345531463623
0.6494113694904786	0.5153307999868741	26.54934549331665
0.6505248756447277	0.5135973360231596	26.57934546470642
0.6504501947566699	0.5117217295872779	26.61934542655945
0.6499991069595665	0.5104936414022433	26.64934539794922
0.6486653846004586	0.5103993984390762	26.67934536933899
0.6478635431026781	0.5098578102188176	26.719345569610596
0.6486864379753645	0.5096302476686502	26.749345541000366
0.6492080547040502	0.5097316100553853	26.779345512390137
0.6483181637884248	0.5119878696239567	26.809345483779907
0.6479104440792908	0.516243977623327	26.849345445632935
0.6477926848167801	0.5153485330785161	26.879345417022705
0.6477946133376706	0.5150226700981504	26.909345388412476
0.6478838645516195	0.5203401195708504	26.949345350265503
0.6444856724519086	0.5190640167421325	26.979345560073853
0.5384404936392038	0.5299297793598089	27.009345531463623
0.4962273242066209	0.5397107559799798	27.04934549331665
0.4941038579235523	0.5421429383956283	27.07934546470642
0.4922881671310019	0.5437918041069197	27.10934543609619
0.4927662291185108	0.5463905397854207	27.14934539794922
0.49243649792726657	0.5468390525580525	27.17934536933899
0.4924137739525168	0.5485853045387893	27.20934557914734
0.49275129779554294	0.5489036020610729	27.249345541000366
0.49232426214207675	0.548775984350541	27.279345512390137
0.5619935458805618	0.5401939199446193	27.349345445632935
0.5626413748281583	0.5407996822065024	27.379345417022705
0.561450926210896	0.5418439884977089	27.419345378875732
0.5594240091273843	0.5412864199484928	27.449345350265503
0.5606479708165949	0.539925419296643	27.479345560073853
0.6056710553859668	0.5327370947240481	27.51934552192688
0.6138864078357938	0.5281072915244314	27.54934549331665
0.6143895842879223	0.5269049774817792	27.57934546470642
0.6136211649545554	0.5278573135564693	27.61934542655945
0.613424138961395	0.5260134510367226	27.64934539794922
0.6131002718465661	0.5272867231621692	27.67934536933899
0.654739976949352	0.5279389227933075	27.719345569610596
0.6630771926597755	0.5248498977025637	27.749345541000366
0.6638777112164641	0.5238570873861189	27.779345512390137
0.6455856322051121	0.5245923711386592	27.809345483779907
0.2691177564538077	0.5162525279799541	27.879345417022705
0.2690990676088459	0.5143277675455248	27.909345388412476
0.2700556103772957	0.5171648838460795	27.949345350265503
0.26951173656965266	0.52186229941477	27.979345560073853
0.267898638211156	0.5244738928635262	28.009345531463623
0.22545268159796403	0.526617117464626	28.04934549331665
0.221971938952121	0.5269746123513037	28.07934546470642
0.21935181309603244	0.5298207042402843	28.10934543609619
0.21686946844800326	0.5341076242892437	28.14934539794922
0.21545183707754564	0.5369818610552983	28.17934536933899
0.21351859605405804	0.5390102368402925	28.219345569610596
0.2127289032660345	0.5374722927730521	28.249345541000366
0.21236216199702818	0.5353116313482582	28.279345512390137
0.2137459841156861	0.5338947258837545	28.319345474243164
0.21312952659108564	0.5339811943257602	28.349345445632935
0.21218677143677933	0.5337399272875477	28.379345417022705
0.21255258580719624	0.5349045168456213	28.409345388412476
0.21299391340025928	0.536813497879137	28.449345350265503
0.21499868781713422	0.5337309441637447	28.479345560073853
0.23668839183971002	0.5324481615017099	28.509345531463623
0.299059658752515	0.531135660301576	28.559345483779907
0.30165116207998377	0.5291856989723237	28.57934546470642
0.3005552632955305	0.5288277848874745	28.60934543609619
0.29730256681633654	0.5295071293330258	28.64934539794922
0.2953347358366012	0.5313510217892078	28.67934536933899
0.2946137636631237	0.528946175250369	28.70934557914734
0.3221815711363284	0.5240156811126989	28.749345541000366
0.34735132288857085	0.5236631350357704	28.779345512390137
0.34932352605493455	0.5225328939697337	28.819345474243164
0.3490476633072246	0.5216594963754362	28.849345445632935
0.3479360712941177	0.5220301989998948	28.879345417022705
0.34786029914300376	0.5211932235385806	28.909345388412476
0.3460958193214617	0.5214523888552929	28.949345350265503
0.3456541303411015	0.5207560799371186	28.979345560073853
0.34613731833587347	0.5202644251775506	29.009345531463623
0.34582696677561425	0.5195215255589357	29.04934549331665
0.38037767306760484	0.5101056129707994	29.07934546470642
0.3866077191668949	0.5045445482664606	29.10934543609619
0.38894195818680455	0.5061992274916269	29.14934539794922
0.38948551568313466	0.5075174454431687	29.17934536933899
0.38863808451362925	0.5040939083633319	29.20934557914734
0.38798050861714656	0.5045261448750029	29.249345541000366
0.3881370476696198	0.5041510627610818	29.279345512390137
0.3892594278489427	0.502632012681269	29.319345474243164
0.388392082868306	0.5022124985669623	29.349345445632935
0.3942534991580499	0.5001486106267956	29.379345417022705
0.4728223788147954	0.4869336265578301	29.419345378875732
0.47689053788651387	0.4857086521712564	29.449345350265503
0.4787490141425316	0.4865053208636134	29.479345560073853
0.47802296983932624	0.48769017747843213	29.509345531463623
0.47737009935046676	0.48864832747696724	29.54934549331665
0.47777345334331267	0.4882466439323784	29.57934546470642
0.47728889317952067	0.49102839921242675	29.60934543609619
0.47874106194742894	0.4911898000363818	29.64934539794922
0.47959420060796365	0.49359367030447626	29.67934536933899
0.48066372278034264	0.49394616643157024	29.70934557914734
0.4859452482939742	0.4920932440218882	29.749345541000366
0.5384621263303029	0.48459460052475123	29.779345512390137
0.5397574466597226	0.4856558168133418	29.819345474243164
0.5389356695294837	0.4883958833518091	29.849345445632935
0.5370356621382619	0.48940247917594254	29.879345417022705
0.5353571995360003	0.488996274862701	29.909345388412476
0.5343481170946791	0.48930293664043	29.949345350265503
0.5328472010557205	0.48846448585683677	29.979345560073853
0.5323355395353536	0.4891334906600201	30.009345531463623
0.5326041666679224	0.4866641446616566	30.04934549331665
0.5314601085602182	0.48888432447023367	30.07934546470642
0.5311486662724644	0.48906409360063385	30.10934543609619
0.5316912361507161	0.48821892313478615	30.14934539794922
0.5315020773681124	0.4886115554320512	30.17934536933899
0.530661565307191	0.48816077518324524	30.20934557914734
0.5308468965984569	0.48605389005995947	30.249345541000366
0.5304583119439398	0.4852294616112568	30.279345512390137
0.5319246085140193	0.48526005956001655	30.309345483779907
0.531851177318906	0.4836132797426292	30.349345445632935
0.5650271214085084	0.4796284233638745	30.379345417022705
0.5685146569946802	0.4773446514120234	30.409345388412476
0.5695943655310843	0.4752975882355535	30.449345350265503
0.5692722961280872	0.4754731116823953	30.479345560073853
0.5687262147183461	0.4768630727214044	30.509345531463623
0.5665288775541673	0.4775819212039965	30.54934549331665
0.5615202965073998	0.4769485389299704	30.57934546470642
0.49162944239808315	0.49444914613953544	30.60934543609619
0.48748528409439507	0.49457805233483076	30.64934539794922
0.48740439117804907	0.49369668538597816	30.67934536933899
0.48911344005656227	0.4934383608334413	30.719345569610596
0.4880417779382122	0.4930433811790261	30.749345541000366
0.4875715441242234	0.493704162891066	30.779345512390137
0.4879001974541117	0.49438472638377784	30.809345483779907
0.48663388417456516	0.49497052912294026	30.849345445632935
0.5166916632216884	0.4937345692416955	30.879345417022705
0.568305699676947	0.49391184262663057	30.909345388412476
0.571152427645091	0.48972395513818034	30.949345350265503
0.5760431255201838	0.49001238351931614	30.979345560073853
0.6366995910358486	0.4829538591630155	31.009345531463623
0.6371087442577976	0.4858695372555274	31.04934549331665
0.6373758228298962	0.4830529531585016	31.07934546470642
0.635744367465651	0.4829361411711905	31.10934543609619
0.6346218859554599	0.4824806492515367	31.14934539794922
0.6334988373340946	0.4834494626769282	31.17934536933899
0.6324920838626794	0.4828446741893035	31.20934557914734
0.6318052901881206	0.4851890169969925	31.249345541000366
0.6311092009908748	0.48429958926790806	31.279345512390137
0.6314010702682369	0.4837032388438163	31.309345483779907
0.6279232588319416	0.48287674421509313	31.349345445632935
0.6148756071889994	0.4784526239511177	31.379345417022705
0.6146406915303559	0.47834186560113234	31.409345388412476
0.6143616575649689	0.47902144896245774	31.449345350265503
0.6138386438266377	0.4778710963372175	31.479345560073853
0.6142467710618034	0.47548352084623546	31.509345531463623
0.6144914276593144	0.4744982702989981	31.54934549331665
0.6130642245717803	0.47386621174416094	31.57934546470642
0.6074997397411098	0.47679308325537856	31.60934543609619
0.6028791261508976	0.47953183521651216	31.64934539794922
0.6013315890670278	0.48040381464774395	31.67934536933899
0.6010654412642576	0.4803558051861118	31.70934557914734
0.6017168901739265	0.4794939194580703	31.749345541000366
0.6921361390076797	0.4619385990717806	31.809345483779907
0.6908994027463875	0.462744130676608	31.849345445632935
0.689721688368954	0.4643149526393081	31.879345417022705
0.6880975166707457	0.4651358856231642	31.909345388412476
0.687100445986578	0.4659337430702701	31.949345350265503
0.686038040826473	0.4681735387654973	31.979345560073853
0.6849503382101116	0.4690690404731385	32.00934553146362
0.6829520552239646	0.4693297049947683	32.04934549331665
0.26188597563965116	0.4521825205519165	32.10934543609619
0.2568935613883582	0.4539417608579381	32.14934539794922
0.25901951591588096	0.45750472608573234	32.17934536933899
0.2594529622469562	0.4609904154705331	32.20934557914734
0.25941161837625903	0.46299047489205797	32.249345541000366
0.2577149760337702	0.46391177391701255	32.27934551239014
0.25808828424030483	0.46575131840266776	32.30934548377991
0.25619333966396357	0.4663764481933804	32.349345445632935
0.2551298636869104	0.4698140795801214	32.379345417022705
0.2546474228581492	0.4717381902405879	32.409345388412476
0.2541032981939253	0.4725688844990853	32.4493453502655
0.25325218749996603	0.47396034582786145	32.47934556007385
0.25233719766379314	0.47362152024833754	32.50934553146362
0.25287253504639284	0.4725074668228785	32.54934549331665
0.2520665421701812	0.4753207549138042	32.57934546470642
0.25302187506942664	0.4749583412480517	32.60934543609619
0.2528480713986719	0.4771494470587248	32.64934539794922
0.26977076217949264	0.47222729523433626	32.67934536933899
0.33406938978333345	0.4738909859691512	32.70934557914734
0.33457697565536887	0.4710423650503297	32.749345541000366
0.33216229933985264	0.4736622131076445	32.77934551239014
0.3283859128092211	0.4736122906243389	32.80934548377991
0.32730356928627263	0.4755003209879228	32.849345445632935
0.3291055742681486	0.47588333500379026	32.879345417022705
0.3683538293909354	0.5114961889012586	33.07934546470642
0.3660348379935881	0.5013558789148034	33.10934543609619
0.3632694889122667	0.4986730731705814	33.14934539794922
0.3611833170453627	0.4951598993014768	33.17934536933899
0.36216028573541514	0.49090905736848006	33.20934557914734
0.43209512083307655	0.46723826103849625	33.249345541000366
0.4407498268736149	0.4568817092094877	33.27934551239014
0.4395972782134199	0.45513296395396907	33.319345474243164
0.43448274700290024	0.4648412386559524	33.349345445632935
0.4342066024833303	0.46061011474713986	33.379345417022705
0.4317435915076446	0.46333694429030176	33.409345388412476
0.4287634290490762	0.46853490401604064	33.4493453502655
0.42740482869834784	0.4711677104627454	33.47934556007385
0.4250094812376543	0.4737711141341706	33.50934553146362
0.423919584351185	0.47504843188524154	33.54934549331665
0.42375336606439895	0.47579579238924835	33.57934546470642
0.4225778186588645	0.476493150200282	33.60934543609619
0.42190316736556593	0.47687310338339645	33.64934539794922
0.42227157466668475	0.4768491963262494	33.67934536933899
0.4220090785525026	0.4791411433780275	33.70934557914734
0.46184354356675145	0.47696638049550993	33.749345541000366
0.48319403820497114	0.4714680199726971	33.79934549331665
0.48287725869550785	0.47319685168517395	33.82934546470642
0.48291753214299554	0.4723942998843008	33.849345445632935
0.4814266647826379	0.47210923252717085	33.879345417022705
0.48002404642044266	0.4707124467606473	33.909345388412476
0.4812948138121404	0.4701946799409102	33.9493453502655
0.4804145569330797	0.4700857855034405	33.97934556007385
0.4803215995631459	0.46878659327326416	34.00934553146362
0.478828822036866	0.4661580678379516	34.04934549331665
0.4780913493152758	0.4659774639349127	34.07934546470642
0.47922139576115624	0.4622430310521025	34.10934543609619
0.49633539912430946	0.4585695937218447	34.14934539794922
0.5492505128940331	0.45313909310358663	34.17934536933899
0.5518433227268617	0.4520368887044508	34.20934557914734
0.5524833069697109	0.45230004932576323	34.249345541000366
0.5514424950200282	0.4514560754760281	34.27934551239014
0.5501975972652648	0.4519873213516389	34.30934548377991
0.5491293773707581	0.4516404369694238	34.349345445632935
0.5483281077126305	0.45154578571596127	34.379345417022705
0.5487466839736138	0.4515923464897552	34.409345388412476
0.5481559387273562	0.4468722859387481	34.4493453502655
0.5474231845152913	0.44773575567365004	34.47934556007385
0.5312208043907408	0.45229708892010223	34.50934553146362
0.5309686842442563	0.45190218383322167	34.54934549331665
0.5303042404694905	0.4535120878049546	34.57934546470642
0.5298889162257889	0.4538646904777414	34.60934543609619
0.5302984571296165	0.45179990443268314	34.64934539794922
0.5300620121852697	0.45511426042387576	34.67934536933899
0.5302466215775937	0.45433845367358383	34.70934557914734
0.5287773855604209	0.453914745963576	34.749345541000366
0.5255972658698332	0.4516691062554231	34.77934551239014
0.4559033675300658	0.4652543377486498	34.80934548377991
0.439292501274556	0.466877261714661	34.849345445632935
0.43898192823040355	0.4662677227178794	34.879345417022705
0.4367153663710027	0.4718877130033362	34.909345388412476
0.43662408864764457	0.4740575815847379	34.9493453502655
0.43495275414649404	0.47385044614394745	34.97934556007385
0.4305931924163868	0.47775038672935993	35.00934553146362
0.3118625079736325	0.4866163116774233	35.04934549331665
0.3043718066484495	0.4914743003881495	35.07934546470642
0.3042558928330451	0.4914966319869966	35.10934543609619
0.3039143811111597	0.4958712995189807	35.14934539794922
0.30292341708101966	0.49759163476503254	35.17934536933899
0.30235583710211594	0.500739262275468	35.20934557914734
0.29581895601373037	0.5021770513709842	35.249345541000366
0.260364859945518	0.5100808675701501	35.27934551239014
0.25800485684334973	0.511285996961676	35.30934548377991
0.25728429780927714	0.5150470387385688	35.349345445632935
0.25603965396752343	0.5172966426716078	35.379345417022705
0.5128772773801724	0.4653638476273034	35.4493453502655
0.5114321609860908	0.4664563638271516	35.47934556007385
0.5096833393175685	0.4684822386767193	35.50934553146362
0.5043531375815485	0.46818038162130926	35.54934549331665
0.5021944769066837	0.4693490157365421	35.57934546470642
0.5000426084158626	0.4706832845326316	35.60934543609619
0.5455338311835086	0.4723477012674984	35.64934539794922
0.5595113926655317	0.46935196016052355	35.6993453502655
0.5592803361585462	0.4689717696567504	35.719345569610596
0.5563215292516684	0.4694460682499783	35.749345541000366
0.55544246118132	0.4673240729002158	35.77934551239014
0.5586606537386392	0.4657955859220282	35.80934548377991
0.6018310096268878	0.46028977155765594	35.849345445632935
0.6049777730892418	0.4569706695057594	35.88934540748596
0.60836294209033	0.4577452297990621	35.909345388412476
0.6044074014833292	0.45692921524242863	35.9493453502655
0.6046309484822995	0.4545753223450365	35.97934556007385
0.6105602648498623	0.4532106519229334	36.00934553146362
0.661206180111428	0.44152144549248107	36.04934549331665
0.6620409256953252	0.44324954650272796	36.07934546470642
0.661357011477318	0.4440163324785013	36.10934543609619
0.6610356826462146	0.4428241051655857	36.14934539794922
0.6605033615896	0.4412263964395231	36.17934536933899
0.6600194946654142	0.4405799287985144	36.20934557914734
0.6597842710722472	0.44019500554400404	36.249345541000366
0.6595699780087328	0.4418194598685257	36.27934551239014
0.6589401618264428	0.4433741666377683	36.30934548377991
0.6584169975839768	0.44094412845627873	36.349345445632935
0.6590589320849197	0.4394325369943413	36.379345417022705
0.6828076483443084	0.44025479738926954	36.409345388412476
0.6860466649129678	0.43750500157799244	36.4493453502655
0.6867579626153204	0.4333962471245466	36.47934556007385
0.6849912613918654	0.4350041522646289	36.50934553146362
0.275027627258892	0.4280527673297018	36.57934546470642
0.26261269200568643	0.4346759880286332	36.60934543609619
0.2653230893060089	0.43071970883092575	36.64934539794922
0.2661359828351981	0.43481628792180416	36.67934536933899
0.264310799435568	0.43763710664785543	36.70934557914734
0.26359876918773506	0.4398247649705547	36.749345541000366
0.2609587157840757	0.4447182004292446	36.77934551239014
0.2568648788446573	0.45000403110250464	36.80934548377991
0.22341859974677	0.4576517215267813	36.849345445632935
0.22450735163386493	0.45857338590416297	36.879345417022705
0.2233694971050055	0.4623095139897865	36.909345388412476
0.2219742057668796	0.46769585768663235	36.9493453502655
0.2206221313504051	0.46648139837895075	36.97934556007385
0.2213796511225719	0.46686361596987086	37.00934553146362
0.3062114120046118	0.450697687535317	37.07934546470642
0.3054666510051938	0.45260165260716684	37.10934543609619
0.3040301017535024	0.45283524982243245	37.14934539794922
0.30138765092311975	0.4547776694784749	37.17934536933899
0.3006808149016391	0.4552155097062763	37.20934557914734
0.29979840547024417	0.4538393128250468	37.249345541000366
0.2996283520559888	0.45415702707782596	37.27934551239014
0.3001778097002358	0.4514212508768483	37.30934548377991
0.29915608226990176	0.4534383163180194	37.349345445632935
0.2991091363461224	0.4538850874270981	37.379345417022705
0.2983953781283967	0.4563862765685314	37.409345388412476
0.29788796892179387	0.4597671679032165	37.4493453502655
0.29842732144076684	0.4604250155930553	37.47934556007385
0.329748094498546	0.4572203757138723	37.50934553146362
0.33601599964904094	0.4565505838433475	37.54934549331665
0.33773337584266716	0.45693454384743076	37.57934546470642
0.33819895774217246	0.45965393667313637	37.60934543609619
0.3372946083764021	0.461917320745088	37.64934539794922
0.34353057645760815	0.4613801694342842	37.67934536933899
0.4117324126829946	0.4532753702335531	37.70934557914734
0.414572840066994	0.45369752130581403	37.749345541000366
0.4140194864260289	0.45687671056665413	37.77934551239014
0.4142042590899363	0.45992103564127673	37.80934548377991
0.4123205358199242	0.4616773409657979	37.849345445632935
0.4115581235036229	0.46103960713546893	37.879345417022705
0.4106119152939786	0.4606501447422498	37.91934537887573
0.4246461975974028	0.45782471735518543	37.9493453502655
0.46594352163627756	0.4546047856340578	37.97934556007385
0.4685938749522941	0.452639821215298	38.00934553146362
0.46647156209038504	0.4536996616283378	38.04934549331665
0.4651656224800794	0.4539817213137721	38.07934546470642
0.4632722184717854	0.45466767984185313	38.10934543609619
0.4617504135905715	0.45578436559495833	38.14934539794922
0.4626053854066323	0.45938386055632174	38.17934536933899
0.4615685033758563	0.4588432222459811	38.20934557914734
0.4609588306258115	0.45747228578513327	38.249345541000366
0.468561496213421	0.4535329578073169	38.27934551239014
0.5232760704988844	0.4440179574078337	38.30934548377991
0.5253893884456214	0.44142303588551624	38.349345445632935
0.5237469709919027	0.4429894882634134	38.379345417022705
0.5230446951362969	0.4452439381278568	38.41934537887573
0.5205067074914658	0.4466884786381482	38.4493453502655
0.5196631704140856	0.4467862981506794	38.47934556007385
0.518278968622438	0.44641255494444004	38.50934553146362
0.5840938193676932	0.43937710358250426	38.54934549331665
0.6158995804636896	0.4361234734665232	38.57934546470642
0.613774119770604	0.43968544482999766	38.60934543609619
0.6104533451165379	0.43963525440648066	38.64934539794922
0.6094348339693212	0.4397105893038653	38.67934536933899
0.6075149482200353	0.4379748849772022	38.70934557914734
0.6071271156828811	0.4412869129486767	38.749345541000366
0.6064515406928243	0.4410067788193947	38.77934551239014
0.6049621419465401	0.44109525336131716	38.80934548377991
0.6071846982905309	0.43931063385015073	38.849345445632935
0.6743822083920464	0.4354302669344104	38.879345417022705
0.6853634938188142	0.43086936029273487	38.92934536933899
0.6851045855304144	0.4306538880306778	38.95934557914734
0.6838914223511681	0.4296624999236917	38.97934556007385
0.6840679948901353	0.43119769309934114	39.00934553146362
0.6840023606552104	0.4297102410547978	39.04934549331665
0.7097626993607903	0.42407551952882167	39.07934546470642
0.712960776227974	0.421906853151573	39.10934543609619
0.7136560271535947	0.4230453072407887	39.14934539794922
0.7118692269357135	0.4210211415498742	39.17934536933899
0.7118203986103663	0.42119704375913763	39.20934557914734
0.7118398303863298	0.4216702759274802	39.249345541000366
0.7128241210943412	0.41968031467235367	39.27934551239014
0.7096711210198696	0.4227554394115769	39.30934548377991
0.2784563347657832	0.4236312038118025	39.379345417022705
0.2631485471689162	0.41463260513956934	39.409345388412476
0.2638411152529919	0.40993708092204917	39.4493453502655
0.26596692306796715	0.4128838225366947	39.47934556007385
0.2654114125637475	0.41312766825335884	39.50934553146362
0.2610574718812543	0.41457665021541945	39.54934549331665
0.2282793260297734	0.4226906134058713	39.57934546470642
0.22543022676555272	0.4271415331974159	39.61934542655945
0.2252478194602272	0.42767756425439796	39.64934539794922
0.22572547267717724	0.4254675098430967	39.67934536933899
0.22565152866496002	0.4241167620801445	39.70934557914734
0.2262618544535221	0.4247140189689983	39.749345541000366
0.2271978526620518	0.4229236660733796	39.77934551239014
0.2282858918510644	0.4213482513567543	39.80934548377991
0.28277470776272434	0.41467811236443675	39.849345445632935
0.28738906517250945	0.4108327391736311	39.879345417022705
0.290651201626902	0.41386721984893904	39.909345388412476
0.28966227580929105	0.41556925287957774	39.9493453502655
0.2895328939319433	0.41737292130070547	39.97934556007385
0.2885412526615678	0.4175250008065815	40.00934553146362
0.28746875898890273	0.41798924313311125	40.04934549331665
0.28784056166630934	0.4192134582155088	40.07934546470642
0.2861166681141836	0.41814800597617646	40.10934543609619
0.26487433203643795	0.4235455130563621	40.14934539794922
0.2613689380432322	0.4239935398427362	40.17934536933899
0.25891458447631255	0.4252689107277081	40.20934557914734
0.2583679893224869	0.42723468617054977	40.249345541000366
0.259614615192953	0.42781707282961917	40.27934551239014
0.2594095804284273	0.42866543217532255	40.30934548377991
0.2613565240294585	0.4270827114942759	40.349345445632935
0.2609063126925582	0.4293007706716792	40.379345417022705
0.392346115033598	0.397784762808343	40.4493453502655
0.39121037833513667	0.40072018706079776	40.47934556007385
0.3890201761402011	0.40322101504270674	40.50934553146362
0.38818843267007486	0.4053045315868485	40.54934549331665
0.3853631032050862	0.40645103582312314	40.57934546470642
0.38360140786245556	0.4065111435121502	40.60934543609619
0.3831931983554561	0.4066408670971548	40.64934539794922
0.38419530545388086	0.40475588891186454	40.67934536933899
0.3838402262628254	0.40234165623190393	40.70934557914734
0.3890778906615224	0.39907828250998645	40.749345541000366
0.45324366937283955	0.3905033248281051	40.77934551239014
0.4559341714107421	0.38632781870283994	40.80934548377991
0.4554800416180143	0.38577810149918557	40.849345445632935
0.4557720844039964	0.3838100746183924	40.879345417022705
0.4544258536644533	0.37895954059958936	40.909345388412476
0.4535449197129059	0.3787219999148323	40.9493453502655
0.46968535480955653	0.38105904138935626	40.97934556007385
0.501869289472686	0.367692025594833	41.069345474243164
0.5025105255054847	0.3681080828398574	41.099345445632935
0.5032557329491231	0.36783783224471167	41.10934543609619
0.501307048493796	0.36750745788058425	41.14934539794922
0.5019436163438364	0.36918955075162396	41.17934536933899
0.5373287025699657	0.362959272120821	41.20934557914734
0.5418950431514716	0.3600149411474849	41.249345541000366
0.5456759263484708	0.36040091047670936	41.27934551239014
0.5465638491012128	0.35956231649489345	41.30934548377991
0.5460684971627208	0.3607064932329481	41.349345445632935
0.5459283086047868	0.3599523440688797	41.379345417022705
0.5463886240447435	0.36001215323844254	41.41934537887573
0.5456400407156501	0.36049957673409005	41.4493453502655
0.5452485971134488	0.35861914770810815	41.47934556007385
0.5469945250600949	0.35898296691787956	41.50934553146362
0.5528526014941638	0.35697535532209895	41.54934549331665
0.6139051737828275	0.3579270933277638	41.57934546470642
0.6149870318707752	0.3603652287888188	41.60934543609619
0.6152748258659974	0.3614249843644351	41.64934539794922
0.6135522317236874	0.362159613767881	41.67934536933899
0.6125479650965492	0.3633147672372674	41.70934557914734
0.6113868061532111	0.3620584170513537	41.749345541000366
0.6110962592403884	0.36205474404324584	41.77934551239014
0.6090212510186253	0.36375288482577073	41.80934548377991
0.6075156415923533	0.3628279128128646	41.849345445632935
0.6069026811783693	0.3615678357770758	41.879345417022705
0.6145180766572811	0.3614742342413325	41.909345388412476
0.6575474099830056	0.3557581366069138	41.9493453502655
0.6591660222983605	0.35688782396037927	41.97934556007385
0.6590215835297444	0.36103168261058105	42.00934553146362
0.6579268099957315	0.3619258101000033	42.04934549331665
0.6579448934434659	0.36144796089032233	42.07934546470642
0.6648146219537373	0.3597864897859644	42.10934543609619
0.6934875536845406	0.36289470513891114	42.14934539794922
0.6949772220717164	0.361736992939661	42.17934536933899
0.6951881335300062	0.3640174377499297	42.20934557914734
0.6938125514749492	0.3638614394103706	42.249345541000366
0.6938111573190389	0.36601656079177164	42.27934551239014
0.6944648888409775	0.36451150673324223	42.30934548377991
0.6926766544363997	0.3663299356804781	42.349345445632935
0.28125983162591306	0.3473960882348176	42.409345388412476
0.25729979085147825	0.3531752229197612	42.4493453502655
0.2581558125300317	0.3530113424572535	42.47934556007385
0.25942426160288373	0.35483097232986516	42.50934553146362
0.2575484563968547	0.3545980318387061	42.54934549331665
0.25575114450055175	0.35745728764043444	42.57934546470642
0.2554175820925029	0.35890635990222	42.60934543609619
0.2547441432854431	0.36265969250933616	42.64934539794922
0.25187664299676354	0.36524961879841794	42.67934536933899
0.2509966809184632	0.36681079598855565	42.70934557914734
0.250703912114335	0.36955046276367554	42.749345541000366
0.24976987530658437	0.3717825152251477	42.77934551239014
0.24878189452372798	0.3728648023493447	42.80934548377991
0.33627967773378803	0.35761476328224195	42.879345417022705
0.3388335821699389	0.35779729076335826	42.909345388412476
0.3365592553577282	0.3592709450698212	42.9493453502655
0.3343252661974976	0.3631406215380554	42.97934556007385
0.333155897591404	0.3643408180088129	43.00934553146362
0.3322021858629761	0.3675238690108887	43.04934549331665
0.3327829693502134	0.3671143354033488	43.07934546470642
0.3400955576556999	0.36329861339570363	43.10934543609619
0.43076892491432844	0.3522799872638734	43.14934539794922
0.43420433848471285	0.35256796202281443	43.17934536933899
0.4336734995871272	0.3565371549129213	43.20934557914734
0.4323048475872098	0.35717549511470226	43.249345541000366
0.43218773656384396	0.3571622742078134	43.27934551239014
0.43968337300194005	0.3530729466382952	43.30934548377991
0.4873673139499628	0.3479559864735981	43.349345445632935
0.490432436804619	0.34578042385312685	43.379345417022705
0.48932903788368404	0.3450139649432463	43.409345388412476
0.5368055920292049	0.3379304051476069	43.4493453502655
0.5728269255024547	0.32986244136647147	43.47934556007385
0.5746005982225973	0.3312942228295938	43.50934553146362
0.5746749480829912	0.3292645757872272	43.54934549331665
0.5728631977962902	0.32738230303400373	43.57934546470642
0.5714632263144973	0.32714292201498607	43.60934543609619
0.5718139628591631	0.3267104728315296	43.64934539794922
0.5726054354023584	0.3252815389675325	43.67934536933899
0.6307207093419711	0.31518658589757764	43.70934557914734
0.64942857799054	0.31559422863716435	43.749345541000366
0.6506829675901695	0.315594850533301	43.77934551239014
0.6491377262979079	0.3141837612907461	43.80934548377991
0.6483059597537654	0.31431564147742186	43.849345445632935
0.64742214418253	0.3106855168434497	43.879345417022705
0.6464965897270013	0.3072173902755235	43.909345388412476
0.6461055504293189	0.3084232666371895	43.9493453502655
0.6450493687303264	0.308318088053837	43.97934556007385
0.6466274472382354	0.30413863772272853	44.00934553146362
0.6432282771660441	0.3052506689512307	44.04934549331665
0.643744413404156	0.30117099935152336	44.07934546470642
0.6761178417569979	0.3080894819585573	44.11934542655945
0.6787008430031002	0.30835418520075464	44.16934537887573
0.6806236686027876	0.3074934777151555	44.17934536933899
0.4021796335741957	0.7230592927089082	44.249345541000366
0.38573528284212005	0.7487873831209125	44.27934551239014
0.3893764791616629	0.7476068752404549	44.319345474243164
