COORDENADA X	 COORDENADA Y	 TEMPO
0.6453178554065689	0.6583295648040938	0.008679628372192383
0.6478326210129232	0.6635061610384045	0.04867959022521973
0.6458137510738192	0.6511182652485983	0.07867956161499023
0.6430707989577141	0.6208257624618677	0.10867977142333984
0.648745127093964	0.6279298914682062	0.1486797332763672
0.6483644831372639	0.6326626094891705	0.1786797046661377
0.6488253499495044	0.6395242053594798	0.2086796760559082
0.6452315654026216	0.6414028601207986	0.24867963790893555
0.5467831387644356	0.6425049652235678	0.27867960929870605
0.5431866751881119	0.6442763250685123	0.30867958068847656
0.5425193936342251	0.6514325103781112	0.348679780960083
0.5402755007591308	0.6520956153119926	0.3786797523498535
0.5382915784750224	0.6570906562889851	0.408679723739624
0.5343760530713985	0.653158369590861	0.44867968559265137
0.5318903271038564	0.6499490316665374	0.4786796569824219
0.5279147130063239	0.6470915873804043	0.5086796283721924
0.5236831995058492	0.6463646559645648	0.5486795902252197
0.5287143584233537	0.6529216236104497	0.5786795616149902
0.524395810403844	0.6521805316608115	0.6086797714233398
0.5213753468237553	0.6539973225022884	0.6486797332763672
0.5195568147837596	0.6556026020544332	0.6786797046661377
0.5736864094848059	0.699100016983799	0.7086796760559082
0.6198310284710233	0.7128065800359742	0.7486796379089355
0.6138556094375149	0.7123347768633698	0.778679609298706
0.6114352262502438	0.7166838730295209	0.8086795806884766
0.609801063070756	0.7243803792759644	0.848679780960083
0.6073057511050146	0.726918522149792	0.8786797523498535
0.6319746793539605	0.7135083271742765	0.908679723739624
0.6401156437370961	0.7243170949677391	0.9486796855926514
0.6371036708196967	0.7247857848157561	0.9786796569824219
0.6355684977904931	0.7283856473542718	1.0086796283721924
0.5287405667591162	0.6553262619365634	1.0786795616149902
0.5254276694019667	0.6544262342932059	1.1086797714233398
0.5247759945974383	0.6544642791782533	1.1486797332763672
0.525231888868114	0.6551495820864381	1.1786797046661377
0.5221405887894263	0.6527418420127564	1.2086796760559082
0.5231961357197132	0.6548260610620894	1.2486796379089355
0.5236910314773733	0.6555081520002897	1.278679609298706
0.5245584534724619	0.6543683483111238	1.3086795806884766
0.5248138279036885	0.6510671357136125	1.348679780960083
0.517158440058197	0.6562218394866877	1.3786797523498535
0.5189741690596426	0.6523908290049634	1.408679723739624
0.5168451097811994	0.6547881837656799	1.4486796855926514
0.5133777837157496	0.6588483558722168	1.4786796569824219
0.5128851621166218	0.6479090819111385	1.5086796283721924
0.5859670397372035	0.6572317932145165	1.5486795902252197
0.5808456773776816	0.6564003831454853	1.5786795616149902
0.5809825459028692	0.6589429354219073	1.6086797714233398
0.5793173302331802	0.6616161808585121	1.6486797332763672
0.5783774933217213	0.6646764987675366	1.6786797046661377
0.5789314981100516	0.6640416231698593	1.7086796760559082
0.5807586297495355	0.6640757075669278	1.7486796379089355
0.6267447517221044	0.6737203883864004	1.778679609298706
0.628103537996122	0.6664526835218402	1.8086795806884766
0.627732980680151	0.6664923417323698	1.848679780960083
0.6283219386977869	0.6646952339446288	1.8786797523498535
0.6301261900113901	0.6664047771772998	1.908679723739624
0.6294914041620795	0.6669211209499943	1.9486796855926514
0.6288189451684307	0.6679517946171754	1.9786796569824219
0.6417210774438431	0.6693081066912945	2.0086796283721924
0.6774314532907771	0.6725404044814702	2.0486795902252197
0.6716773796325727	0.6710260818035174	2.0786795616149902
0.6717189852916594	0.6757043648207158	2.10867977142334
0.6694144854973745	0.67811545853085	2.148679733276367
0.6682779738498434	0.6802124253131637	2.1786797046661377
0.6695533221086425	0.6778188790135777	2.208679676055908
0.6721659793250649	0.6777573374183672	2.2486796379089355
0.6685869396704482	0.6795680617379927	2.278679609298706
0.670183008121121	0.679866805881135	2.3086795806884766
0.6716029353603481	0.6790586478914975	2.348679780960083
0.7152935580522989	0.6834469730246382	2.3786797523498535
0.7149458920652438	0.6801033456839861	2.408679723739624
0.7129239057349718	0.6831812778654622	2.4486796855926514
0.7136106462468756	0.6838132230938418	2.478679656982422
0.7126793933502634	0.6854544805356633	2.5086796283721924
0.7598763283189925	0.6915273981933137	2.5486795902252197
0.7575568889504	0.6825439001867376	2.5786795616149902
0.758588856158412	0.6873957698487947	2.60867977142334
0.7574195745111707	0.6898762075534074	2.648679733276367
0.7580624757390657	0.6922323680806013	2.6786797046661377
0.7585505465801659	0.692758305022358	2.708679676055908
0.7593894260398769	0.6915240682555613	2.7486796379089355
0.7553285768301418	0.6942996416120083	2.778679609298706
0.7559546648462876	0.6935733028457436	2.8086795806884766
0.7781790564020424	0.6944567607133493	2.848679780960083
0.7813490486351079	0.691641027685275	2.8786797523498535
0.7815623564272066	0.6925930463041385	2.908679723739624
0.7804123215752026	0.6942713755044112	2.9486796855926514
0.7862921935607063	0.6951481898718522	2.978679656982422
0.8619146656008188	0.7029680632641467	3.0086796283721924
0.8586814816107434	0.6998128147579046	3.0486795902252197
0.8560838057690907	0.7027756863101723	3.0786795616149902
0.8558503219483121	0.7040854870623605	3.10867977142334
0.6064825939402554	0.48278963565646843	3.148679733276367
0.606872010522367	0.48505180740419374	3.1786797046661377
0.6067753105148275	0.48604201538023867	3.208679676055908
0.8547895890827704	0.7077874804576845	3.2486796379089355
0.8541391646477575	0.706912268705833	3.278679609298706
0.8946732326266563	0.7121309966439848	3.3086795806884766
0.8949833784933399	0.7117026710724116	3.348679780960083
0.8940715258466708	0.7129889421328006	3.3786797523498535
0.8928893471886825	0.7134038130426126	3.408679723739624
0.5466552664513163	0.6085377698668059	3.478679656982422
0.5411961310163754	0.6094756422821961	3.5086796283721924
0.5347854514845851	0.6102520082144939	3.5486795902252197
0.5276989350589055	0.6068357155155342	3.5786795616149902
0.5223516751538971	0.6089330986761645	3.60867977142334
0.5168442854659289	0.613395127856405	3.648679733276367
0.5138894926726439	0.6139996634593676	3.6786797046661377
0.5129814154078255	0.6120371046188318	3.708679676055908
0.5117520021418295	0.6120703927075818	3.7486796379089355
0.5399364293425851	0.6110269998719522	3.778679609298706
0.567767006351223	0.6242852843282545	3.8086795806884766
0.5621787583982272	0.6223271473219493	3.848679780960083
0.560712385177011	0.6235893243424254	3.8786797523498535
0.5599630880866244	0.624769273387184	3.908679723739624
0.5607318333308082	0.6269042843054712	3.9486796855926514
0.5636646968065954	0.6245900440500615	3.978679656982422
0.6134429218589403	0.6248673683984799	4.008679628372192
0.6130118428681485	0.6198214672867539	4.04867959022522
0.6125569574762729	0.6199406896636995	4.07867956161499
0.6098063700593077	0.6240599867795501	4.10867977142334
0.6108761384930977	0.6238920756084086	4.148679733276367
0.6119253175057984	0.6236226058268074	4.178679704666138
0.6125269690830153	0.6211711751098239	4.208679676055908
0.6154922685284148	0.6174588812850497	4.2486796379089355
0.6494354208300347	0.6220099291688777	4.278679609298706
0.6484985789761412	0.621236866457288	4.318679571151733
0.6500740509834154	0.6203022324437834	4.348679780960083
0.6510761279189118	0.6203338879859359	4.3786797523498535
0.6508362195435877	0.6192564747747589	4.418679714202881
0.6531560580667085	0.6146237657192857	4.448679685592651
0.6911849912937043	0.6164889496828264	4.478679656982422
0.6909504686330032	0.6169578703045718	4.518679618835449
0.689526565898417	0.616842139896745	4.54867959022522
0.6901934750660741	0.616885784091165	4.57867956161499
0.7454423723362263	0.6188369840528526	4.618679761886597
0.7461901711191309	0.617763779997688	4.648679733276367
0.7464000767348858	0.6188188700870723	4.678679704666138
0.7458541739275164	0.6216345268601459	4.718679666519165
0.7446118363382791	0.6230975895155312	4.7486796379089355
0.7436942598008248	0.6233745091021275	4.778679609298706
0.7434871412919333	0.6251980477539437	4.818679571151733
0.7427442248930519	0.625583921313737	4.848679780960083
0.7434789856418165	0.6247152981296404	4.8786797523498535
0.7931283486593864	0.6237984311860301	4.918679714202881
0.8175744426479886	0.6333205587462827	4.948679685592651
0.8159462671939346	0.6337767609812407	4.978679656982422
0.8153232484610274	0.6358265758688442	5.018679618835449
0.8145310623111631	0.6383615888147507	5.04867959022522
0.8140203507210882	0.6377518963725953	5.07867956161499
0.8136638331670916	0.6387740841364902	5.118679761886597
0.8123145936381503	0.6396065086363248	5.148679733276367
0.8117325924145505	0.6371322608188777	5.178679704666138
0.8120223129491092	0.6391154279139318	5.218679666519165
0.8293362839713074	0.6364662006814723	5.2486796379089355
0.8550837977522852	0.6425719682264316	5.278679609298706
0.853902269108383	0.6421525542186188	5.318679571151733
0.8510651765805458	0.6436095486679206	5.348679780960083
0.8510320628356715	0.6427296585658981	5.3786797523498535
0.8503944247034004	0.6421752712482566	5.418679714202881
0.8484803772909568	0.6433773176964352	5.448679685592651
0.8490387319052046	0.643747752514026	5.478679656982422
0.8477727287793249	0.6430387366451201	5.518679618835449
0.8463443661621809	0.6447777441193149	5.54867959022522
0.5421660790626802	0.5679728368856647	5.618679761886597
0.5369500647931246	0.5662088860439972	5.648679733276367
0.5317707213638404	0.5696133376980098	5.678679704666138
0.5249485978163255	0.572673640449334	5.718679666519165
0.5194597006054525	0.5755244800769108	5.7486796379089355
0.5166116524256449	0.5766288730232716	5.778679609298706
0.5447724947487619	0.5692149685512625	5.818679571151733
0.5423935174785522	0.5700796077930034	5.848679780960083
0.5428322878727261	0.5723088124726402	5.8786797523498535
0.5424417589108441	0.5727156719621403	5.918679714202881
0.5424704929798528	0.5699913965906818	5.948679685592651
0.5471964369418136	0.5689877217282032	5.978679656982422
0.5834777683351983	0.5694591502824041	6.018679618835449
0.5825987236915405	0.5675500876907201	6.04867959022522
0.5834412698219605	0.5678956727075293	6.07867956161499
0.582971729707306	0.5689809017574945	6.118679761886597
0.5820669022992278	0.5676871687071564	6.148679733276367
0.5824372541657502	0.5687000287013826	6.178679704666138
0.5815341697130834	0.569035991590464	6.218679666519165
0.6282735042160067	0.5614016836444163	6.2486796379089355
0.6567100735852981	0.5658305452055618	6.278679609298706
0.6556845159813182	0.562309692998447	6.318679571151733
0.6522912859420175	0.5661572002947315	6.348679780960083
0.6508060374839661	0.5685842562967955	6.3786797523498535
0.6494757126978744	0.571872991188966	6.418679714202881
0.6490862865051084	0.5725883721830034	6.448679685592651
0.6486158418881222	0.5734496867438558	6.478679656982422
0.6428018938722255	0.5747758131159696	6.518679618835449
0.6403305784085083	0.5778643891081888	6.54867959022522
0.6387774342079601	0.5794357378964992	6.57867956161499
0.6383810311801602	0.5803398307007186	6.618679761886597
0.6896768361826344	0.5689876734303813	6.648679733276367
0.738491231904719	0.5820666292790229	6.678679704666138
0.7370814478207205	0.5832515483913131	6.718679666519165
0.7355569489288495	0.5840040021645313	6.7486796379089355
0.7348909854909086	0.5860513709664725	6.778679609298706
0.7340666889519364	0.5857785592625783	6.818679571151733
0.7337774006036952	0.5860628937957064	6.848679780960083
0.7332849085604134	0.5847990016386027	6.8786797523498535
0.7352478428744503	0.5815811576790213	6.918679714202881
0.7762091340332478	0.5837577603734152	6.948679685592651
0.7763828699862196	0.5828749559009214	6.978679656982422
0.7750892174958304	0.5805814195732474	7.018679618835449
0.7748836869409154	0.5822414872976707	7.04867959022522
0.7743174913693213	0.5824479338108095	7.07867956161499
0.7741160426003374	0.5826811480512506	7.118679761886597
0.7797808364028085	0.5790832280071156	7.148679733276367
0.8149498921596864	0.5796038045745425	7.178679704666138
0.8111811785342883	0.5793390306617469	7.218679666519165
0.8095400477250982	0.5784127132344082	7.2486796379089355
0.8081659397184794	0.5786837846934744	7.278679609298706
0.8100706703137697	0.5821967103702506	7.318679571151733
0.8086109480381429	0.5821454025497124	7.348679780960083
0.8093400899782073	0.5805838302319213	7.3786797523498535
0.8101523292077561	0.5805332448875312	7.418679714202881
0.809993867192972	0.5815626957834096	7.448679685592651
0.8122743324084482	0.5797812756641405	7.478679656982422
0.8347969502413505	0.5845768829731215	7.518679618835449
0.8337400952017479	0.5818177549060823	7.54867959022522
0.8327201271844012	0.5829575572458662	7.57867956161499
0.8321474245024099	0.5833395567103158	7.618679761886597
0.831528469586422	0.5837330566257736	7.648679733276367
0.8317735980588014	0.5810752833070584	7.678679704666138
0.8308418464051868	0.5811179943773516	7.718679666519165
0.8306482983903318	0.5800969174819173	7.7486796379089355
0.8309902592947995	0.5805401516307592	7.778679609298706
0.8306006955505836	0.5801781951222832	7.818679571151733
0.8409752370987892	0.5797841875003166	7.848679780960083
0.8728158070453789	0.5833905144111359	7.8786797523498535
0.8714765920389701	0.5824692463637955	7.918679714202881
0.8706072501887558	0.5877208258124377	7.948679685592651
0.8697705378243129	0.5865139998074685	7.978679656982422
0.8696485598841506	0.5865701138814061	8.01867961883545
0.8685726480859075	0.5876842532202214	8.04867959022522
0.8673151988410689	0.5891593566411627	8.07867956161499
0.8677485089279428	0.5894454982298437	8.118679761886597
0.8986159620498146	0.6051714065510321	8.148679733276367
0.8972089592384747	0.6066139096344098	8.178679704666138
0.8981192953307161	0.6090001860775014	8.218679666519165
0.6107755444381606	0.7115351673428604	8.278679609298706
0.544814856031304	0.5171040791388213	8.318679571151733
0.5426322247014785	0.5151557534618573	8.348679780960083
0.5377518158307684	0.5147960309262742	8.378679752349854
0.5318834823115074	0.5152545343850099	8.41867971420288
0.5270630262662965	0.5179375790865928	8.448679685592651
0.5240183795498793	0.5193019903239058	8.478679656982422
0.5209021940077955	0.520962767326986	8.51867961883545
0.5204292888907702	0.5210945706967082	8.54867959022522
0.5188187216393493	0.5210559078747053	8.57867956161499
0.5239352426982545	0.5170484453314783	8.618679761886597
0.5593364368473029	0.5191354904401059	8.648679733276367
0.5578276799092926	0.5153465152248723	8.678679704666138
0.5570237489210432	0.5180371112960277	8.718679666519165
0.5552818019605126	0.5208151729481858	8.748679637908936
0.5544980122734523	0.5201937202901853	8.778679609298706
0.5534482200788876	0.5236467218308458	8.818679571151733
0.5533171496016527	0.5208348929913251	8.848679780960083
0.5934995911641706	0.5119245214406444	8.878679752349854
0.6271304472709434	0.5163430612973817	8.91867971420288
0.6241114151478961	0.5134592860692	8.948679685592651
0.6236996353238669	0.5192954954673277	8.978679656982422
0.6206840497436444	0.520447844673755	9.01867961883545
0.6204893553128478	0.5208085222191345	9.04867959022522
0.6207170561334745	0.521612150954933	9.07867956161499
0.6219509573394839	0.5219597995239617	9.118679761886597
0.6808161933416488	0.523275447820934	9.148679733276367
0.6817615835379526	0.5283598879297787	9.178679704666138
0.6788619219530384	0.5265822978420277	9.218679666519165
0.678006833320815	0.5275031124998038	9.248679637908936
0.6779374949400057	0.529437679704947	9.278679609298706
0.6777567231845559	0.5320621487157579	9.318679571151733
0.6770085905138619	0.5316944582321552	9.348679780960083
0.6766862023486749	0.5332704908419489	9.378679752349854
0.6975109204465628	0.5269011749890319	9.41867971420288
0.7713329573854024	0.5386733369405163	9.448679685592651
0.7698237586340752	0.5343338655110994	9.478679656982422
0.7666049146784853	0.5387657837334361	9.51867961883545
0.7660557678902284	0.5425950922277111	9.54867959022522
0.7655480184245708	0.5430915727440733	9.57867956161499
0.7652229972494307	0.5440071562671495	9.618679761886597
0.7649611506358329	0.5418991865699309	9.648679733276367
0.7629533297942211	0.542894574421929	9.678679704666138
0.7635682322899396	0.5415886297082105	9.718679666519165
0.796033917856819	0.5368749552167313	9.748679637908936
0.8375046378579468	0.543315032817461	9.778679609298706
0.8359893611654277	0.5403566084633488	9.818679571151733
0.8340712425569661	0.5442804596781435	9.848679780960083
0.8329223064703012	0.5463231577459973	9.878679752349854
0.8315522926819062	0.5477326119383064	9.91867971420288
0.8294594642157987	0.5479757250838103	9.948679685592651
0.8312700633555095	0.5502867640192258	9.978679656982422
0.8314047537287933	0.5505451349475635	10.01867961883545
0.8629891891672777	0.5509249656785842	10.04867959022522
0.8617197207256057	0.5497400662393955	10.07867956161499
0.8616754536670728	0.5526329478721331	10.118679761886597
0.5254482949640427	0.4688832097596669	10.218679666519165
0.5226130230111196	0.4682749964009558	10.248679637908936
0.5160874946496705	0.4690116299193402	10.278679609298706
0.5105557349993505	0.4714145887519536	10.318679571151733
0.505847130891624	0.4723338927766618	10.348679780960083
0.5029315406576221	0.4746575111884982	10.378679752349854
0.5005890689285593	0.4752867927435449	10.41867971420288
0.5134501756079084	0.4521205166146501	10.448679685592651
0.5134232429439156	0.4486607589964255	10.478679656982422
0.515191165442656	0.44811212351968627	10.51867961883545
0.5158011483113911	0.44764723015972113	10.54867959022522
0.5163161233187465	0.4452493364362545	10.57867956161499
0.5172350116734342	0.4449083477237505	10.618679761886597
0.5176069517086037	0.44645991841677213	10.648679733276367
0.5199225665328534	0.4446880228473428	10.678679704666138
0.5660359044511769	0.4421492035098542	10.718679666519165
0.5616137442620366	0.4398135698700389	10.748679637908936
0.560170725083293	0.4437443050135624	10.778679609298706
0.5594771102287305	0.44490853582231293	10.818679571151733
0.5578486611346997	0.44508547068891496	10.848679780960083
0.556837337585579	0.44531786977713456	10.878679752349854
0.55600959321211	0.44455407017644927	10.91867971420288
0.5565657551727736	0.44233458278393206	10.948679685592651
0.6063886030304445	0.4425097867017493	10.978679656982422
0.6037398331705631	0.44036489394374806	11.01867961883545
0.6033846210666088	0.4411646223499152	11.04867959022522
0.6033656032036115	0.44193511249736933	11.07867956161499
0.6043828987350643	0.4413348649258856	11.118679761886597
0.6034375491918248	0.44129564247375364	11.148679733276367
0.6030854327563898	0.4433730162794245	11.178679704666138
0.6028077577935304	0.4425060941514408	11.218679666519165
0.6078237059308225	0.4406674405362293	11.248679637908936
0.6705326557028595	0.4481899192593414	11.278679609298706
0.6677552483858846	0.44448068700153964	11.318679571151733
0.6661380892004832	0.44802426809193424	11.348679780960083
0.6672261895653737	0.4493640177168299	11.378679752349854
0.6670813651217998	0.4503451703556481	11.41867971420288
0.6656069072843842	0.45209921032662104	11.448679685592651
0.6647250415352821	0.45311089015851125	11.478679656982422
0.6983844546186191	0.45260417575028145	11.51867961883545
0.6979596629080458	0.4512476813694878	11.54867959022522
0.697874692650708	0.4517190987792248	11.57867956161499
0.6990236798880343	0.45136238782159327	11.618679761886597
0.6982799885811215	0.45353434014966154	11.648679733276367
0.6996442355219025	0.4561916166996103	11.678679704666138
0.6975816632542431	0.4560227530993458	11.718679666519165
0.7496145518461802	0.45622509134269124	11.778679609298706
0.7456062247098518	0.45579452008996224	11.818679571151733
0.746561649836825	0.457696147234308	11.848679780960083
0.7456117181420301	0.45828084276615744	11.878679752349854
0.7469264750823794	0.4596937183209624	11.91867971420288
0.7802951326390815	0.45415668088841044	11.948679685592651
0.4749359403550903	0.21996736087710844	11.978679656982422
0.47438162084264557	0.22016337471789388	12.01867961883545
0.474093111468735	0.2199045698905557	12.04867959022522
0.47441147343036183	0.2204575778124332	12.07867956161499
0.8106173055615347	0.4651343401565159	12.118679761886597
0.8039281953191602	0.46340088516122374	12.148679733276367
0.800440683234581	0.4635469044935439	12.178679704666138
0.8005125316786029	0.4632502898172069	12.218679666519165
0.7995924668417239	0.4639302501016634	12.248679637908936
0.8649144726853155	0.4683539389488214	12.318679571151733
0.8636191874224948	0.4656783240043332	12.348679780960083
0.863660852119891	0.4669807783838182	12.378679752349854
0.8618420718710804	0.46495757168417085	12.41867971420288
0.8612480196707968	0.46544181725311934	12.448679685592651
0.8607320829309073	0.4662056367126902	12.478679656982422
0.8602955664210848	0.46681857545568906	12.51867961883545
0.8611056719273484	0.4674357011884388	12.54867959022522
0.8502880604619847	0.46756450789053045	12.57867956161499
0.5543211331195717	0.4181332507110951	12.648679733276367
0.5490411545303348	0.41631071366677674	12.678679704666138
0.5382429771597879	0.41985498442656705	12.718679666519165
0.5291754933084433	0.4197420531810527	12.748679637908936
0.5274018594570522	0.41926014327054834	12.778679609298706
0.5233037815980401	0.4204395470881823	12.818679571151733
0.5205480710331749	0.4225441733016483	12.848679780960083
0.5582300970289829	0.4248276764740581	12.878679752349854
0.5621055121409965	0.4256750204061921	12.91867971420288
0.5604903396867272	0.42579405969381806	12.948679685592651
0.5591828572621242	0.42740490217969485	12.978679656982422
0.5579265873403656	0.42822690161256893	13.01867961883545
0.5567635630195691	0.4295994641575983	13.04867959022522
0.556175834739019	0.42900091153027786	13.07867956161499
0.5592646003185453	0.4278684946187898	13.118679761886597
0.6134173628468848	0.4236245106802714	13.148679733276367
0.6087305964454589	0.4243195614370644	13.178679704666138
0.6057356658424383	0.42303102992302133	13.218679666519165
0.6047846387597816	0.42560797840106757	13.248679637908936
0.604310300914137	0.4251523392686501	13.278679609298706
0.6042823721759474	0.4262194006163433	13.318679571151733
0.6040953708360461	0.4269118758243642	13.348679780960083
0.6039238596464591	0.4276926464286749	13.378679752349854
0.6031899701221732	0.4276503985398133	13.41867971420288
0.6033764292925913	0.42771631987731396	13.448679685592651
0.6081754705079342	0.4279545541258663	13.478679656982422
0.6584521217459959	0.43106146177538096	13.51867961883545
0.6574981640568067	0.4301123441585762	13.54867959022522
0.6565908584069439	0.432089155668893	13.57867956161499
0.6564117978788089	0.43336609665651776	13.618679761886597
0.6564145754340313	0.43479874485782927	13.648679733276367
0.6596719735735405	0.43496101450752406	13.678679704666138
0.7310180926347742	0.43097921909679954	13.718679666519165
0.7283216614044439	0.4281883672440832	13.748679637908936
0.7267274178464188	0.4305302007544945	13.778679609298706
0.7257921807840414	0.4311863432273289	13.818679571151733
0.7251298706865392	0.4314864551470561	13.848679780960083
0.7246260981509663	0.432917113777747	13.878679752349854
0.7245476546695133	0.43204621425053585	13.91867971420288
0.7246446292849973	0.43140486384043547	13.948679685592651
0.7243924920330391	0.4308487385576683	13.978679656982422
0.7246796386785004	0.43083932209201264	14.01867961883545
0.7668671682307209	0.42905560628744993	14.04867959022522
0.8173463834671872	0.43689990138477974	14.088679552078247
0.8148299219537358	0.43511697278314887	14.118679761886597
0.8126960613417769	0.43607352927918447	14.148679733276367
0.8115875024246494	0.43498631172070934	14.178679704666138
0.8110576954443615	0.4352648276601006	14.218679666519165
0.8100591476012972	0.43473311284736904	14.248679637908936
0.8084476565411518	0.43461431190635225	14.288679599761963
0.8072316997196715	0.43532810457209387	14.318679571151733
0.8055845505093514	0.4361844461816982	14.348679780960083
0.804963101267779	0.435844204085549	14.38867974281311
0.8397704380270374	0.4337900474363303	14.41867971420288
0.8400283496234121	0.4303232251037564	14.448679685592651
0.8397000451665089	0.43029711830312883	14.488679647445679
0.8401994760823371	0.43136099112173953	14.51867961883545
0.8400121810170461	0.4324804200482432	14.54867959022522
0.8410837922109732	0.4321307683091538	14.588679552078247
0.8411520605406783	0.4334202586718221	14.618679761886597
0.8381576669722053	0.43158224172245463	14.648679733276367
0.832273750006797	0.4304541420417124	14.688679695129395
0.8312632624254697	0.4317758495337202	14.718679666519165
0.8305235347171422	0.43196073067380586	14.748679637908936
0.8305619056029537	0.4315177389372921	14.788679599761963
0.8317729918996809	0.43180558016819165	14.818679571151733
0.887012960845217	0.43669932967752356	14.848679780960083
0.8866151493362091	0.43729049139891146	14.88867974281311
0.88628737807124	0.44030185092313334	14.91867971420288
0.8853342338958312	0.4395742556880952	14.948679685592651
0.8843664208087059	0.4401412230236687	14.988679647445679
0.8834361819184284	0.44080719551443476	15.01867961883545
0.8624559016889234	0.43770797320659505	15.04867959022522
0.8609028532619681	0.43621308925502394	15.088679552078247
0.8610592019778693	0.43733173381129553	15.118679761886597
0.8616005591540997	0.43459942172551463	15.148679733276367
0.8612927617570012	0.4343446996032357	15.188679695129395
0.8603911975464653	0.43473990126104994	15.218679666519165
0.86076326061397	0.43402203837674935	15.248679637908936
0.8649527339520581	0.431627795856669	15.288679599761963
0.8869738476316429	0.439237493868676	15.318679571151733
0.8865655558536703	0.4370403367706087	15.348679780960083
0.8833919931283977	0.4368176929135883	15.38867974281311
0.5513774098322511	0.3713625728868632	15.448679685592651
0.5384114589514343	0.372699409882388	15.488679647445679
0.5348139938006076	0.3710577819780219	15.51867961883545
0.5226004361459425	0.3743956157082427	15.54867959022522
0.5198672903335828	0.3740411113459351	15.588679552078247
0.516411469929388	0.3740022525418141	15.618679761886597
0.5126426749118734	0.3752901454063207	15.648679733276367
0.510131491802603	0.3757761920061143	15.688679695129395
0.5073555253150337	0.3775597606485923	15.718679666519165
0.5680381689846676	0.41421932636443304	15.748679637908936
0.5590063816129521	0.38160386564926874	15.788679599761963
0.5566229660732256	0.38196027816419026	15.818679571151733
0.5554268665156217	0.3837116642086932	15.848679780960083
0.5536862067708325	0.3832805573746099	15.88867974281311
0.5516432372682997	0.3840888682857084	15.91867971420288
0.5511892640295848	0.38625515361990187	15.948679685592651
0.5493605231864286	0.3878143430543071	15.988679647445679
0.5491494780724551	0.38864605174309963	16.01867961883545
0.5623184470311375	0.38139073498540743	16.04867959022522
0.5845762599873869	0.3872059790812029	16.088679552078247
0.5820460903016139	0.3854493160272378	16.118679761886597
0.5813538758834406	0.3862012271749941	16.148679733276367
0.5812749090437249	0.38812077227059527	16.188679695129395
0.5832441897202184	0.3877158185562472	16.218679666519165
0.6305821524692714	0.38826427488222115	16.248679637908936
0.6303805985804554	0.3855385721578863	16.288679599761963
0.648566678943683	0.3848568755111417	16.318679571151733
0.3554698119144613	0.16822035343529276	16.348679780960083
0.3544900112696843	0.16709586840534038	16.38867974281311
0.3555508075740329	0.17062245323378789	16.41867971420288
0.3551549774874468	0.17180407595241834	16.44867968559265
0.6594121989811738	0.39403292254294753	16.48867964744568
0.6589367188148001	0.3939433988408231	16.51867961883545
0.6580955759542361	0.39520954200895503	16.54867959022522
0.6587284911628367	0.3965777712708582	16.588679552078247
0.6581901846854021	0.396168969130559	16.618679761886597
0.6574444743622879	0.3955574978020743	16.648679733276367
0.67101949245715	0.3903465923090361	16.688679695129395
0.7160372909220332	0.39580069370259113	16.728679656982422
0.7144698394803211	0.39466428140832993	16.748679637908936
0.7128293414217	0.396006035878676	16.788679599761963
0.7117586834503242	0.396597293987898	16.818679571151733
0.71105551573617	0.39808572451938434	16.848679780960083
0.7107022819061661	0.3994802060955493	16.88867974281311
0.7105989054923356	0.3995023685581602	16.91867971420288
0.7089880162984792	0.40049306692092607	16.94867968559265
0.709538325931719	0.40141590175262576	16.98867964744568
0.7260023895129585	0.4039179338970051	17.01867961883545
0.7678180918534996	0.4055098433171071	17.058679580688477
0.7651018834493953	0.4032869830501404	17.088679552078247
0.7641396409848126	0.4057828455432571	17.118679761886597
0.7624377531753733	0.4066686411463684	17.148679733276367
0.7615825836399729	0.4079275405115657	17.188679695129395
0.7605209750666934	0.4068839877509784	17.218679666519165
0.7587393256975868	0.4072035751432931	17.248679637908936
0.7581647066263182	0.4064582022001005	17.288679599761963
0.756972921829891	0.4062375691471426	17.318679571151733
0.7563453985070051	0.4046631316323168	17.348679780960083
0.7567650791148403	0.40448513392406427	17.38867974281311
0.7562970085799928	0.40450550213027625	17.41867971420288
0.7563852981377224	0.40479333849353655	17.44867968559265
0.7558164671646026	0.40555324843620216	17.48867964744568
0.7560768686024144	0.4066269607569488	17.51867961883545
0.7559318954471042	0.4052573514074383	17.54867959022522
0.7031947955572657	0.39689164141243	17.588679552078247
0.7026941574935589	0.39688316972497806	17.618679761886597
0.7009394232955009	0.397432488624673	17.648679733276367
0.7001456732405008	0.39735836365695454	17.688679695129395
0.700175232169173	0.39767419558147094	17.718679666519165
0.7004813505089116	0.39676724726129275	17.748679637908936
0.7005697655595442	0.3956798621259443	17.788679599761963
0.7009005617264232	0.39675629957101305	17.818679571151733
0.7013853688912065	0.39605201366857407	17.848679780960083
0.7053766976737066	0.39470799739148543	17.88867974281311
0.7703586211865644	0.3935503039695302	17.91867971420288
0.7680563956420752	0.39235108406643576	17.94867968559265
0.7670290853608664	0.3932960717598923	17.98867964744568
0.7654681390242604	0.3960210803569798	18.01867961883545
0.7642091475610746	0.3951856355898465	18.04867959022522
0.7636106995672641	0.3960077380505669	18.088679552078247
0.7620107016341077	0.3950175918306861	18.118679761886597
0.8222895379820727	0.400040020474804	18.148679733276367
0.8237082506377408	0.40268778580870596	18.188679695129395
0.8234754908631268	0.4041843408430813	18.218679666519165
0.8227912075252976	0.4049674952827942	18.248679637908936
0.8224802314822962	0.4045454203774737	18.288679599761963
0.8222700751856867	0.4051683438981559	18.318679571151733
0.5062010526142886	0.34794605995735184	18.41867971420288
0.502604367746708	0.34765357496192284	18.44867968559265
0.4975970183102731	0.34756837874024127	18.48867964744568
0.49279268826364947	0.3467252926042993	18.51867961883545
0.4884345999607309	0.3487922940862324	18.54867959022522
0.4850516410576704	0.3479960962038841	18.588679552078247
0.4833321225355493	0.34932197937811177	18.618679761886597
0.5336271072375941	0.3537034592786873	18.648679733276367
0.5319759761545855	0.3524704120980292	18.688679695129395
0.5299581458598843	0.354517575877646	18.718679666519165
0.5285113361044443	0.3554588495583008	18.748679637908936
0.5291127964942339	0.3574044821462571	18.788679599761963
0.5286925173721131	0.3556592976091767	18.818679571151733
0.5874274274249695	0.3463377864197538	18.848679780960083
0.5875938136341883	0.3480905066256992	18.88867974281311
0.5876800382346098	0.3510499935045009	18.91867971420288
0.5870109904623415	0.351399097443499	18.94867968559265
0.5854919053072003	0.3521627528545918	18.98867964744568
0.5848590951673334	0.3516311711816084	19.01867961883545
0.5844595472690711	0.35168917664258587	19.04867959022522
0.583959456452661	0.35291572567775487	19.088679552078247
0.5838300796155662	0.3526806559231886	19.118679761886597
0.5818531834849547	0.3519212460058672	19.148679733276367
0.5816282477745945	0.35283359598497965	19.188679695129395
0.5813965579983247	0.35347672094833227	19.218679666519165
0.5825252528638617	0.3529102327229872	19.248679637908936
0.5824738124856701	0.35226968992483454	19.288679599761963
0.5812397641532806	0.3516558044437239	19.318679571151733
0.5812245085098269	0.35220524444926354	19.348679780960083
0.5814322320859541	0.353872025211479	19.38867974281311
0.5814131209647727	0.354830574942411	19.41867971420288
0.5806153300773521	0.3568485976298555	19.44867968559265
0.5972396667963692	0.3526784911703144	19.48867964744568
0.596820411634798	0.3512031801836675	19.51867961883545
0.5965451430167202	0.3536113320151614	19.54867959022522
0.5961718126940346	0.3558268074221707	19.588679552078247
0.5959544726456126	0.3580922997769377	19.618679761886597
0.5951209261225135	0.36040348727774796	19.648679733276367
0.5949599505718616	0.36059532268894057	19.688679695129395
0.5954803186144682	0.3614625326082	19.718679666519165
0.5948990856864186	0.3621488378981661	19.748679637908936
0.5929473134193188	0.3626898586383928	19.788679599761963
0.5917986951983452	0.3661045142742956	19.818679571151733
0.6344806392232084	0.3552718910819123	19.848679780960083
0.6539327212543359	0.36368401085837776	19.88867974281311
0.6534797973447876	0.3626678111431994	19.91867971420288
0.6526093103119863	0.3674578267813874	19.94867968559265
0.6515235435909266	0.36644015530916374	19.98867964744568
0.6509552469217755	0.3652544112898242	20.01867961883545
0.6535044038454839	0.36293761315675566	20.04867959022522
0.6842277797200561	0.36232677143953923	20.088679552078247
0.6842212553271543	0.3613940382964197	20.118679761886597
0.6832242231004322	0.3621839669125773	20.148679733276367
0.6829874747387646	0.3627107147945116	20.188679695129395
0.6833690230097721	0.3638026093075042	20.218679666519165
0.6831638192976246	0.3636638774994541	20.248679637908936
0.6834178366673508	0.3632181169666994	20.288679599761963
0.6828885891812442	0.36346582953737316	20.318679571151733
0.7712927234099848	0.3665851657270205	20.38867974281311
0.7692260038385391	0.3649391449466562	20.41867971420288
0.7689677161035292	0.3676453160073968	20.44867968559265
0.7682612697732901	0.3666521797309605	20.48867964744568
0.7674748924376105	0.3682630240824484	20.51867961883545
0.7667575839809431	0.3708500152610331	20.54867959022522
0.7667102610514698	0.36986586984948383	20.588679552078247
0.765582951986468	0.3706835387516782	20.618679761886597
0.7653729512399556	0.36853083113590046	20.648679733276367
0.7691613597759829	0.36797698551762537	20.688679695129395
0.8356783446674836	0.3729157683773112	20.718679666519165
0.8340183431239748	0.37277382454384494	20.748679637908936
0.83180470044755	0.37411714067665386	20.788679599761963
0.8308984490956897	0.3714923018512588	20.818679571151733
0.8295675499137277	0.3718452544964479	20.848679780960083
0.8281512837001253	0.3720933326367615	20.88867974281311
0.8581662498347296	0.37291010895766996	20.91867971420288
0.8559416249172691	0.36885296161816045	20.94867968559265
0.8576695388254058	0.37098132777854764	20.98867964744568
0.8588700383582738	0.3726381835639136	21.01867961883545
0.8597565005532023	0.37469216437514935	21.04867959022522
0.8599193311642687	0.37482529453860763	21.088679552078247
0.8613917956049767	0.37548714896203333	21.118679761886597
0.8071510680707914	0.37108907562877697	21.148679733276367
0.5503137127026099	0.3329614567621843	21.218679666519165
0.5426750944523796	0.3325943956230026	21.248679637908936
0.5366330261523322	0.3357269003910017	21.288679599761963
0.5308102755921283	0.335242540378771	21.318679571151733
0.5259448603200082	0.3369622785042749	21.348679780960083
0.520693721603734	0.3382481598777737	21.38867974281311
0.5164586270614754	0.3388175640281772	21.41867971420288
0.5128919361454841	0.3388281982898744	21.44867968559265
0.49934565281831306	0.33693480795261443	21.48867964744568
0.4914435442571827	0.33362732858595057	21.51867961883545
0.49046330516851144	0.3353586204761393	21.54867959022522
0.48945094469129347	0.3373326687913957	21.588679552078247
0.4882879782257583	0.334914535466259	21.618679761886597
0.4892909485438976	0.33421872597016977	21.648679733276367
0.48599561098646765	0.33257673042348695	21.688679695129395
0.4828418522401121	0.33195029446644175	21.718679666519165
0.4822603220295802	0.33187755206186986	21.748679637908936
0.48024340364699114	0.3311438025366797	21.788679599761963
0.4805137343106268	0.33128305002445196	21.818679571151733
0.4799696019494716	0.33087634242308134	21.848679780960083
0.571304014203223	0.3177811551948289	21.88867974281311
0.567759964927863	0.3185800562765583	21.91867971420288
0.5640462844759918	0.3174354728038165	21.94867968559265
0.5630653903900038	0.31856101776271095	21.98867964744568
0.5613262412309408	0.31843190988702186	22.01867961883545
0.5606355978859702	0.31922828759303246	22.04867959022522
0.5864677301691421	0.31356825006377653	22.088679552078247
0.6039999730163389	0.3164456113221734	22.118679761886597
0.6024551028087234	0.3162440094249507	22.148679733276367
0.6021767579629924	0.3171427774303372	22.188679695129395
0.601229312582959	0.31687709486501214	22.218679666519165
0.6016149183356437	0.3164901892767103	22.248679637908936
0.6062420190324654	0.31669525262813825	22.288679599761963
0.6538314927536137	0.32032845716616165	22.318679571151733
0.6525416312060877	0.3223437919586519	22.348679780960083
0.6516991096683322	0.3227626764052335	22.38867974281311
0.6520149444119476	0.3236270263700936	22.41867971420288
0.6509153392160872	0.3224007278259045	22.44867968559265
0.651139035381147	0.3234354027027968	22.48867964744568
0.6509125300398511	0.32241026952362184	22.51867961883545
0.7012542700691523	0.3244719656442312	22.54867959022522
0.7019796238363993	0.3222381502819608	22.588679552078247
0.7030052071773307	0.3239821312975243	22.618679761886597
0.703821270350255	0.32527251681453156	22.648679733276367
0.7032812622703438	0.32557397886083894	22.688679695129395
0.7035473380238783	0.3261444414369306	22.718679666519165
0.7287991059620067	0.3259512000595193	22.748679637908936
0.732887376873856	0.3273303626454572	22.79867959022522
0.7339963924712943	0.32512280646315733	22.818679571151733
0.7347239542491748	0.33196402647211587	22.848679780960083
0.7348062359940354	0.3307419773457048	22.88867974281311
0.7346037158656992	0.3296973630829976	22.91867971420288
0.7383848760909759	0.32739415272395217	22.94867968559265
0.7795681874313268	0.3358167148740947	22.98867964744568
0.778406119072694	0.33697056853274426	23.01867961883545
0.7811525636901223	0.3363692226043589	23.04867959022522
0.825848433844904	0.34538288144225704	23.088679552078247
0.8239227225236851	0.34217238289482405	23.118679761886597
0.820912600526074	0.34355229443235885	23.148679733276367
0.8191931279823388	0.34410517570522464	23.188679695129395
0.818759358454554	0.3466658412305626	23.218679666519165
0.8189269775528429	0.3471328859960466	23.248679637908936
0.8195874787554009	0.34652897177701614	23.288679599761963
0.8204067929702301	0.3446713854090619	23.318679571151733
0.8193336861022513	0.34578492230588037	23.348679780960083
0.532368850295316	0.29703941001591405	23.44867968559265
0.5301917745895404	0.29502634108261083	23.48867964744568
0.5240697294868429	0.29609843293435056	23.51867961883545
0.5194531879694171	0.2972655968053779	23.54867959022522
0.5161936399537073	0.2985091031361186	23.588679552078247
0.5121474771601741	0.29785675918866394	23.618679761886597
0.4989869105928946	0.2998333477353931	23.648679733276367
0.48913121647645974	0.303722558860282	23.688679695129395
0.4863472222002765	0.3026496987177447	23.718679666519165
0.48578473176511566	0.30307915202200764	23.748679637908936
0.48544317277778654	0.30287918979422934	23.788679599761963
0.4840161601578101	0.30418118344968226	23.818679571151733
0.4836536187774622	0.3023704060940121	23.848679780960083
0.4825137417245093	0.30465063133206227	23.88867974281311
0.48304064875478414	0.30659562141519103	23.91867971420288
0.4826895979150676	0.30709698338478303	23.94867968559265
0.49964315231242	0.29795382409728005	23.98867964744568
0.5392678945893187	0.30196548344105784	24.01867961883545
0.5353492224870182	0.3055055344818767	24.04867959022522
0.5339926528537959	0.30528438486985143	24.088679552078247
0.532547729494856	0.3075166015706779	24.118679761886597
0.5333050582561731	0.30822880257452445	24.148679733276367
0.5315529573194646	0.3084717191687806	24.188679695129395
0.5319454259538052	0.30912486630539004	24.218679666519165
0.6087753101898061	0.30248174201736167	24.288679599761963
0.6063641606414002	0.30042449229581125	24.318679571151733
0.6077183485374239	0.3022659880322691	24.348679780960083
0.6068304051521987	0.3027434244368977	24.38867974281311
0.6065224765317202	0.30446251812509073	24.41867971420288
0.6065298850362868	0.30526318621471576	24.44867968559265
0.6062542423305932	0.30466831844902714	24.48867964744568
0.6058232107581353	0.30355868157633664	24.51867961883545
0.631712932428261	0.29912833765204094	24.54867959022522
0.6317207709240701	0.29747517520607764	24.588679552078247
0.630947291468873	0.29863277043676245	24.618679761886597
0.630755407742359	0.2989986086606185	24.648679733276367
0.6309138391483019	0.2999459567684696	24.688679695129395
0.6305760460604494	0.2991528967943802	24.718679666519165
0.6300799197344746	0.2981732036744676	24.748679637908936
0.6341273021690044	0.2952279978357443	24.788679599761963
0.6826553966212182	0.29343952071849805	24.818679571151733
0.680411355019809	0.29111517982121177	24.848679780960083
0.6787397654380143	0.2909520781480959	24.88867974281311
0.6778813511329811	0.29409669788186177	24.91867971420288
0.6771490031564776	0.2936253461809526	24.94867968559265
0.6769371578737046	0.2929782167416614	24.98867964744568
0.6762073669328801	0.2940972633188536	25.01867961883545
0.6762057535690402	0.2930909858520548	25.04867959022522
0.6748852587380679	0.29383920588361084	25.088679552078247
0.6742554371643427	0.29396968860520006	25.118679761886597
0.6790574141843114	0.2909805575557575	25.148679733276367
0.7178763771935278	0.2956303307828207	25.188679695129395
0.7154623779746023	0.292860593383854	25.218679666519165
0.7144981485506822	0.2943375955956165	25.248679637908936
0.7143387188732159	0.2950305898290447	25.288679599761963
0.7141522018976497	0.2950468685832291	25.318679571151733
0.7115839907264296	0.2924381571488476	25.348679780960083
0.714208564504686	0.29058540767867724	25.38867974281311
0.7602000009432589	0.29467478092312216	25.41867971420288
0.7580032670795954	0.2934562218836808	25.44867968559265
0.7575332486222692	0.2944752307933313	25.48867964744568
0.7559030064330972	0.290776241496137	25.51867961883545
0.7558219025658156	0.29068974970690714	25.54867959022522
0.7532006705336916	0.2921905952680275	25.588679552078247
0.752384654873242	0.29317003685939474	25.618679761886597
0.7530668303707421	0.2921069546924259	25.648679733276367
0.7904776095901986	0.2996599428034334	25.688679695129395
0.7906803900381484	0.2981837670583865	25.718679666519165
0.7902036911614595	0.29904924445349174	25.748679637908936
0.7894794105067434	0.29921389847441165	25.788679599761963
0.7895634733737286	0.3008219104830559	25.818679571151733
0.7895075207073449	0.30108283146694187	25.848679780960083
0.7879749230724565	0.3007136045424919	25.88867974281311
0.7882742981198984	0.3008498601232638	25.91867971420288
0.792368755562058	0.29944078013489545	25.94867968559265
0.8282562427192219	0.3071475019686655	25.98867964744568
0.8270159763994097	0.30644183419367677	26.01867961883545
0.8264663860299911	0.30747427317626175	26.04867959022522
0.8260274709416483	0.3060565338271017	26.088679552078247
0.8258652864986625	0.3052635591758188	26.118679761886597
0.8260810323740311	0.30438476978293977	26.148679733276367
0.8268857532129414	0.3063480675497064	26.188679695129395
0.5135494952666577	0.2479937292209781	26.248679637908936
0.5072441452215167	0.24787137391515163	26.288679599761963
0.5023774685331224	0.24970693963379334	26.318679571151733
0.4971718983172883	0.2511744402646381	26.348679780960083
0.49302321782636954	0.253278795997085	26.38867974281311
0.4885616785100861	0.256078669255902	26.41867971420288
0.4859592670255136	0.2571882460777771	26.44867968559265
0.47976414281925117	0.2584763840607655	26.48867964744568
0.4736186069700217	0.2596167263035235	26.51867961883545
0.47069172034650814	0.2627510526034274	26.54867959022522
0.46849847531231836	0.26460358223067815	26.588679552078247
0.5315329131037627	0.2622483735320984	26.648679733276367
0.5293941010949657	0.2639454265535376	26.688679695129395
0.5283122178562878	0.26625239524731303	26.718679666519165
0.5276545431501651	0.2668524951430368	26.748679637908936
0.5276781656779859	0.26913634104236	26.788679599761963
0.5268292021175229	0.2698255802711298	26.818679571151733
0.5276445012522245	0.2705371487385069	26.848679780960083
0.5275875604562195	0.2719498273379101	26.88867974281311
0.5476837077411859	0.2679018853614676	26.91867971420288
0.5512189278558116	0.26402674112260843	26.94867968559265
0.5539565909187957	0.2660280870871923	26.98867964744568
0.5538003879199423	0.26545441848843215	27.01867961883545
0.5536334572368736	0.2662546046376228	27.04867959022522
0.551934331392699	0.2660323975072922	27.088679552078247
0.519398493017268	0.26419860920115024	27.118679761886597
0.5195156171881821	0.2647851856726273	27.148679733276367
0.5206910109615669	0.26557044575634553	27.188679695129395
0.520320727015	0.2649434618985997	27.218679666519165
0.5211453638709364	0.26446287482315795	27.248679637908936
0.5201938090864386	0.26416360326487337	27.288679599761963
0.23540488883357877	0.0864578466543678	27.318679571151733
0.23534259992500264	0.08707191265378234	27.348679780960083
0.23605185212146068	0.08799137857838876	27.38867974281311
0.23606772693963593	0.08770610878291255	27.41867971420288
0.49916814912699237	0.26265727763717167	27.44867968559265
0.49959790474436605	0.26411598421077237	27.48867964744568
0.49276925799911747	0.28571639517360886	27.51867961883545
0.4930100832873811	0.29132937181666146	27.54867959022522
0.49211909962453176	0.2916019196894913	27.588679552078247
0.49253414789921335	0.29384729253567615	27.618679761886597
0.49327781923817754	0.29288288509640953	27.648679733276367
0.49483350389386277	0.29182081660563963	27.688679695129395
0.495233175063613	0.28999623065220437	27.718679666519165
0.49666003087172866	0.28971633723329887	27.748679637908936
0.5185979628315204	0.2798651980596665	27.788679599761963
0.5397056832744156	0.2858454289006619	27.818679571151733
0.5376471156979038	0.2844734097508676	27.848679780960083
0.5377842538558434	0.2840502909639019	27.88867974281311
0.5363439877211562	0.2850240520323269	27.91867971420288
0.5376429518447533	0.2847158575259275	27.94867968559265
0.5378683514347489	0.28265913319162683	27.98867964744568
0.4872484095604215	0.2852972015019421	28.01867961883545
0.4863870565093353	0.2880141152428548	28.04867959022522
0.4839084576795611	0.2884190139794634	28.088679552078247
0.48303998154145933	0.2896274862239762	28.118679761886597
0.4851650044073487	0.28785941837282747	28.148679733276367
0.6337212153456611	0.2819593448230471	28.188679695129395
0.6255864999490738	0.28403930726817195	28.218679666519165
0.6242170798294935	0.2833782018487508	28.248679637908936
0.621890787219731	0.28631538030075304	28.288679599761963
0.6208548460150252	0.28867807554989156	28.318679571151733
0.6189204931200306	0.28867530831706056	28.348679780960083
0.6184825229203861	0.28945483085121754	28.38867974281311
0.6168827415399687	0.2892651767976845	28.41867971420288
0.6170818064909904	0.28945127896763057	28.44867968559265
0.556534869720627	0.2887964280564481	28.51867961883545
0.5556803296705997	0.28992819333528475	28.54867959022522
0.5541230936515134	0.290863432838248	28.588679552078247
0.5520605033243355	0.29154197063203996	28.618679761886597
0.552345648340068	0.29392580195777596	28.648679733276367
0.5753320925251132	0.52274758169582	28.688679695129395
0.5810101254031641	0.6107346363728977	28.718679666519165
0.5797276109850775	0.5614957839738317	28.748679637908936
0.5713347432397375	0.5453611950164912	28.788679599761963
0.5682263370088307	0.5417007477851111	28.818679571151733
0.5643270027077983	0.5413757277115591	28.848679780960083
0.5602638206920956	0.5402768403758441	28.88867974281311
0.5581581924166054	0.5393846152970175	28.91867971420288
0.5564584980048012	0.5387466081743486	28.94867968559265
0.553331511506858	0.5462577693420122	28.98867964744568
0.5484467973444118	0.6353212073258443	29.01867961883545
0.5461841028600121	0.6306707778162858	29.04867959022522
0.5452999347914792	0.6309053817436658	29.088679552078247
0.5448146925311113	0.6297040619214753	29.118679761886597
0.5450004572548753	0.6312376692306654	29.148679733276367
0.5452719755711387	0.6348809911355343	29.188679695129395
0.545201549042341	0.6329499685031361	29.218679666519165
0.5300295859327778	0.6423749333265992	29.248679637908936
0.5293466022705098	0.6400287881411463	29.288679599761963
0.5267844828239842	0.6434109220622732	29.318679571151733
0.5247536257720959	0.64540465214297	29.348679780960083
0.5231207687450209	0.6475757494846063	29.38867974281311
0.5229928796367517	0.648066263537141	29.41867971420288
0.5226276331298528	0.6492174121360874	29.44867968559265
0.5221390211249424	0.6493310861897087	29.48867964744568
0.5219000042893911	0.6494748441798976	29.51867961883545
0.5704743292271176	0.6528850135654772	29.54867959022522
0.6052995518323697	0.6483111561564585	29.588679552078247
0.6032080057881382	0.6482728185145878	29.618679761886597
0.600065508369682	0.6500884441791724	29.648679733276367
0.5988446224697895	0.651603020239919	29.688679695129395
0.5968930971828014	0.6533721545382984	29.718679666519165
0.5956914735854834	0.6540158410214062	29.748679637908936
0.5971793187290314	0.6554949207939097	29.788679599761963
0.5955851104541554	0.6554609838582779	29.818679571151733
0.5899709805068266	0.6530265836880363	29.848679780960083
0.5890165682393046	0.6535241998780389	29.88867974281311
0.5897410155039586	0.6539542256879763	29.91867971420288
0.4672984280436384	0.4138137647389872	29.98867964744568
0.46599526149604575	0.41158762343340627	30.01867961883545
0.7101520858131783	0.6393737622956739	30.04867959022522
0.7088356125912183	0.6393800163169373	30.088679552078247
0.7073395922333785	0.641451364682398	30.118679761886597
0.7066680187643297	0.6430565659441839	30.148679733276367
0.7042151048328983	0.6444087947284606	30.188679695129395
0.6534076059103068	0.6472068242417088	30.218679666519165
0.6482629355581616	0.6493971678792135	30.248679637908936
0.6454733014207525	0.65323510008584	30.288679599761963
0.644544498374975	0.6553976339417519	30.318679571151733
0.6439893488470593	0.655793806235881	30.348679780960083
0.6424398214168058	0.6564217177500737	30.38867974281311
0.6417559443229572	0.657901052030927	30.41867971420288
0.641452731007046	0.6581372252428843	30.44867968559265
0.6410384465448313	0.6593893835530915	30.48867964744568
0.6417757285239708	0.6592479925820661	30.51867961883545
0.6415955607360364	0.659592849949559	30.54867959022522
0.644566319291646	0.6570453368645047	30.588679552078247
0.7494526044078235	0.6655972198280175	30.618679761886597
0.7467349410573781	0.6662759891846206	30.648679733276367
0.7461396078028809	0.6675005438760121	30.688679695129395
0.7449476640350761	0.6702926270072258	30.718679666519165
0.7444707967062019	0.6717022303606295	30.748679637908936
0.7442591128865093	0.6706063967874866	30.788679599761963
0.744923154735782	0.6716538493057091	30.818679571151733
0.7448748590493923	0.6715522308597986	30.848679780960083
0.7456838019632576	0.6719502933669566	30.88867974281311
0.7478192707902751	0.670468386206507	30.91867971420288
0.8247167486995681	0.6758955011463729	30.94867968559265
0.8226989084001953	0.6745232272905997	30.98867964744568
0.8204454550358123	0.6782859302032198	31.01867961883545
0.8185755363400337	0.6807180468926359	31.04867959022522
0.8171133054824289	0.6815395848368788	31.088679552078247
0.8203462275000991	0.6817325774783981	31.118679761886597
0.8624633103993554	0.6880652560164437	31.148679733276367
0.8619466033271509	0.6827389018142708	31.188679695129395
0.8606558877465216	0.6852588739068941	31.218679666519165
0.8591353719985754	0.6871105867404675	31.248679637908936
0.8593792572530491	0.6839129343023018	31.288679599761963
0.8594161876807652	0.683796545892439	31.318679571151733
0.8597503493774312	0.6861760708642417	31.348679780960083
0.8601334810589643	0.6870631034038982	31.38867974281311
0.8603253940935903	0.684629032992629	31.41867971420288
0.8575514444954567	0.685131181095083	31.44867968559265
0.5496160629005106	0.6026985825946939	31.51867961883545
0.5408102641393144	0.6070364586609154	31.54867959022522
0.5338635054982661	0.6097772156118609	31.588679552078247
0.5255779978193712	0.6056495171748875	31.618679761886597
0.5225720395084915	0.6047143049714594	31.648679733276367
0.5193149366492271	0.6106316935070326	31.688679695129395
0.5162222404455514	0.6126640624153064	31.718679666519165
0.5149589111407339	0.6171161787934615	31.748679637908936
0.5166013782077139	0.6149864414477323	31.788679599761963
0.5742696046350103	0.6468137944546292	31.818679571151733
0.5702906594055356	0.6424361051918297	31.848679780960083
0.5695048634615872	0.6442064117581825	31.88867974281311
0.5698517966736248	0.6457049755123518	31.91867971420288
0.5702950764555191	0.6442115235280367	31.94867968559265
0.6060581129660105	0.6402179948291676	31.98867964744568
0.6240026233694895	0.6425481401672395	32.01867961883545
0.622619105623111	0.6397863738716587	32.04867959022522
0.6209438204355834	0.6418329065760169	32.08867955207825
0.6194796887772702	0.6432247801369562	32.1186797618866
0.6187317521506325	0.6436112310311195	32.14867973327637
0.6183949678749472	0.6452947759817002	32.188679695129395
0.6452803239647044	0.6365360307602187	32.218679666519165
0.6546285959649889	0.6440178692850723	32.248679637908936
0.6535530426781869	0.641456295164936	32.28867959976196
0.6530464825421443	0.6427992059173413	32.31867957115173
0.6511909623442473	0.6446593513639463	32.34867978096008
0.6499086543473981	0.6464626379608756	32.38867974281311
0.6495686470299739	0.6460116899394603	32.41867971420288
0.6510502282254513	0.6446751422279604	32.44867968559265
0.6898750172086339	0.6455495959414367	32.48867964744568
0.6884287654435987	0.6431160765376616	32.51867961883545
0.6874031920637632	0.6460527553226714	32.54867959022522
0.6879679148623549	0.6468193974951878	32.58867955207825
0.6881004337428754	0.6474895743086245	32.6186797618866
0.6876658928419517	0.6483754987879053	32.64867973327637
0.682513002170675	0.6432288435336018	32.688679695129395
0.6662265572306986	0.6005125303816394	32.718679666519165
0.6665655193245135	0.5999168692568569	32.748679637908936
0.6663025799947476	0.5996855562525816	32.78867959976196
0.6665531384344586	0.5989916737854213	32.81867957115173
0.6674449383192814	0.6005875630971699	32.84867978096008
0.6664832595550013	0.5995208960016211	32.88867974281311
0.6659017141517329	0.5981183892411217	32.91867971420288
0.6646961808560269	0.5994608345792252	32.94867968559265
0.6643157566729645	0.5981547162102038	32.98867964744568
0.6637444974222674	0.5968034773654517	33.01867961883545
0.6646097504482527	0.5983585619429128	33.04867959022522
0.664768047112412	0.5656432675367158	33.08867955207825
0.6642222992411633	0.5621462680156125	33.1186797618866
0.663466356302742	0.5646379638069432	33.14867973327637
0.6639015606957993	0.5652290913645784	33.188679695129395
0.6640388722743568	0.5658269156847779	33.218679666519165
0.6671476516147711	0.5619882923908848	33.248679637908936
0.741647571625544	0.55793150500782	33.28867959976196
0.739027814358754	0.5544266953030248	33.31867957115173
0.7373474776165726	0.5583905660057209	33.34867978096008
0.7363963981399391	0.5593282789123079	33.38867974281311
0.7357525275877181	0.5593674927788521	33.41867971420288
0.7358984538443041	0.5605141415119517	33.44867968559265
0.7354632463926569	0.5604375469265443	33.48867964744568
0.7346902773083097	0.5616733263799776	33.51867961883545
0.7345347327436766	0.5612903663088427	33.54867959022522
0.7391608342130739	0.5589789103341777	33.58867955207825
0.7888013442630166	0.5646265637872971	33.6186797618866
0.7872660372194922	0.5653602547839981	33.64867973327637
0.7867663262680538	0.5684137867586819	33.688679695129395
0.7865955883981005	0.5700114232696388	33.718679666519165
0.7863812294142883	0.5705983127810226	33.748679637908936
0.8098493436301878	0.5697322249960591	33.78867959976196
0.8252095599902192	0.5789847757045413	33.81867957115173
0.8246606316404897	0.5791282677998141	33.84867978096008
0.8242722932637154	0.5798054268665986	33.88867974281311
0.8239912044110533	0.5804412451878923	33.91867971420288
0.823440980493158	0.5813355563841677	33.94867968559265
0.8232033322019553	0.5802060170547112	33.98867964744568
0.8227684347648346	0.5807509336723706	34.01867961883545
0.8222806808144577	0.5809836350741645	34.04867959022522
0.8218639746597914	0.5806071518824535	34.08867955207825
0.8217241463716803	0.5791331156862131	34.1186797618866
0.8218699246251852	0.5796324225517108	34.14867973327637
0.8220675263135352	0.5784319668054938	34.188679695129395
0.8334434170615246	0.5748483131292089	34.218679666519165
0.8687963050876291	0.5787578329200127	34.248679637908936
0.8665714273618083	0.5759851071877178	34.28867959976196
0.8654866177519409	0.5788175765597625	34.31867957115173
0.865423672158436	0.5776818852607564	34.34867978096008
0.8651917869624589	0.5789504573323322	34.38867974281311
0.8634065583744557	0.5797929571049143	34.41867971420288
0.5772674310869066	0.5178970137307347	34.48867964744568
0.5727908707305976	0.5193519762766166	34.51867961883545
0.5665752151594634	0.5207687191830037	34.54867959022522
0.5610558907854832	0.5227112359496239	34.58867955207825
0.554452121606002	0.5234758546631257	34.6186797618866
0.5507909115850793	0.5243646102349934	34.64867973327637
0.5527262114322192	0.5258296653653288	34.688679695129395
0.5820482826323071	0.5309992676470702	34.718679666519165
0.5805077268043716	0.5292313326679344	34.748679637908936
0.5828199089707935	0.5267384300152134	34.78867959976196
0.6244257738521386	0.5301340236342124	34.81867957115173
0.6216268910494429	0.5307500614405224	34.84867978096008
0.6198068955404183	0.5339448626061981	34.88867974281311
0.6193310492063202	0.5355428671488311	34.91867971420288
0.6183288573251254	0.5363340800357497	34.94867968559265
0.6175191849397497	0.5342892901549965	34.98867964744568
0.6425911424398013	0.5165555008355062	35.01867961883545
0.7093075183150346	0.5218103822797363	35.04867959022522
0.7085681514941812	0.5183925572707261	35.08867955207825
0.704947230402747	0.5197783326618127	35.1186797618866
0.702248410157106	0.5213191377126456	35.14867973327637
0.7009556665968759	0.5227707524838412	35.188679695129395
0.7013686774849321	0.5222890457870931	35.218679666519165
0.7009259517745235	0.5216393298381725	35.248679637908936
0.6998138324164601	0.5192038122075163	35.28867959976196
0.702994513647547	0.5191344320991266	35.31867957115173
0.752565171235971	0.5221043043189159	35.34867978096008
0.7526794638423088	0.5195856057145116	35.38867974281311
0.7515794564164398	0.5197700332434038	35.41867971420288
0.7502813230167616	0.5206045664441633	35.44867968559265
0.7497303585534404	0.5194871803473787	35.48867964744568
0.749220705470819	0.5198360108339609	35.51867961883545
0.7500519081774923	0.5203438868976985	35.54867959022522
0.7494278448688654	0.5219506924610737	35.58867955207825
0.771640476121994	0.5206039320559214	35.6186797618866
0.8446481262958679	0.5237624486917131	35.64867973327637
0.8424507796441548	0.5229569461919725	35.688679695129395
0.8405334163063646	0.5254575781047277	35.718679666519165
0.8390531880784599	0.5284668927466234	35.748679637908936
0.8382024994123058	0.5299956086548121	35.78867959976196
0.8365953575037399	0.5290787730291258	35.81867957115173
0.8611077483406885	0.5371366751803395	35.84867978096008
0.8599690206234023	0.5392547155579694	35.88867974281311
0.5612717724945907	0.45548487651668446	35.94867968559265
0.5349242774963594	0.4610730661736333	35.98867964744568
0.531563459046736	0.45781130797438074	36.01867961883545
0.5266285392433532	0.4588216506154349	36.04867959022522
0.5217933881103295	0.46170723381236917	36.08867955207825
0.518330651964263	0.4629930912839107	36.1186797618866
0.5171974892519451	0.4652296996769248	36.14867973327637
0.5025145506429913	0.45684214156102054	36.188679695129395
0.5021223470598579	0.4566042304262129	36.218679666519165
0.5007978862567019	0.45792034288791283	36.248679637908936
0.49990731728321974	0.4599796663819802	36.28867959976196
0.4997444972641269	0.4598698164429574	36.31867957115173
0.49951877824779317	0.4612134138507024	36.34867978096008
0.5012062212264938	0.4591245533324447	36.38867974281311
0.5318002774022474	0.45062176390737607	36.41867971420288
0.5304960128097553	0.45018595638681297	36.44867968559265
0.5306234923942688	0.4530205978436505	36.48867964744568
0.5315720927028754	0.45165738038699305	36.51867961883545
0.5313528340502967	0.4530689976674436	36.54867959022522
0.5408901211839521	0.4502139175579449	36.58867955207825
0.5624927028169282	0.44966373478341165	36.6186797618866
0.5596089129901852	0.4466406407261463	36.64867973327637
0.5588269228903519	0.4487196523217299	36.688679695129395
0.5579036136693131	0.4485141140138776	36.718679666519165
0.5567167351002738	0.45013952987308126	36.748679637908936
0.5556298430202025	0.4507252711599212	36.78867959976196
0.5780456640744286	0.442381353261831	36.81867957115173
0.6088456130132363	0.44512332748414873	36.84867978096008
0.6080459146138917	0.444749531363984	36.88867974281311
0.6074319435330385	0.4482728332172258	36.91867971420288
0.6065511737455055	0.45079581195601065	36.94867968559265
0.6063840082222249	0.45237003824748206	36.98867964744568
0.6062127937877522	0.4530183060010252	37.01867961883545
0.6060140636628023	0.4538178076835805	37.04867959022522
0.6087131608897494	0.4507781093102374	37.08867955207825
0.6682243838224049	0.46004850693942223	37.1186797618866
0.6635791092956703	0.4612161712977087	37.14867973327637
0.6623429091607462	0.4606720440702374	37.188679695129395
0.6612537938720702	0.46352155814302964	37.218679666519165
0.66040924205775	0.4653035968647687	37.248679637908936
0.6604085436698194	0.46796016185128586	37.28867959976196
0.659489030637234	0.4690239505146219	37.31867957115173
0.6586412561897473	0.4703143777838268	37.34867978096008
0.6869043595499756	0.47013552918328155	37.38867974281311
0.6881496952808754	0.4660345167154517	37.41867971420288
0.6880824472390135	0.46581614139311145	37.44867968559265
0.6897244216317246	0.4675976249931965	37.48867964744568
0.6896006314978114	0.4675354683259018	37.51867961883545
0.6911779801062656	0.46809906357456127	37.54867959022522
0.6955291861927361	0.46622377059542025	37.58867955207825
0.721228571485519	0.4643148063178856	37.6186797618866
0.7192941179568213	0.46225977851572964	37.64867973327637
0.718921187346074	0.46244871085705724	37.688679695129395
0.7180667885359344	0.461785712197601	37.718679666519165
0.7173037028166528	0.46231514673911406	37.748679637908936
0.4110068406066805	0.22966832614709318	37.78867959976196
0.4116880187766766	0.231983456665133	37.81867957115173
0.41176902658553016	0.22866907205112208	37.84867978096008
0.4604136651790293	0.2201753668283203	37.88867974281311
0.804545056652512	0.4673342538043727	37.91867971420288
0.8027966138838367	0.4669312751162279	37.94867968559265
0.8025893863676404	0.4693539510176345	37.98867964744568
0.8010485685801753	0.4718724930711762	38.01867961883545
0.800131511352118	0.47067947828844436	38.04867959022522
0.8000779395938759	0.47299495581165124	38.08867955207825
0.79963982467577	0.4730392712403346	38.1186797618866
0.7996065322638185	0.4726532645751547	38.14867973327637
0.8006845540187666	0.4732884923084295	38.188679695129395
0.8019164977935693	0.4725483905761941	38.218679666519165
0.8693352358530398	0.4828129135507963	38.248679637908936
0.8680104713319464	0.48023565377200744	38.28867959976196
0.8664085352089974	0.4832559104554609	38.31867957115173
0.8661595145243843	0.48401735284318526	38.34867978096008
0.8658274652540852	0.4811223588062061	38.38867974281311
0.8663689599883312	0.4822088974376994	38.41867971420288
0.5519812995113594	0.42605560978978363	38.51867961883545
0.5504038126555377	0.4300266740792527	38.54867959022522
0.5443877702745318	0.43161345610278873	38.58867955207825
0.5388924983821115	0.43192972407448965	38.6186797618866
0.5345849807116589	0.4348165295977128	38.64867973327637
0.530907742678612	0.4336037383465385	38.688679695129395
0.5318751144629749	0.4361420306072288	38.718679666519165
0.5786397272431636	0.42726639932565624	38.748679637908936
0.5758553720667932	0.42572171569309575	38.78867959976196
0.574212324272457	0.4278435959781514	38.81867957115173
0.5709979455619496	0.4277741392031181	38.84867978096008
0.5696399210940708	0.42887790402316495	38.88867974281311
0.5715055285684374	0.4269126154911594	38.91867971420288
0.6095136061609358	0.4214548495128256	38.94867968559265
0.6084538847298288	0.4197642819731833	38.98867964744568
0.6078887393661535	0.42285678546335265	39.01867961883545
0.6075002335822173	0.4227520282614867	39.04867959022522
0.607667204129714	0.4233929461174676	39.08867955207825
0.6075019133073765	0.42352862391384716	39.1186797618866
0.3299530903131522	0.20485340758730114	39.14867973327637
0.3289225866063308	0.20398781017096976	39.188679695129395
0.3292784927968471	0.208924004099995	39.218679666519165
0.32992314234297504	0.2149568687290425	39.248679637908936
0.6021179035071939	0.4344644612373053	39.28867959976196
0.6020318440005457	0.43397135525859515	39.31867957115173
0.6025470924450923	0.4354839857900102	39.34867978096008
0.6025460951333126	0.4364522838722883	39.38867974281311
0.6018742105400934	0.43733316857893084	39.41867971420288
0.6010656260332421	0.44069128144464437	39.44867968559265
0.5310964034204647	0.44939405904535734	39.48867964744568
0.5304184766217633	0.4477987276462752	39.51867961883545
0.5278605403705924	0.4517414453250492	39.54867959022522
0.5267487732749779	0.45346583742907676	39.58867955207825
0.524519548323478	0.4549033392833564	39.6186797618866
0.5218754054585281	0.4555310475211677	39.64867973327637
0.5210334821404213	0.45530204156048076	39.688679695129395
0.5222966706880812	0.454195828553203	39.718679666519165
0.5827572305997789	0.43779646480075707	39.748679637908936
0.5796588267527515	0.43809691630153125	39.78867959976196
0.579349035656013	0.4376298519951915	39.81867957115173
0.5791487429547315	0.4403722852993742	39.84867978096008
0.5807279440566914	0.4442131198943652	39.88867974281311
0.5813077040488385	0.446587007609446	39.91867971420288
0.6365954856605214	0.4054929531734967	39.94867968559265
0.6472204737464587	0.4078139978479808	39.98867964744568
0.3510322013086877	0.18734964156005796	40.01867961883545
0.35002959357027164	0.18744617794316643	40.04867959022522
0.34913151265956677	0.1875360996989929	40.08867955207825
0.34899237071173533	0.18834412813487797	40.1186797618866
0.6437704144633001	0.4104122698451623	40.14867973327637
0.6441993894820215	0.41169497913178527	40.188679695129395
0.6440056227965915	0.4137314715436836	40.218679666519165
0.6455800988628336	0.4103132830906442	40.248679637908936
0.646297397156427	0.40462498100571215	40.28867959976196
0.6455721031094945	0.402143527450466	40.31867957115173
0.644297216823097	0.39961993236680265	40.34867978096008
0.6437821258044312	0.39824146403727867	40.38867974281311
0.6429050850813223	0.39643920320181325	40.41867971420288
0.6450951895738661	0.3939745823431632	40.44867968559265
0.6850014621302073	0.38703153316985905	40.48867964744568
0.6842306331117792	0.38780331361889264	40.51867961883545
0.6830413939818246	0.3893963214076729	40.54867959022522
0.6812550034791316	0.38834265287278136	40.58867955207825
0.6801185002676047	0.3889460902939883	40.6186797618866
0.6787463874533471	0.38896430766957196	40.64867973327637
0.6789320744146004	0.3890074786554378	40.688679695129395
0.7898564239860802	0.39274097024635113	40.748679637908936
0.7856957428665422	0.39358673211420514	40.78867959976196
0.7842914170783536	0.3933711297764402	40.81867957115173
0.7825853138899069	0.3956380694563137	40.84867978096008
0.7810142879108459	0.39682021302025056	40.88867974281311
0.7799614048400565	0.3985201003333569	40.91867971420288
0.7795929997544405	0.40003479875529896	40.94867968559265
0.7819180851624694	0.39988395870695287	40.98867964744568
0.8334527051551225	0.398876210987242	41.01867961883545
0.83173736474489	0.3964601316771052	41.04867959022522
