COORDENADA X	 COORDENADA Y	 TEMPO
0.39495705729960057	0.1817143747398764	0.02673506736755371
0.39436873925437016	0.18183266498966616	0.05673503875732422
0.3930447998435312	0.18407094738970442	0.08673501014709473
0.39255583547148515	0.18387413263303418	0.12673497200012207
0.39197434432982936	0.18359305603281575	0.15673518180847168
0.3918485313588933	0.18547209834366998	0.1867351531982422
0.3922937150276349	0.1865810947125523	0.22673511505126953
0.4808242445616061	0.5720175202238467	0.28673505783081055
0.4704150975612153	0.5740927023748287	0.3267350196838379
0.46810794100405195	0.5732428258501088	0.3567349910736084
0.4634090550732282	0.5775908962661116	0.3867349624633789
0.4601716563712512	0.5827801226427989	0.42673516273498535
0.4058131124112528	0.6449387466614722	0.48673510551452637
0.4024176349996468	0.6437298917316702	0.5267350673675537
0.3988952886056934	0.6479512737647476	0.5567350387573242
0.39481895752217255	0.650409937659309	0.5867350101470947
0.3940358612208217	0.6498477799861269	0.6267349720001221
0.39405881458627656	0.648875410294271	0.6567351818084717
0.39463425331673024	0.6484790275419882	0.6867351531982422
0.4020514721330082	0.6452246655129714	0.7267351150512695
0.40484154086343205	0.6479589981245495	0.75673508644104
0.4078234708214574	0.6494790584250759	0.7867350578308105
0.4095317973694889	0.6496101690662484	0.8267350196838379
0.45085323492538754	0.6545544339241183	0.8567349910736084
0.5033365061949647	0.6666009897499096	0.8867349624633789
0.5027700114366195	0.667955160491951	0.9267351627349854
0.5013227198367454	0.6709577106382888	0.9567351341247559
0.4999996705000666	0.6702729632236304	0.9867351055145264
0.5008275770762385	0.6663858699282958	1.0267350673675537
0.5054430658226492	0.6557958256790437	1.0567350387573242
0.5060359894797083	0.6540885570147419	1.0867350101470947
0.5077493774832723	0.6511527312515709	1.126734972000122
0.5089853024812799	0.6485485663474345	1.1567351818084717
0.5083176133919803	0.6479315866588002	1.1867351531982422
0.5088224181288172	0.648297851868537	1.2267351150512695
0.5128981917476857	0.6449757862429424	1.25673508644104
0.61996947843489	0.6371600146658776	1.2867350578308105
0.617552463498235	0.6339322439322181	1.326735019683838
0.6155369801938869	0.6411018300218954	1.3567349910736084
0.6148033702031961	0.6435326478586263	1.386734962463379
0.6135747904458233	0.644092621610474	1.4267351627349854
0.6130222683330002	0.6422493204432379	1.4567351341247559
0.6121303111741365	0.6439437416003387	1.4967350959777832
0.6111851134541181	0.6459591977080948	1.5267350673675537
0.6495931947858901	0.6270983032856491	1.5567350387573242
0.7001695381649082	0.6410465129163765	1.5867350101470947
0.6979891280283242	0.6467153730214175	1.626734972000122
0.6958298550212255	0.654934513024825	1.6567351818084717
0.6943600170330231	0.6596352917069528	1.6867351531982422
0.693241283979301	0.6629511087055578	1.7267351150512695
0.6761450741207724	0.6667545461833179	1.75673508644104
0.6754452516268706	0.6722138961498745	1.7867350578308105
0.6748131589462613	0.6742585971011027	1.826735019683838
0.6750687801486944	0.6734276691854131	1.8567349910736084
0.6760357890943154	0.673914767220208	1.886734962463379
0.6803612753004387	0.6714286164621375	1.9267351627349854
0.7712912250780644	0.6617616756659441	1.9567351341247559
0.7686848341020456	0.6592088114295168	1.9867351055145264
0.7691054070021853	0.6622180612640126	2.0267350673675537
0.7678638733749924	0.6677023095491877	2.056735038757324
0.7670748221736017	0.6672509752249052	2.0867350101470947
0.7706570043610673	0.6618022262681984	2.126734972000122
0.7670808601968635	0.6643127675649734	2.1567351818084717
0.47108126285730323	0.6754245380641537	2.2267351150512695
0.46828935014148915	0.6749616904100285	2.25673508644104
0.46330830840081133	0.6854853918921907	2.2867350578308105
0.45997629091264475	0.6903194102102042	2.326735019683838
0.45152305331587633	0.6983268036265153	2.3567349910736084
0.4570499217620256	0.69226802189066	2.386734962463379
0.4947713635790941	0.7082048596928675	2.4267351627349854
0.4921237691816884	0.7051701467084283	2.456735134124756
0.4883020363229273	0.7100311830888434	2.4867351055145264
0.4877066481355947	0.7116805210430596	2.5267350673675537
0.48776736600185844	0.7094185317667715	2.556735038757324
0.8144839779575563	0.6360334003863565	2.626734972000122
0.811510620668326	0.6386966140081642	2.6567351818084717
0.8100640970301669	0.6383802864245423	2.686735153198242
0.8066354627571993	0.6423664083052472	2.7267351150512695
0.8024363514196504	0.6446672535933234	2.75673508644104
0.8007413422831612	0.6450182532773054	2.7867350578308105
0.7977540371598045	0.6465126859807363	2.826735019683838
0.795713546028561	0.6450229952372277	2.8567349910736084
0.7985468263964579	0.6419537294629777	2.886734962463379
0.8331838154784328	0.6401860325583622	2.9267351627349854
0.8304890106091634	0.6384523152278382	2.956735134124756
0.8284640401994627	0.6386835764350627	2.9867351055145264
0.8295672230513551	0.638080164998531	3.0267350673675537
0.8304765854526588	0.6373334041766506	3.056735038757324
0.8319750137972372	0.6386103279490172	3.0867350101470947
0.8303675558962892	0.6381496842728667	3.126734972000122
0.8290523228881976	0.6389177863700297	3.1567351818084717
0.8299251070854121	0.6393778993314069	3.186735153198242
0.8448907745200317	0.6424703595373862	3.2267351150512695
0.8451562070955541	0.6429583857231346	3.25673508644104
0.8455764785822425	0.6445261648925816	3.2867350578308105
0.8455770618483259	0.6449762353285556	3.326735019683838
0.4842242471529386	0.5580809807554152	3.386734962463379
0.4804487055831275	0.5591016081011264	3.4267351627349854
0.474118872686518	0.5648544262864125	3.456735134124756
0.4656553420426213	0.568113132701093	3.4867351055145264
0.45956055835422016	0.5684554196477548	3.5267350673675537
0.4552120607314825	0.5705887814988512	3.556735038757324
0.45019833887143623	0.5712160337235294	3.5867350101470947
0.4281411196856185	0.5747714639035055	3.626734972000122
0.42730294590283213	0.5740012814877788	3.6567351818084717
0.42437697427504195	0.575641206465031	3.686735153198242
0.42242983134956125	0.5763776807544112	3.7267351150512695
0.4240982095092088	0.5720059616510065	3.75673508644104
0.4703702282233842	0.5655430727080768	3.7867350578308105
0.46800808875903066	0.564101735377047	3.826735019683838
0.46609139963531404	0.5667363928607952	3.8567349910736084
0.46485614885600457	0.5691214343518362	3.886734962463379
0.46300888809253793	0.570336779828249	3.9267351627349854
0.46304173723699077	0.5713119279414486	3.956735134124756
0.4625120891587273	0.5707068013249055	3.9867351055145264
0.46185677270226116	0.5715513463417145	4.026735067367554
0.4959325690295502	0.571892468738102	4.056735038757324
0.4951077561963065	0.5640581633974137	4.086735010147095
0.4957476347117609	0.5669851263923545	4.126734972000122
0.49706608344161285	0.5708538669741094	4.156735181808472
0.4974472222049262	0.5694114806542893	4.186735153198242
0.4994472968440461	0.569396896080515	4.2267351150512695
0.5359186102430125	0.5668866348501517	4.25673508644104
0.5347570320804758	0.5639553539074517	4.2867350578308105
0.5333189288507578	0.5697421023326448	4.326735019683838
0.5318503662422923	0.5705596689442045	4.356734991073608
0.5305566872921307	0.570462221355909	4.386734962463379
0.5292463430670253	0.571241828062581	4.426735162734985
0.5295114190098362	0.5719873455600862	4.456735134124756
0.5288620087936926	0.573548565585342	4.486735105514526
0.52921842858792	0.571938656590059	4.526735067367554
0.5296445021410942	0.5730743042687052	4.556735038757324
0.5877333477324025	0.5667902811059968	4.586735010147095
0.5937011237341366	0.5721224915267699	4.626734972000122
0.5905255438302922	0.5727712346185809	4.656735181808472
0.5897671282392491	0.5745035067475233	4.686735153198242
0.5894372272557727	0.5772306111956478	4.7267351150512695
0.5881106159295557	0.5785975849735693	4.75673508644104
0.5871545868426744	0.5806473200554735	4.7867350578308105
0.5849642787667498	0.5830859739492202	4.826735019683838
0.358833485392377	0.3682716586085416	4.856734991073608
0.4056647038685874	0.3649727224090688	4.886734962463379
0.403698756431391	0.3596961661373795	4.926735162734985
0.6484380192223074	0.5894781778605627	4.956735134124756
0.647244558224901	0.5924468055621162	4.986735105514526
0.6462941504231811	0.593617465678652	5.026735067367554
0.6443803226787254	0.5963961808755174	5.056735038757324
0.6439290901777754	0.5981220623669725	5.086735010147095
0.643716905230515	0.5990185185073775	5.126734972000122
0.643255383518874	0.6007858952879124	5.156735181808472
0.6429511278052691	0.6014949416142381	5.186735153198242
0.6432553606694122	0.6014258597224286	5.2267351150512695
0.6838286650202138	0.6018794061282472	5.25673508644104
0.6828239509162198	0.5975119653104753	5.2867350578308105
0.6822188121305996	0.603054641274309	5.326735019683838
0.6822073348456489	0.6035680137231688	5.356734991073608
0.6815304579637916	0.6048412949421964	5.386734962463379
0.6798387342270484	0.606898574448187	5.426735162734985
0.6786362228920244	0.6069277182250356	5.456735134124756
0.6813743782145508	0.6047546319068479	5.486735105514526
0.7545273462519978	0.5995364161013759	5.526735067367554
0.7519484612009831	0.597829258172442	5.556735038757324
0.7494970543718936	0.6006172355741527	5.586735010147095
0.7481415958785359	0.6021898152551382	5.626734972000122
0.747589824506052	0.6005166327766019	5.656735181808472
0.7477506787684195	0.6002186157720156	5.686735153198242
0.7471351168551051	0.6027296701581226	5.7267351150512695
0.7200094271843374	0.5990822287796072	5.75673508644104
0.7192946986434549	0.5949351351282255	5.7867350578308105
0.7190465343113775	0.5979452335240827	5.826735019683838
0.7191794286285728	0.5982815363799159	5.856734991073608
0.7198413428733466	0.5988052446025933	5.886734962463379
0.7214748028222219	0.5971190222622664	5.926735162734985
0.8220147265599944	0.6045929834183578	5.956735134124756
0.8214875128406207	0.6061901735063178	5.986735105514526
0.8197618449564773	0.6097569166742561	6.026735067367554
0.8173605178014649	0.6102902680962762	6.056735038757324
0.8148612902129215	0.6093003769502674	6.086735010147095
0.8130357542647054	0.6090342803382914	6.126734972000122
0.8115329816314117	0.6086404314790763	6.156735181808472
0.8045008459253162	0.6059343228634934	6.186735153198242
0.796597391276192	0.6006493817290622	6.2267351150512695
0.7944661561522831	0.5993565203076595	6.25673508644104
0.7942152826092936	0.598116494154913	6.2867350578308105
0.7947472468514757	0.5943395988752628	6.326735019683838
0.7948355020414157	0.5930875846236108	6.356734991073608
0.795228402221511	0.591903939671762	6.386734962463379
0.7946367546997977	0.5894328902685694	6.426735162734985
0.7939566056130701	0.5871067970317023	6.456735134124756
0.7948217681932603	0.5849836065254764	6.486735105514526
0.7916304050951986	0.5863696019329189	6.526735067367554
0.44856521484914197	0.4837812290493283	6.586735010147095
0.44742323647145255	0.48931118716533806	6.626734972000122
0.44307587354765354	0.49349328369312	6.656735181808472
0.4365888390041137	0.4976686231905615	6.686735153198242
0.4316645948160645	0.5008364803790074	6.7267351150512695
0.42636698996623795	0.5019266319731853	6.75673508644104
0.42373550523555875	0.5052303877819104	6.7867350578308105
0.42135364611151505	0.5060595395240826	6.826735019683838
0.4195117951574286	0.5083569495635928	6.856734991073608
0.41617792453585256	0.5109808300249956	6.886734962463379
0.40207764706238114	0.5201941331071109	6.926735162734985
0.4028803188070457	0.5217096376010584	6.956735134124756
0.40282191542727025	0.5236655472297965	6.986735105514526
0.40297644800129484	0.5273445221712202	7.026735067367554
0.4028554926748842	0.5299991307181228	7.056735038757324
0.4033240807096858	0.5293062711661851	7.086735010147095
0.40231573119812025	0.5316535453891994	7.126734972000122
0.4035251672649283	0.5368487602067039	7.156735181808472
0.40428965867702127	0.537032705323773	7.186735153198242
0.43113403770686665	0.5084488567724856	7.2267351150512695
0.47135634334912524	0.5158297575594579	7.25673508644104
0.470314331570886	0.5143413877237757	7.2867350578308105
0.4676556227574837	0.5189172169054456	7.326735019683838
0.46523930844569333	0.5243279806315021	7.356734991073608
0.462982600098953	0.524765982251057	7.386734962463379
0.4618647160004461	0.5266044805400801	7.426735162734985
0.4611256935298686	0.5271604313092331	7.456735134124756
0.46089320112376325	0.5266943985968033	7.486735105514526
0.46114902599564916	0.5259736708768765	7.526735067367554
0.4610208753063182	0.5263069105120755	7.556735038757324
0.46096054137512366	0.5276117988240738	7.586735010147095
0.4613025588603799	0.5274458138633041	7.626734972000122
0.510265877418087	0.5216310289941183	7.656735181808472
0.5102981717538123	0.5179155903560856	7.686735153198242
0.5107073493950318	0.5211614593703389	7.7267351150512695
0.510846679167174	0.5230764895392137	7.75673508644104
0.5104646305400566	0.5242662358911142	7.7867350578308105
0.5114196893784413	0.5242464187371301	7.826735019683838
0.5114244783627694	0.5255017779404925	7.856734991073608
0.5114134182919643	0.5251586787096775	7.886734962463379
0.5123648692947789	0.5254638905624902	7.926735162734985
0.5140855359467377	0.5261033202266069	7.956735134124756
0.5153891739779595	0.530048088943392	7.986735105514526
0.5627339872391218	0.5331869184903898	8.026735067367554
0.5615004864644603	0.530571875776259	8.056735038757324
0.5600706016051881	0.5341875408188833	8.086735010147095
0.5588022385044639	0.5365601348734907	8.126734972000122
0.5577930694967473	0.5411919156175681	8.156735181808472
0.5564387167007592	0.542531477888479	8.186735153198242
0.5553523460113089	0.5444538305854275	8.22673511505127
0.5550548615917458	0.5453406890648105	8.25673508644104
0.5867055662819466	0.5333033866054695	8.28673505783081
0.6133863661052945	0.5423231027814202	8.326735019683838
0.6124134120121422	0.5419915576183201	8.356734991073608
0.6101816835131875	0.5442154211569996	8.386734962463379
0.607280591069215	0.5467173425309148	8.426735162734985
0.6061352484449133	0.5474087099099183	8.456735134124756
0.6054590352281789	0.5482571106423115	8.486735105514526
0.602497235882888	0.5476671984895014	8.526735067367554
0.6032524954765124	0.5505842719508718	8.556735038757324
0.6033341410481248	0.5505822948428979	8.586735010147095
0.6061479393205899	0.5483000194286011	8.626734972000122
0.6803975963509734	0.5467443960096336	8.656735181808472
0.6849424027666664	0.5507012349369912	8.686735153198242
0.6845200710676593	0.5495459767434638	8.72673511505127
0.683050819123411	0.5519343361973796	8.75673508644104
0.6797440665641975	0.5514500100463322	8.78673505783081
0.6795317832935764	0.5522891243415254	8.826735019683838
0.6772791650028727	0.5607858884067586	8.856734991073608
0.6763299774391749	0.5612067236222541	8.886734962463379
0.6757348223339055	0.5610088154938264	8.926735162734985
0.674642005714178	0.5631756150473022	8.956735134124756
0.673900547206631	0.5647547801626697	8.986735105514526
0.6745965767505284	0.5632999944455631	9.026735067367554
0.6862087734886022	0.5605623999459614	9.056735038757324
0.7223643590569484	0.5592837083267662	9.086735010147095
0.7226155057618069	0.558493890886367	9.126734972000122
0.7223082342842625	0.559757977233429	9.156735181808472
0.7229731492652798	0.5593879109667766	9.186735153198242
0.7240773957295771	0.5591911028784217	9.22673511505127
0.7497849163205941	0.5560859758546999	9.25673508644104
0.7518259354953436	0.5566884396654493	9.28673505783081
0.7532564735655368	0.5549393924884589	9.326735019683838
0.753408676730973	0.5537947589449093	9.356734991073608
0.7531818538169227	0.5549128098575128	9.386734962463379
0.7538019983704964	0.5553155263535622	9.426735162734985
0.7536810342732687	0.5512518870944012	9.456735134124756
0.7444757695126669	0.5509216187601418	9.486735105514526
0.7419092449705582	0.5496589680676787	9.526735067367554
0.7399783849693041	0.549404077047509	9.556735038757324
0.7379520493067337	0.5468543843164836	9.586735010147095
0.7355856221947251	0.5482614904584786	9.626734972000122
0.7505660544099688	0.5421936607604877	9.656735181808472
0.7667955323157887	0.5418189238312556	9.686735153198242
0.7666100871989506	0.5435944404839321	9.72673511505127
0.7662115440953284	0.5446587310294572	9.75673508644104
0.7657419290852977	0.5444356243672862	9.78673505783081
0.7651453981800034	0.5449000663226589	9.826735019683838
0.765668134763013	0.5465685910702686	9.856734991073608
0.7653189121940221	0.5441678210102378	9.886734962463379
0.7651572370333245	0.5414377083589759	9.926735162734985
0.7656254599309612	0.541103649696899	9.956735134124756
0.7400459429901807	0.5363975584199832	9.986735105514526
0.5012206676099374	0.5064856575114135	10.026735067367554
0.4483693185768669	0.4650619392245254	10.056735038757324
0.44677352954253147	0.47038518053096606	10.086735010147095
0.44200467414126526	0.47377958090228706	10.126734972000122
0.4369965084934789	0.47726861235583884	10.156735181808472
0.43351458774657964	0.4807262817790657	10.186735153198242
0.4289839513463312	0.4821207785687545	10.22673511505127
0.42725321658696214	0.4811681807364804	10.25673508644104
0.423312119026533	0.48491543067824905	10.28673505783081
0.3968128683060163	0.4850560226851596	10.326735019683838
0.39638840161365935	0.48209350451260524	10.356734991073608
0.3948756178377008	0.4865902262843528	10.386734962463379
0.3944616157228157	0.4886418005291674	10.426735162734985
0.39375745830864994	0.4894219050432475	10.456735134124756
0.3927823886595603	0.4909400292116618	10.486735105514526
0.3924764820703306	0.48947676816386154	10.526735067367554
0.40766116473616987	0.479802101999669	10.556735038757324
0.43062595705174544	0.4796795592869563	10.586735010147095
0.42803133691298445	0.47456004925345957	10.626734972000122
0.42700926798137906	0.4788731291793784	10.656735181808472
0.42505549354551697	0.4807409122347965	10.686735153198242
0.42477482231462554	0.48373613483801686	10.72673511505127
0.4558977487661551	0.48324898191537086	10.75673508644104
0.45686654970592866	0.4848637796247147	10.78673505783081
0.45292710326761876	0.4931725195099021	10.826735019683838
0.44647053836866035	0.5015066500811634	10.856734991073608
0.43235429337406	0.5202567087935299	10.886734962463379
0.42858508413422053	0.5248789460555507	10.926735162734985
0.42596931257903276	0.5247728990503138	10.956735134124756
0.4284378056579935	0.5205536994298436	10.986735105514526
0.47003912252310787	0.5110145046690578	11.026735067367554
0.4820638311868757	0.5040453047659058	11.056735038757324
0.4844891796294968	0.4972471381998642	11.086735010147095
0.4890612125715005	0.48990474006781326	11.126734972000122
0.49489924959286763	0.48760345656503834	11.156735181808472
0.497466752664001	0.4878835316262325	11.186735153198242
0.49911367357183567	0.4872886755500962	11.22673511505127
0.4999609542405988	0.48820920247098554	11.25673508644104
0.5006609097134308	0.49166777151317875	11.28673505783081
0.500030630190239	0.49162990294339975	11.326735019683838
0.502057530537967	0.48534487348287	11.356734991073608
0.5780937182354655	0.48620341998867245	11.386734962463379
0.5741193195586133	0.4838278424813762	11.426735162734985
0.5722984816606564	0.48174836508738816	11.456735134124756
0.5720597491933523	0.4837929246624799	11.486735105514526
0.5716156455524548	0.48380450729417496	11.526735067367554
0.5725039550390298	0.4845880958263994	11.556735038757324
0.5735595118286788	0.48501389865416167	11.586735010147095
0.5727001013231452	0.4853629030725047	11.626734972000122
0.5713123331260229	0.4865341037289479	11.656735181808472
0.5722158524821682	0.48865545154891776	11.686735153198242
0.6448903374494639	0.47429466466605014	11.72673511505127
0.6547965955820636	0.4826349180701568	11.75673508644104
0.6540622281574415	0.4798657728472902	11.78673505783081
0.653269707279517	0.4831230966846679	11.826735019683838
0.6526544669100945	0.4858737113410844	11.856734991073608
0.6530120801389162	0.4871043541480428	11.886734962463379
0.6523863524147152	0.48717945700405607	11.926735162734985
0.6526344632693055	0.48816320114633366	11.956735134124756
0.6531110029513874	0.48780882841366896	11.986735105514526
0.6535393576328635	0.48776592752654757	12.026735067367554
0.652669199214902	0.48904438371573034	12.056735038757324
0.6576537628664424	0.4872262618153113	12.086735010147095
0.6981893816778089	0.48186088245192116	12.126734972000122
0.6960816016428297	0.4813484358687191	12.156735181808472
0.6954348405249688	0.4813837485284404	12.186735153198242
0.6959822974665896	0.48097778137245073	12.22673511505127
0.6958439930268768	0.4797210334334198	12.25673508644104
0.6954752725699791	0.4814557061869804	12.28673505783081
0.6958676402549703	0.4818283375494707	12.326735019683838
0.6962901063119902	0.48304878336546664	12.356734991073608
0.7234446985825033	0.47693055208219115	12.386734962463379
0.7233295029052766	0.478408161194952	12.426735162734985
0.7230824107186499	0.4788876723732712	12.456735134124756
0.7240008866671556	0.480453041627586	12.486735105514526
0.7238944378416372	0.47973297001758636	12.526735067367554
0.7242909372586241	0.4796866273909355	12.556735038757324
0.7250251147114338	0.4789631201989779	12.586735010147095
0.7253314190215706	0.47791331652074887	12.626734972000122
0.7247697560338701	0.4770303597446615	12.656735181808472
0.7246584534313272	0.4757332322866012	12.686735153198242
0.7249413290183625	0.4757350615443506	12.72673511505127
0.7253828014282618	0.47394017873890393	12.75673508644104
0.7262780921771897	0.473386965885615	12.78673505783081
0.7734318234653925	0.46699377117112906	12.826735019683838
0.7718273620371553	0.464305972284029	12.856734991073608
0.769820203635128	0.46759779330663914	12.886734962463379
0.7672345236922955	0.46895616945403107	12.926735162734985
0.7673608390437756	0.4691812372237791	12.956735134124756
0.7654804582262004	0.47230995968244305	12.986735105514526
0.7649286460560762	0.47234037378252114	13.026735067367554
0.7578912051168196	0.4755695021114712	13.056735038757324
0.7541327252672387	0.4795512114598871	13.086735010147095
0.7524757399885239	0.48261048390576683	13.126734972000122
0.7582402239873038	0.4810204622180807	13.156735181808472
0.791926045952773	0.4886309425183822	13.186735153198242
0.7896692386585169	0.48773601104139863	13.22673511505127
0.7891526878948326	0.49112423772926006	13.25673508644104
0.7887566313861584	0.4932342745778319	13.28673505783081
0.7887021417061089	0.49435504346967596	13.326735019683838
0.7894098426288643	0.4949529557986425	13.356734991073608
0.79256494738651	0.49588159977499024	13.386734962463379
0.8250724483034265	0.4964026787085339	13.426735162734985
0.8219398021047831	0.49821843590629544	13.456735134124756
0.8210035191418326	0.4984256332278026	13.486735105514526
0.8208277936466196	0.4990490596223354	13.526735067367554
0.8204276842794364	0.5004112396825187	13.556735038757324
0.8205145282609505	0.5001068497722423	13.586735010147095
0.4696931215539655	0.42253042847611505	13.656735181808472
0.4461346360596727	0.42515586296328944	13.686735153198242
0.4458377861763295	0.42495048367510185	13.72673511505127
0.44122458562192485	0.42917079815648485	13.75673508644104
0.4350798630839363	0.43134402053625426	13.78673505783081
0.43007455142396844	0.43325190045923956	13.826735019683838
0.42563995186170656	0.4378527760081543	13.856734991073608
0.423281649514405	0.4410817646549661	13.886734962463379
0.418893989837904	0.4431419625882222	13.926735162734985
0.4185884412834304	0.4462706372040147	13.956735134124756
0.43771803624831584	0.4385300838925726	13.986735105514526
0.4614679317114101	0.44812638123448223	14.026735067367554
0.4564153466289305	0.4439467134491349	14.056735038757324
0.45776411842405385	0.44685753407126094	14.086735010147095
0.45540142338016704	0.4493180599235947	14.126734972000122
0.4537670372958562	0.45191142953822283	14.156735181808472
0.2672789816758734	0.23360598239611033	14.186735153198242
0.29076680736865057	0.2350227914666742	14.22673511505127
0.28739436117225237	0.23468451910102014	14.25673508644104
0.28826586269651017	0.2380634768610416	14.28673505783081
0.5275976697129399	0.4492766132595279	14.326735019683838
0.5260815347675791	0.4477840687974345	14.356734991073608
0.5271557571807308	0.4488123922092133	14.386734962463379
0.5260842596738802	0.4483463619392942	14.426735162734985
0.5259285730827546	0.4481764401572761	14.456735134124756
0.5271348041158106	0.44954525156616254	14.486735105514526
0.5289798288851716	0.4497334000086071	14.526735067367554
0.5284197537215535	0.4468648079309597	14.556735038757324
0.529849582991086	0.4441858659067882	14.586735010147095
0.5302535367547169	0.4429376772582707	14.626734972000122
0.5284080624789218	0.4434262156206533	14.656735181808472
0.5713502713325788	0.44029376783522006	14.686735153198242
0.5683347688572669	0.4393632198156897	14.72673511505127
0.5668576577764264	0.44157829756569505	14.75673508644104
0.5665759541497896	0.444271783185509	14.78673505783081
0.5655021378781608	0.44567409983537665	14.826735019683838
0.5649509273615397	0.450950962570092	14.856734991073608
0.5644858895119932	0.45268731163492776	14.886734962463379
0.5638626812061415	0.4546266146541996	14.926735162734985
0.5641290463742169	0.4535582804118694	14.956735134124756
0.5644612527136111	0.4545778134052151	14.986735105514526
0.5637192419799838	0.45428288399689587	15.026735067367554
0.5646562385806414	0.4561841049498891	15.056735038757324
0.5643751836926378	0.45606145292825556	15.086735010147095
0.5757959527677489	0.4467070476474109	15.126734972000122
0.6065839638785042	0.44699179780948506	15.156735181808472
0.6045892293460035	0.4434755565499096	15.186735153198242
0.6043553201697608	0.4448318522620771	15.22673511505127
0.6049408325943314	0.4470388492753937	15.25673508644104
0.6057156116622591	0.44689508708768566	15.28673505783081
0.6048448513378716	0.4459214865733846	15.326735019683838
0.605633322315462	0.4464682681908666	15.356734991073608
0.6049423163019023	0.4471507356603173	15.386734962463379
0.6045107796624424	0.4464340849154844	15.426735162734985
0.6261729794426549	0.44657109343694595	15.456735134124756
0.6267013406766994	0.44499353380176926	15.486735105514526
0.6268207873825525	0.44698208092162683	15.526735067367554
0.6265749063435486	0.44968122583733294	15.556735038757324
0.6263706516379197	0.4482158238737036	15.586735010147095
0.626454508611637	0.4501434999665331	15.626734972000122
0.6331840571319357	0.446355885397863	15.656735181808472
0.6726081250032305	0.44285851954190747	15.686735153198242
0.6738211965003953	0.4435374323846679	15.72673511505127
0.6746537207557529	0.44559903822074665	15.75673508644104
0.6744063392725128	0.4494539502480263	15.78673505783081
0.6749062771875728	0.4485129478664811	15.826735019683838
0.6744427381116416	0.45009144668978984	15.866734981536865
0.6765458378634706	0.4487303724107601	15.886734962463379
0.714069516574543	0.44546325120442304	15.926735162734985
0.7130549366067761	0.4448947396008346	15.956735134124756
0.7124870820519792	0.44989467981175735	15.986735105514526
0.7121017354113464	0.4514655441637417	16.026735067367554
0.7124962114154082	0.4526328803803536	16.056735038757324
0.7185953180420719	0.4476920700625558	16.086735010147095
0.7528357692646283	0.44996827590235033	16.126734972000122
0.750837944255351	0.44910329695361834	16.15673518180847
0.751420380764163	0.451655827555977	16.186735153198242
0.7512635581239561	0.4524522299084244	16.22673511505127
0.7509101542122417	0.45411844993093936	16.25673508644104
0.7501502964051774	0.45623237088284424	16.28673505783081
0.7504419979981469	0.45467986795143794	16.326735019683838
0.7798708647079277	0.45756074575148126	16.35673499107361
0.7795074215951736	0.4540810715153543	16.38673496246338
0.7787014467328205	0.4540836444691753	16.426735162734985
0.7774963761824563	0.4579725830155697	16.456735134124756
0.77807000542761	0.4602215497201738	16.486735105514526
0.7781590400517278	0.46091510800747876	16.526735067367554
0.7774458243306988	0.4617319351718323	16.556735038757324
0.778252503067541	0.46059359374922526	16.586735010147095
0.7776119309227554	0.4623255804541659	16.626734972000122
0.7763915409923525	0.4633608928394821	16.65673518180847
0.7711326993873066	0.46518579193883947	16.6967351436615
0.5165511596160722	0.4283701902189392	16.72673511505127
0.4664360182456074	0.40905860566500407	16.75673508644104
0.4625397899195727	0.4108632930402963	16.78673505783081
0.4563477467002459	0.4142721149841816	16.826735019683838
0.4508442222780072	0.41827263388950253	16.85673499107361
0.4451617492771839	0.42339796117428374	16.896735191345215
0.4304288325939088	0.4276860216710816	16.926735162734985
0.4046328858260645	0.42060500107562004	16.956735134124756
0.4045438730902299	0.4214901369365138	16.996735095977783
0.40280717502275515	0.4225966074979568	17.026735067367554
0.40164541208870636	0.4249984943309141	17.056735038757324
0.40156120279728247	0.42509066286721287	17.09673500061035
0.4014284895782458	0.4257210967528424	17.126734972000122
0.4017590292463141	0.42529830235678356	17.15673518180847
0.45723373816083135	0.40705303485958966	17.1967351436615
0.5151833262540877	0.4191596831605165	17.22673511505127
0.5115385264748351	0.41911888540262987	17.25673508644104
0.5110391992698795	0.41918639726297297	17.296735048294067
0.5085839094662608	0.4211840085990474	17.326735019683838
0.5095553277307739	0.4219923449601259	17.35673499107361
0.5091343436565218	0.42033198969034796	17.396735191345215
0.48255999778353686	0.4188633132790183	17.426735162734985
0.48059495151869697	0.41859567809948506	17.456735134124756
0.48120723106338903	0.4163990732801927	17.496735095977783
0.48076162478254525	0.41589643503242174	17.526735067367554
0.48062207430326903	0.41737978804757414	17.556735038757324
0.48045186771962267	0.4161735667648214	17.59673500061035
0.48272040162637897	0.4144297390147047	17.626734972000122
0.4828168747077826	0.4125501282982759	17.65673518180847
0.48125853195298823	0.4116330996931554	17.6967351436615
0.48611174913070104	0.4076415875102263	17.72673511505127
0.5462631057100844	0.40519077877817883	17.75673508644104
0.543415602180684	0.4041266542671622	17.796735048294067
0.5411901904759281	0.40603153588214536	17.826735019683838
0.5401171156803399	0.40784759055995184	17.85673499107361
0.5396034711269598	0.4095272470583183	17.896735191345215
0.5388224242792816	0.41106553546350705	17.926735162734985
0.5385484514363188	0.4102321219281519	17.956735134124756
0.5383639978854923	0.40952780960967694	17.996735095977783
0.5380680130273449	0.40864866496929175	18.026735067367554
0.537903278540342	0.4074772159781578	18.056735038757324
0.5365477084597539	0.4087431912172076	18.09673500061035
0.5368727077525908	0.40857487503751305	18.126734972000122
0.536715574314314	0.4070924253373578	18.15673518180847
0.6023352097866083	0.4007464903327015	18.1967351436615
0.6040950187485556	0.3984423536847929	18.22673511505127
0.6039305079400118	0.4018320449718185	18.25673508644104
0.6039398035893383	0.4054856303503677	18.296735048294067
0.6034776228965494	0.4089925238266743	18.326735019683838
0.6024676049895621	0.4112357751717134	18.35673499107361
0.6015749783591522	0.4124679107999171	18.396735191345215
0.601063444127344	0.4125496260516828	18.426735162734985
0.601290401770891	0.41139803558475024	18.456735134124756
0.6020161376035355	0.41224322690580373	18.496735095977783
0.6021009623941964	0.41250889605221297	18.526735067367554
0.6054279315371183	0.41075207837879263	18.556735038757324
0.6727870752589051	0.4115605604435936	18.59673500061035
0.6755747854797747	0.4061159278006611	18.626734972000122
0.6725122830015878	0.4108289178718944	18.65673518180847
0.6680026642905862	0.4084934300476834	18.6967351436615
0.6646997912118546	0.4064439254007967	18.72673511505127
0.6617778310138843	0.4070352493679824	18.75673508644104
0.6601882754168186	0.4050173134294095	18.796735048294067
0.6744795297127126	0.3958739209929017	18.826735019683838
0.7005913448991206	0.40309038179247914	18.85673499107361
0.6986743020074913	0.39967452393974917	18.896735191345215
0.6960021523983457	0.4028877515708661	18.926735162734985
0.6950565482907018	0.40325876643455644	18.956735134124756
0.6939433096872941	0.40309014133326704	18.996735095977783
0.6928369061826092	0.40109869540085197	19.026735067367554
0.6917344841334582	0.4009926959498757	19.056735038757324
0.6903636167621879	0.39932485161661674	19.09673500061035
0.7298022314331063	0.39709358234182146	19.126734972000122
0.7304253487659156	0.3940475476616015	19.15673518180847
0.7292094279205951	0.39471299216011796	19.1967351436615
0.7283979579363811	0.3969747677634802	19.22673511505127
0.7280631102840622	0.39851802897587957	19.25673508644104
0.7265331722583267	0.3972285427325101	19.296735048294067
0.7251524733499766	0.3991247183708547	19.326735019683838
0.72516983510664	0.3980113969784476	19.35673499107361
0.7246960287188524	0.39834139922192074	19.396735191345215
0.7237277201311693	0.3974806963025575	19.426735162734985
0.7235853123058327	0.3988266432113823	19.456735134124756
0.7228231251653131	0.3996421817216105	19.496735095977783
0.7219687922630266	0.39975393404395815	19.526735067367554
0.7214150158528483	0.40146285078291366	19.556735038757324
0.724375373020801	0.39993242288578384	19.59673500061035
0.7628141364819655	0.4058574571315359	19.626734972000122
0.7600874585679164	0.4043755902614856	19.65673518180847
0.7595880563343539	0.40916473691908845	19.6967351436615
0.7579682433572554	0.41168775820247083	19.72673511505127
0.7575687561434299	0.4138686262653378	19.75673508644104
0.7574110624132535	0.4163616885299556	19.796735048294067
0.7572258375098878	0.4198736073339474	19.826735019683838
0.7561223542091832	0.4222171778666476	19.85673499107361
0.7405624765717571	0.4265825501297102	19.896735191345215
0.7182893113167544	0.4248883010899629	19.926735162734985
0.7168446441612206	0.42577466942170805	19.956735134124756
0.7161672071411744	0.42611833190454174	19.996735095977783
0.7164527875563661	0.4271263716598938	20.026735067367554
0.7366640473712506	0.4199457206934191	20.056735038757324
0.7622577568425446	0.42276056423070274	20.09673500061035
0.7625112016101797	0.42355256475329905	20.126734972000122
0.760961985250334	0.4230739367747501	20.15673518180847
0.7618659397222275	0.4231355194457024	20.1967351436615
0.76264049549105	0.424391917558183	20.22673511505127
0.7631229410257239	0.42398158010908554	20.25673508644104
0.7640979869683379	0.42344774117906536	20.296735048294067
0.7644694224851593	0.4244274169781084	20.326735019683838
0.4568739374187113	0.36706488292225653	20.396735191345215
0.42578024596515013	0.3667773549104257	20.426735162734985
0.42187520322165917	0.37006608045672584	20.456735134124756
0.4153118302245798	0.37443069234934695	20.496735095977783
0.40845648038315213	0.37687306899258094	20.526735067367554
0.40331696118799737	0.3796732133434462	20.556735038757324
0.3996671137641332	0.38140429887118255	20.59673500061035
0.3964739707605524	0.3827579796087635	20.626734972000122
0.39795323395203297	0.38092320403759683	20.65673518180847
0.45075814092459365	0.3875697914807609	20.6967351436615
0.44731119617625414	0.3887608730013533	20.72673511505127
0.4463304348505505	0.3880771458963353	20.75673508644104
0.44664142153111414	0.3909958220079301	20.796735048294067
0.4460860934905748	0.39331835955487915	20.826735019683838
0.44589396906510487	0.393807834239242	20.85673499107361
0.4462421678377067	0.3918396681098481	20.896735191345215
0.44565981708482194	0.39109544022238163	20.926735162734985
0.44732449584951095	0.3908498353069269	20.956735134124756
0.4531436316866199	0.38581659474319524	20.996735095977783
0.5245237069588045	0.381329705200855	21.026735067367554
0.5210522916900668	0.3808637663580732	21.056735038757324
0.5196986775016307	0.3824647703264905	21.09673500061035
0.5194950531847945	0.3826907411175687	21.126734972000122
0.5191034806334318	0.3841426035010351	21.15673518180847
0.5189432500572477	0.3835942863886665	21.1967351436615
0.5198607228124237	0.3832737017084059	21.22673511505127
0.5199625774715216	0.38470366526354705	21.25673508644104
0.5193984543351762	0.3841835569776072	21.296735048294067
0.5198849779757222	0.3811459400575727	21.326735019683838
0.5197637316652032	0.3824059017614461	21.35673499107361
0.5202739224274026	0.3840738974831261	21.396735191345215
0.5603430769467366	0.36495973985034263	21.426735162734985
0.58625333326159	0.3728121335285614	21.456735134124756
0.5837592471112973	0.3737391159830618	21.496735095977783
0.5839171624559173	0.3755362449766297	21.526735067367554
0.3056245166183341	0.16693000546854042	21.556735038757324
0.305438013341653	0.16776568160958197	21.59673500061035
0.3051013636869212	0.16815079188403173	21.626734972000122
0.5821073772238494	0.376643568225296	21.65673518180847
0.5841047846559329	0.3769953962516546	21.6967351436615
0.636636237667018	0.3654539910140634	21.72673511505127
0.6393222819503406	0.36671304716389364	21.75673508644104
0.6405964323012041	0.3686050381506878	21.796735048294067
0.6411451858237996	0.37032391804631404	21.826735019683838
0.6422713708657732	0.3702171447353378	21.85673499107361
0.6422408068591344	0.37145715997223344	21.896735191345215
0.6425842101018615	0.3730080208777616	21.926735162734985
0.6433513539954293	0.3747925689472274	21.956735134124756
0.6118564147281652	0.36708783034259207	21.996735095977783
0.4672283199400588	0.34657080261364065	22.026735067367554
0.46195414975540283	0.34432506358100995	22.056735038757324
0.45528619486778865	0.3443833045279023	22.09673500061035
0.44958731420600073	0.34800363591462774	22.126734972000122
0.444255420440506	0.35002378805367435	22.15673518180847
0.4414909874189148	0.3515537972991473	22.1967351436615
0.43917237096715805	0.35110004586102406	22.22673511505127
0.43697778656401765	0.35139394569547766	22.25673508644104
0.41313522707924705	0.34712760373673596	22.296735048294067
0.4133609807136473	0.3436187407105482	22.326735019683838
0.4124233963926467	0.3470949503375256	22.35673499107361
0.4130141561709369	0.34664622638173054	22.396735191345215
0.41307194935987057	0.3478532478159502	22.426735162734985
0.4134206240363514	0.3480655413839805	22.456735134124756
0.4130408410197298	0.34884630729979504	22.496735095977783
0.4154805883229947	0.34427315550780396	22.526735067367554
0.45690084454688074	0.3446289646789802	22.556735038757324
0.4541241090229327	0.34435887008134763	22.59673500061035
0.4518009831858231	0.3445148918040875	22.626734972000122
0.44999217253136836	0.3445829994444642	22.65673518180847
0.45281644194591125	0.3407302017362565	22.6967351436615
0.5130734880627116	0.334563883300272	22.72673511505127
0.5093312152811558	0.33200727494487287	22.75673508644104
0.5070398009755686	0.3375543782647371	22.796735048294067
0.505592668665692	0.3391486499707282	22.826735019683838
0.5049941124137174	0.34266760194703655	22.85673499107361
0.5074488355220953	0.33846619728887034	22.896735191345215
0.5378740884441661	0.33625452958878876	22.926735162734985
0.5358804655375805	0.3349471369833403	22.956735134124756
0.5344593171265216	0.3399219168191742	22.996735095977783
0.5348686530235499	0.33915853782586797	23.026735067367554
0.5352651638546756	0.3382361055118879	23.056735038757324
0.5353257968452539	0.34007207595880773	23.09673500061035
0.5344316590820077	0.3412496086223023	23.126734972000122
0.5390337596804544	0.3392594103720683	23.15673518180847
0.5913720754012717	0.32848670608222597	23.1967351436615
0.591568697921274	0.32800010137042573	23.22673511505127
0.5911201774605459	0.33026336180134286	23.25673508644104
0.5914682314341524	0.33039450263551073	23.296735048294067
0.5913171504871639	0.33237654607640754	23.326735019683838
0.5894862412278506	0.3311682139828896	23.35673499107361
0.5894739427298049	0.33239544979433666	23.396735191345215
0.5922920480234679	0.33089210986582485	23.426735162734985
0.6347408769796077	0.33504658406058463	23.456735134124756
0.6323818097801863	0.3347241605908387	23.496735095977783
0.6313798155447385	0.338977508982879	23.526735067367554
0.6301045596077615	0.3385966612406346	23.556735038757324
0.629641173814884	0.3418718204741932	23.59673500061035
0.6527815728994718	0.3399023366224362	23.626734972000122
0.6676767723318164	0.3392582425506906	23.65673518180847
0.6664672531316908	0.33950018960587813	23.6967351436615
0.6655698753164888	0.34473673659663995	23.72673511505127
0.6658607469558329	0.3466515498855893	23.75673508644104
0.6643044936259048	0.3485775438095221	23.796735048294067
0.6722404142015966	0.34652637235952516	23.826735019683838
0.7185213917715585	0.3464747469736939	23.85673499107361
0.7163342210646777	0.34511432899060523	23.896735191345215
0.7151172110073207	0.34729498969240985	23.926735162734985
0.7131092029035503	0.34906626596452806	23.956735134124756
0.7126686020059286	0.35120601569139814	23.996735095977783
0.711877774491663	0.3515050203780218	24.026735067367554
0.710561441424454	0.3509420970589747	24.056735038757324
0.7037348523248876	0.35229699586360513	24.09673500061035
0.7005938315020503	0.3551659920254489	24.126734972000122
0.6988038584458193	0.35719750220266516	24.15673518180847
0.7022707907227338	0.35437188129929126	24.1967351436615
0.7564416690166585	0.353460606323064	24.22673511505127
0.7533146466219803	0.3513007605483977	24.25673508644104
0.7516677625006557	0.3547003523282596	24.296735048294067
0.7506841772731078	0.3573598260059437	24.326735019683838
0.7499931840857769	0.35726593661386385	24.35673499107361
0.7505593437070438	0.3575464302304495	24.396735191345215
0.7503445628804373	0.35900463620923345	24.426735162734985
0.7508814588350627	0.3578415758957798	24.456735134124756
0.7880993992849159	0.3618435941478486	24.496735095977783
0.7871631569653984	0.36050768418624435	24.526735067367554
0.7878314143689807	0.36090032168665204	24.556735038757324
0.788819464740705	0.36201284483314955	24.59673500061035
0.7893420517270988	0.3622829041458104	24.626734972000122
0.7902617239791557	0.36083801853181535	24.65673518180847
0.7911724475417128	0.3599286611825004	24.6967351436615
0.7919616054076164	0.36052547998186224	24.72673511505127
0.44475060780239634	0.28481852229448956	24.796735048294067
0.44063428134222743	0.29125116843365273	24.826735019683838
0.43437566308537817	0.293113861726124	24.85673499107361
0.4267921559996036	0.2930755426394037	24.896735191345215
0.4204518666432378	0.2967723447755364	24.926735162734985
0.4149222231482549	0.29798718742268243	24.956735134124756
0.41134146652056774	0.30011532186716594	24.996735095977783
0.4092541042934492	0.30108644091308157	25.026735067367554
0.4094484770539853	0.300007879458286	25.056735038757324
0.43778462160879605	0.31377637690119015	25.09673500061035
0.43313473359210436	0.3122224243756036	25.126734972000122
0.43193467651349104	0.31025477104233334	25.15673518180847
0.43042648286713825	0.31380188189420466	25.1967351436615
0.43048362894657355	0.3132668022766108	25.22673511505127
0.4312127277653009	0.31497732375170434	25.25673508644104
0.43091506477386315	0.3146417431622703	25.296735048294067
0.43205106366418894	0.313885649738682	25.326735019683838
0.432395481595442	0.31467399989176437	25.35673499107361
0.45579943737079087	0.30192959114703494	25.396735191345215
0.5027247901553644	0.3089753888527089	25.426735162734985
0.4991175604462959	0.3074756808133435	25.456735134124756
0.4971624768879108	0.30983137682418405	25.496735095977783
0.49630276140282337	0.3105127734330322	25.526735067367554
0.49689753056070834	0.31004269128689904	25.556735038757324
0.4969179197846786	0.30821355986107074	25.59673500061035
0.4959704104196562	0.30829056816660216	25.626734972000122
0.4975793643291144	0.3091040948066637	25.65673518180847
0.4991702286238421	0.30816864156130436	25.6967351436615
0.522320273416987	0.30450258084160525	25.72673511505127
0.5228460702077813	0.3041932451989389	25.75673508644104
0.5252201773539066	0.3045823011037836	25.796735048294067
0.5251940634582555	0.3050619053029447	25.826735019683838
0.5261961281930031	0.3070040785273467	25.85673499107361
0.5249376483299989	0.30638930897092226	25.896735191345215
0.5278057676740951	0.30551645587371323	25.926735162734985
0.5850543416055823	0.3009071870364277	25.956735134124756
0.5827600316294052	0.29926151371548243	25.996735095977783
0.5797823522450236	0.3011549954865357	26.026735067367554
0.5785969297469691	0.30361475018860773	26.056735038757324
0.5767670657437434	0.3049426186970959	26.09673500061035
0.5765160591588999	0.30363149515525983	26.126734972000122
0.5761434190014931	0.30515523307671144	26.15673518180847
0.5759129301664154	0.3066560324506214	26.1967351436615
0.5770695525524432	0.30616023746253607	26.22673511505127
0.5763974666897835	0.30555526519474296	26.25673508644104
0.5756999955356663	0.3047527952817619	26.296735048294067
0.5781833476690027	0.3036740691532051	26.326735019683838
0.624050050585993	0.30925990442269663	26.35673499107361
0.6240771536307416	0.30677454953132394	26.396735191345215
0.6216858733932069	0.30924412083859176	26.426735162734985
0.6215382230722287	0.3098739601754874	26.456735134124756
0.6194068293460834	0.3125896541280305	26.496735095977783
0.620631957526469	0.3119778391208596	26.526735067367554
0.6638555679562331	0.29887403855228867	26.556735038757324
0.6651609702254548	0.2980583181025833	26.59673500061035
0.666916091538914	0.29809293603163833	26.626734972000122
0.667194101454856	0.29890345904580845	26.65673518180847
0.6662542275507517	0.2993954528619972	26.6967351436615
0.6662433066424406	0.3006756976707637	26.72673511505127
0.6663152516700075	0.30115758958657873	26.75673508644104
0.6663252999558146	0.3033103173643658	26.796735048294067
0.6912411606518585	0.2966107771794668	26.826735019683838
0.7285957077132545	0.30021814913815215	26.866734981536865
0.7273422807952128	0.29872466881912924	26.896735191345215
0.7257662650438222	0.3025786040007681	26.926735162734985
0.7244502030401541	0.3022934150452453	26.956735134124756
0.7250881506825416	0.30212708893050316	26.996735095977783
0.7254442147129386	0.30387685416388854	27.026735067367554
0.7261578282955726	0.3047507533127492	27.056735038757324
0.725957670754877	0.30837793390489454	27.09673500061035
0.7252727969183682	0.30803067419662883	27.126734972000122
0.7270049574537957	0.3082490191656117	27.15673518180847
0.7784800797426991	0.30738494859668075	27.1967351436615
0.7778715866254712	0.3076066686044737	27.22673511505127
0.7762443129609103	0.31054225845495587	27.25673508644104
0.7750022165751825	0.3090207633992267	27.296735048294067
0.7727157539949852	0.3107090839832624	27.326735019683838
0.7712600183326717	0.31416005046636797	27.35673499107361
0.7564527553634129	0.314857782384269	27.396735191345215
0.755691527403549	0.3131797138097828	27.426735162734985
0.7550337003118399	0.3145438444889027	27.456735134124756
0.7550477690081094	0.31595723395246333	27.496735095977783
0.7547462528923605	0.31598942886085807	27.526735067367554
0.7763213866130756	0.3125657843102131	27.56673502922058
0.807425644488147	0.31531255831619515	27.616734981536865
0.8065809341390562	0.3145748828998319	27.63673496246338
0.8059314376093509	0.3176971123334535	27.66673517227173
0.8062376667611896	0.31814132333675876	27.6967351436615
0.8050682553018748	0.318155638297861	27.72673511505127
0.8046365686216187	0.3184554235703887	27.766735076904297
0.8047299456065347	0.31781233866279296	27.796735048294067
0.8052061947311673	0.3184626706002073	27.826735019683838
0.8051868866492782	0.31847221359800415	27.866734981536865
0.8055756390707246	0.3182696049662977	27.896735191345215
0.7889747337535384	0.318740279865731	27.926735162734985
0.44544005813811005	0.26662012810208974	27.996735095977783
0.4422776708490935	0.26769850158387815	28.026735067367554
0.43597901498411046	0.2702660084101176	28.06673502922058
0.42949531708559163	0.273122517916866	28.09673500061035
0.4245748168114234	0.27548816530770304	28.126734972000122
0.42115835146546066	0.27631423510303316	28.16673517227173
0.41890171171014984	0.27696857706490635	28.1967351436615
0.417252037875017	0.2777435557067675	28.22673511505127
0.41630895795360107	0.27819341296148636	28.266735076904297
0.4152275508753499	0.27770593355482875	28.296735048294067
0.41541857499523593	0.2779400198292184	28.326735019683838
0.4154611742561024	0.2778099225632698	28.366734981536865
0.41600681388760385	0.2784889259775725	28.396735191345215
0.44147157716520635	0.27519196922185307	28.426735162734985
0.44464502381225784	0.2714846631139151	28.466735124588013
0.44264887456745694	0.27140926036294316	28.496735095977783
0.4418980341187729	0.2714401007014295	28.526735067367554
0.4405611684242213	0.27431829870780144	28.56673502922058
0.44029276078640023	0.2764530076248192	28.59673500061035
0.43948283744213823	0.2758767633921704	28.626734972000122
0.43839647390015846	0.2735310052447092	28.66673517227173
0.4376535808882789	0.27549648056533205	28.6967351436615
0.43754430619311846	0.2748418908744851	28.72673511505127
0.44156850161964123	0.2727483862271678	28.766735076904297
0.4728421446892679	0.2663550657425716	28.796735048294067
0.47069558630694064	0.26497396599059386	28.826735019683838
0.4710057490071575	0.2680899067333216	28.866734981536865
0.47162143284415337	0.2711532867002683	28.896735191345215
0.4721819056976761	0.2690612862400179	28.926735162734985
0.47281618128210867	0.2691633165371455	28.966735124588013
0.4731487643933194	0.2695995550221131	28.996735095977783
0.47318984355039956	0.2680683714996037	29.026735067367554
0.47872967969969643	0.26384815873198364	29.06673502922058
0.520076231568204	0.264998071246906	29.09673500061035
0.518492062457878	0.2636358933365766	29.126734972000122
0.5165416389239574	0.26655226560692796	29.16673517227173
0.5162606736593538	0.2669710665712371	29.1967351436615
0.5156776928574769	0.26774957447053205	29.22673511505127
0.5161253387608608	0.26898294792411914	29.266735076904297
0.47693564373092984	0.27043115105689797	29.296735048294067
0.4762308584321847	0.27130694060666005	29.326735019683838
0.4764626238442802	0.2740870669442225	29.366734981536865
0.4759834838005365	0.2724504515434074	29.396735191345215
0.47539168295764633	0.2727950144471927	29.426735162734985
0.47582636602215994	0.27214767415583946	29.466735124588013
0.47617281182795407	0.27291624761589395	29.496735095977783
0.476122169712719	0.27361097917268784	29.526735067367554
0.476147933582787	0.27498025309932267	29.56673502922058
0.548871818907834	0.2564155885895094	29.59673500061035
0.5473433015998844	0.25741918280613985	29.626734972000122
0.5453060059201396	0.2610497810121247	29.66673517227173
0.5433678624899724	0.26407705547872784	29.6967351436615
0.5419886382257024	0.2646536209222494	29.72673511505127
0.542467040174929	0.26271635764601675	29.766735076904297
0.5404782803057353	0.2634237984791374	29.796735048294067
0.5536708179653096	0.2556224394013097	29.826735019683838
0.5848887499201787	0.25864912770617027	29.866734981536865
0.5834593202752362	0.2561312609800101	29.896735191345215
0.5819829003265424	0.259413419793307	29.926735162734985
0.5837432151689064	0.25551247828050505	29.966735124588013
0.5833118102564006	0.2566986037548841	29.996735095977783
0.5844437316037799	0.2564607334794586	30.026735067367554
0.583838273857543	0.2569310852926677	30.06673502922058
0.5836924503618026	0.2576004052672628	30.09673500061035
0.6248205045633176	0.25922910420050804	30.126734972000122
0.6224514275072025	0.2566281830290358	30.16673517227173
0.6202610275016738	0.259016816561907	30.1967351436615
0.6192763338453077	0.261270996493061	30.22673511505127
0.6181098567693838	0.2649885396820309	30.266735076904297
0.6164006789975426	0.2680259287190739	30.296735048294067
0.6163620677620806	0.269397205068327	30.326735019683838
0.6150189227306323	0.27096529462520796	30.366734981536865
0.614407543121152	0.2719818442200801	30.396735191345215
0.6139171754121608	0.2715502969930174	30.426735162734985
0.6158148620090975	0.27098418026337345	30.466735124588013
0.6630340137574575	0.26988865812583657	30.496735095977783
0.6618009664616702	0.26919657580290246	30.526735067367554
0.6603281024443959	0.2726717027192223	30.56673502922058
0.6603586986773431	0.27502152185529133	30.59673500061035
0.6596886678594971	0.27507526834468427	30.626734972000122
0.6593407432521581	0.27645181117162704	30.66673517227173
0.6594464736150187	0.27755693913518265	30.6967351436615
0.688787022253752	0.2698886761439405	30.72673511505127
0.6894815280229072	0.2673461105299614	30.766735076904297
0.6896261316320356	0.2689319559473716	30.796735048294067
0.691172040093316	0.27024375924107674	30.826735019683838
0.6913344621746905	0.2724918592031842	30.866734981536865
0.6916309044301981	0.27217454801983726	30.896735191345215
0.6926218430841968	0.27277581369788473	30.926735162734985
0.691464770851621	0.27116891889880046	30.966735124588013
0.7143847255560485	0.27314079347526965	30.996735095977783
0.7457634108284016	0.27679057898844855	31.056735038757324
0.7441487599745877	0.27625000371993025	31.06673502922058
0.7435239327589767	0.27756343323928173	31.09673500061035
0.7424685864356035	0.2775474218529288	31.126734972000122
0.7432057423436653	0.2767185971693273	31.16673517227173
0.7808740784015209	0.2778464248393719	31.1967351436615
0.7795983632171088	0.2758423193641235	31.22673511505127
0.7789346014650644	0.2779746384585898	31.266735076904297
0.7786436513182555	0.278677789221728	31.296735048294067
0.7771281222604222	0.27933728530448254	31.326735019683838
0.7771793898008148	0.2792049988478769	31.366734981536865
0.7770705033336356	0.2775771556922529	31.396735191345215
0.7764214658595906	0.2766839567721787	31.426735162734985
0.43392180097755206	0.21880418151180392	31.526735067367554
0.43145959145769436	0.22043511416012945	31.56673502922058
0.42618787369053157	0.22400588651983097	31.59673500061035
0.42112896131463146	0.22457243647051742	31.626734972000122
0.41637699742913403	0.22622290270466736	31.66673517227173
0.41450676757732563	0.2268463524630607	31.6967351436615
0.41334965219486763	0.2271611766242691	31.72673511505127
0.41434377394361316	0.22521248034663227	31.766735076904297
0.44394727353435426	0.23157125758212924	31.796735048294067
0.44280575748276146	0.23005789356551484	31.826735019683838
0.44089503549293785	0.23201491897740045	31.866734981536865
0.44128832252604433	0.2321405949757879	31.896735191345215
0.44081614671277597	0.23236924174896387	31.926735162734985
0.440945577703086	0.23177749102731687	31.966735124588013
0.4822534657163759	0.22972071858061882	31.996735095977783
0.4787591627768564	0.2258674803847626	32.026735067367554
0.4775305177219808	0.22739988441162257	32.06673502922058
0.4780773303937891	0.2287943248210702	32.09673500061035
0.4769686313065623	0.2305496459728476	32.12673497200012
0.47745037179315286	0.22848903626922898	32.16673517227173
0.47734126217944517	0.23017392164169959	32.1967351436615
0.4818532609131337	0.2267184486288001	32.22673511505127
0.5250671381429868	0.22192998627996105	32.2667350769043
0.5231331362240281	0.2211941744063636	32.29673504829407
0.5203493861458397	0.22312381968014985	32.32673501968384
0.5196514113472629	0.225575893535259	32.366734981536865
0.5185751972717181	0.22578494136201727	32.396735191345215
0.5183987756541505	0.22461860094227512	32.426735162734985
0.5186411438420707	0.2253474262815231	32.46673512458801
0.520059217653174	0.22497005229930445	32.49673509597778
0.5238039474928025	0.22415829909434296	32.526735067367554
0.5541908814091377	0.22149135956985128	32.56673502922058
0.5515847989778423	0.22166298074908258	32.59673500061035
0.5514835092415652	0.22343219615092857	32.62673497200012
0.5525031313742527	0.2229533014453339	32.66673517227173
0.5520690972621203	0.22550849604819806	32.6967351436615
0.5528730274454077	0.22614011859474314	32.72673511505127
0.5535325748320998	0.2258924635195146	32.7667350769043
0.5541230037550539	0.22715564895740145	32.79673504829407
0.5546449759866853	0.22527140431656834	32.82673501968384
0.5553036285192219	0.22617614090031216	32.866734981536865
0.5555964808829095	0.22522705350272232	32.896735191345215
0.56044872659337	0.220284459383172	32.926735162734985
0.5985354819711008	0.22369223161675827	32.96673512458801
0.5966652779696082	0.2231424103939729	32.99673509597778
0.5955185099803523	0.22477994390678765	33.026735067367554
0.59372223088418	0.22564122777874135	33.06673502922058
0.5928902971147672	0.2270424914129533	33.09673500061035
0.5915344204703848	0.22794112691494348	33.12673497200012
0.5899162740455481	0.2278073509994769	33.16673517227173
0.5907159988631937	0.22908807201058567	33.1967351436615
0.6060405775758501	0.22314089181830168	33.22673511505127
0.6442735923305832	0.22307149663848183	33.2667350769043
0.6418489499047654	0.22623129261338365	33.29673504829407
0.6395125958607345	0.22568277767592818	33.32673501968384
0.6394312623433049	0.22836226272278867	33.366734981536865
0.6398128252460962	0.2276362975747161	33.396735191345215
0.6398572284453845	0.22716818871164868	33.426735162734985
0.6402431534342851	0.22686413155529325	33.46673512458801
0.6406078183125862	0.22890074493829318	33.49673509597778
0.6394429579210399	0.22936503846927947	33.526735067367554
0.6395647967019569	0.23053451155166985	33.56673502922058
0.6393245783719861	0.23075491533127465	33.59673500061035
0.638921734578686	0.232962826050497	33.62673497200012
0.6390080295111625	0.23508112376600437	33.66673517227173
0.6404807494259768	0.23373168922755394	33.6967351436615
0.672430502058685	0.22948279009423947	33.72673511505127
0.6728811667257778	0.22723636385517457	33.7667350769043
0.6725254899700424	0.22757645697955575	33.79673504829407
0.6727395280127103	0.22958873968609828	33.82673501968384
0.6723936252089736	0.23130815342611524	33.866734981536865
0.672642455591217	0.23061132446698898	33.896735191345215
0.6729290647181057	0.23184055852831653	33.926735162734985
0.6732509287164087	0.23212576782552324	33.96673512458801
0.6912713519721962	0.22635950650967834	33.99673509597778
0.72970201593319	0.22464126600427614	34.026735067367554
0.7280351052655275	0.2252416391594606	34.06673502922058
0.7271616727795652	0.226300187667635	34.09673500061035
0.7255797878236502	0.22421043374611607	34.12673497200012
0.7256235784579712	0.22575124211788844	34.16673517227173
0.725254445202303	0.2243578550138389	34.1967351436615
0.7254352931750588	0.2245905482976018	34.22673511505127
0.7240388114419498	0.22692772846100567	34.2667350769043
0.7241056155361018	0.22772838895241307	34.29673504829407
0.7625388759387116	0.2353478026730741	34.32673501968384
0.7621320534178432	0.23331581151213207	34.366734981536865
0.7623583037372126	0.2355241681042768	34.396735191345215
0.7627087886821429	0.23828664623504967	34.426735162734985
0.7631891785248558	0.23871903368009592	34.46673512458801
0.7608269213536365	0.23877244744081283	34.49673509597778
0.45746069615284113	0.1971699857079067	34.56673502922058
0.4540281277396433	0.19865910053570385	34.59673500061035
0.44869704451424675	0.20075171916394033	34.62673497200012
0.4433316078593555	0.20335299835101633	34.65673518180847
0.4385334954596541	0.20620428059087187	34.6967351436615
0.43556182542160743	0.20754356947973304	34.72673511505127
0.41506724144748186	0.20889373440207756	34.7667350769043
0.40801540173221273	0.2066388409838301	34.79673504829407
0.4076763279784258	0.20660123845101117	34.82673501968384
0.4065859379130858	0.20767054921709227	34.866734981536865
0.4064353688784797	0.20727467980586498	34.896735191345215
0.40569934841446276	0.20650414470618245	34.926735162734985
0.4061925200097428	0.20613928868510237	34.956735134124756
0.405429949812783	0.20739158350463616	34.99673509597778
0.41333246418486	0.2031392147970895	35.026735067367554
0.47087173072930943	0.1943641872343515	35.06673502922058
0.4659835481443892	0.19592307195620803	35.09673500061035
0.4644037921673431	0.19630504212788202	35.12673497200012
0.4631747088250756	0.1979839952085527	35.16673517227173
0.4619446840995341	0.19700054596404884	35.1967351436615
0.4622967966638598	0.19684565157065287	35.22673511505127
0.46161605524950355	0.199633667593231	35.25673508644104
0.46149644056367295	0.19919066949394468	35.29673504829407
0.4615374143784818	0.19880388606226812	35.32673501968384
0.46101519903498844	0.19808945064476138	35.366734981536865
0.5017878885774951	0.19876125865557254	35.396735191345215
0.5012266522601391	0.19931515640727898	35.426735162734985
0.5000431833066482	0.20239270940946222	35.46673512458801
0.4990974543542159	0.20496599123685458	35.49673509597778
0.49822704157040665	0.20460469931817932	35.526735067367554
0.4970779871400815	0.2067756867109811	35.56673502922058
0.4970127077959528	0.2069094152400184	35.59673500061035
0.4970568433861711	0.2089649487656237	35.62673497200012
0.4968414919629276	0.2101533245200082	35.65673518180847
0.500675775728805	0.20578765972051138	35.6967351436615
0.5760153520031233	0.19566165222313345	35.72673511505127
0.5750774930278276	0.19522335219902665	35.7667350769043
0.5741303007708248	0.19977864266616985	35.79673504829407
0.5734950803002739	0.20162525917904775	35.82673501968384
0.5725652505544828	0.20106444137922203	35.866734981536865
0.5729912094210164	0.20143634148063821	35.896735191345215
0.5724116990972304	0.2012284713920555	35.926735162734985
0.5727102598086813	0.20097777229032088	35.96673512458801
0.5745931942733811	0.2004564865093342	35.99673509597778
0.5779373173247324	0.19716185259358043	36.026735067367554
0.6355604380200193	0.19342676358138677	36.06673502922058
0.6351205764191362	0.1935239524702661	36.09673500061035
0.6339993549193746	0.1946188842917399	36.12673497200012
0.6337314890255495	0.19485811335252703	36.16673517227173
0.6321226481435644	0.1959734652394264	36.1967351436615
0.639265370158415	0.19039600993037328	36.22673511505127
0.6539855658633889	0.1852499856186637	36.2667350769043
0.6509334840774192	0.184957789323597	36.29673504829407
0.650886968984989	0.1867584424503453	36.32673501968384
0.6509588569115863	0.18757039931693295	36.35673499107361
0.6503218032661494	0.18830332159536367	36.396735191345215
0.6526282530990597	0.18658227514637835	36.426735162734985
0.7005531941815489	0.1870514254075882	36.46673512458801
0.6990663307585053	0.18536753881993337	36.49673509597778
0.6970704428372232	0.18770790529436912	36.526735067367554
0.6965140937338158	0.18852553349274712	36.56673502922058
0.6963736591220252	0.18963978217325977	36.59673500061035
0.6974665042265711	0.18978619085920578	36.62673497200012
0.6973352223451499	0.19116081796816195	36.66673517227173
0.698152750809832	0.19207288694264707	36.6967351436615
0.6986461176628475	0.19241230707177717	36.72673511505127
0.6977017343701594	0.19202504317427244	36.7667350769043
0.6970670872611645	0.19211489423229855	36.79673504829407
0.6975495033531808	0.1913329233436564	36.82673501968384
0.6980375749907727	0.19083233477299205	36.866734981536865
0.6967852890318832	0.19024729260117793	36.896735191345215
0.6968564229494199	0.19067963596931176	36.926735162734985
0.6967634869295062	0.18933423013296877	36.956735134124756
0.6944275540282795	0.18939265130070873	36.99673509597778
0.6907720476952375	0.18964665792207708	37.026735067367554
0.6912078302684967	0.18862992480324237	37.06673502922058
0.6906690526034699	0.1895638890286357	37.09673500061035
0.7396620140879295	0.18263006311482452	37.12673497200012
0.7391702548648236	0.18519043339801272	37.16673517227173
0.7383118140958502	0.18628548099459244	37.1967351436615
0.7374133843998519	0.18846260896947145	37.22673511505127
0.7358043845260739	0.1886120170056711	37.2667350769043
0.7344898735590587	0.18879699671909494	37.29673504829407
0.7340288573100349	0.19024434912504676	37.32673501968384
0.7330963861033226	0.19108257506649534	37.366734981536865
0.7315859301395091	0.19120189370916627	37.396735191345215
0.7318386123768613	0.192501809292388	37.426735162734985
0.7807740904612303	0.19328574241851504	37.46673512458801
0.7802282041355428	0.1925604226112718	37.49673509597778
0.7800684469545008	0.19566822672938025	37.526735067367554
0.7806071898230319	0.19706913868984643	37.56673502922058
0.7806735191432771	0.19760694853061953	37.59673500061035
0.7805069037981406	0.19693753270557268	37.62673497200012
0.778356567512766	0.19808020813116886	37.65673518180847
0.4493216895604833	0.1549791961999094	37.72673511505127
0.4455141407401332	0.15667260095244337	37.7667350769043
0.4393953625852572	0.15706553046526567	37.79673504829407
0.43314637894384295	0.15866132025448304	37.82673501968384
0.42798811243995566	0.16095421334858437	37.866734981536865
0.4252592730542178	0.1632120358292659	37.896735191345215
0.42375897480631647	0.16475155944016803	37.926735162734985
0.42258782405291956	0.16652964255325922	37.956735134124756
0.18261529139302365	0.030264168306998757	37.99673509597778
0.1826865082798962	0.03199737856527705	38.026735067367554
0.18300068268162498	0.033566022662394286	38.06673502922058
0.19273452405290084	0.022940122591431075	38.09673500061035
0.459741096802215	0.1687145785881812	38.12673497200012
0.459861744745027	0.16894593610362565	38.16673517227173
0.4607161075925859	0.17089113456326713	38.1967351436615
0.4608876660155529	0.17478485145058842	38.22673511505127
0.4597092737082643	0.17733358525499776	38.2667350769043
0.4599862106539491	0.1799920816518101	38.29673504829407
0.4583867146078662	0.18321431076653025	38.32673501968384
0.4582519707235755	0.18656449987428442	38.366734981536865
0.4574013262484043	0.18549899725448696	38.396735191345215
0.4701812761212977	0.1684673848587157	38.426735162734985
0.5694610062030876	0.15977496275863004	38.46673512458801
0.5644475094058845	0.16339564935058326	38.49673509597778
0.5629818299975617	0.16479907056485146	38.526735067367554
0.5611585868454351	0.16566437912414872	38.56673502922058
0.5597339230103762	0.16592919624022978	38.59673500061035
0.560374799863293	0.16644279727288389	38.62673497200012
0.5532155511398761	0.16383174769598322	38.65673518180847
0.5521702307386591	0.16307275602108556	38.6967351436615
0.5534758272907153	0.16166778060589368	38.72673511505127
0.5538101215836707	0.16207730510696275	38.7667350769043
0.5538023995901964	0.1619829384377594	38.79673504829407
0.5578481637240243	0.16159612936411083	38.82673501968384
0.658786788129427	0.14978442827868463	38.866734981536865
0.6563188468705966	0.14812885081932092	38.896735191345215
0.6535289781953671	0.14952325063504254	38.926735162734985
0.6523700724232934	0.1509119926395718	38.96673512458801
0.6520532190027556	0.15023086612666264	38.99673509597778
0.6529643541305592	0.1486389463114658	39.026735067367554
0.6530143671789292	0.1492594223634836	39.06673502922058
0.6540701497005226	0.14782283595606996	39.09673500061035
0.6541627413425917	0.1478904025547709	39.12673497200012
0.6552590590584996	0.14604581830016033	39.15673518180847
0.7081002941211687	0.14596842843683405	39.1967351436615
0.7048452055398994	0.14382018262800078	39.22673511505127
0.7035951307395658	0.14487073628130864	39.25673508644104
0.7016067698742443	0.145127300666663	39.29673504829407
0.6994906558663282	0.14540521177353602	39.32673501968384
0.6983117258606574	0.14775096781915578	39.366734981536865
0.6965909916410267	0.14800288276647094	39.396735191345215
0.6949068735474958	0.14887364710220072	39.426735162734985
0.6933712390616942	0.15147722414576584	39.456735134124756
0.7109839832755618	0.1488661736715523	39.49673509597778
0.7551010996851365	0.14916438755860514	39.526735067367554
0.7535745165335626	0.1487156682303177	39.556735038757324
0.752874123791017	0.14904508286170454	39.59673500061035
0.7518421137997408	0.1516096112728831	39.62673497200012
0.75103301439237	0.15265349031693318	39.65673518180847
0.750520433230631	0.15399438308523059	39.6967351436615
0.7502611422610486	0.15458781450449707	39.72673511505127
0.7509222785367581	0.15302074248108521	39.75673508644104
0.7513685221796007	0.15228865704338096	39.79673504829407
0.7514923004709222	0.1518949484251525	39.82673501968384
0.7512574974774868	0.151896579766012	39.85673499107361
0.7503636819141148	0.1508978717224116	39.896735191345215
0.7506115660334515	0.1517715088877261	39.926735162734985
0.7509247750278475	0.15139045713721683	39.96673512458801
0.7513651050403113	0.15115466777912834	39.99673509597778
0.7519535492968917	0.14958386659134362	40.026735067367554
0.7521968752579639	0.1499121901002673	40.056735038757324
0.7528639748501779	0.15088288063775035	40.09673500061035
0.7540690247250352	0.15149059879048063	40.12673497200012
0.7548558376713803	0.1577255105520555	40.15673518180847
0.7124415561203908	0.3549736274852037	40.1967351436615
0.5770651172702872	0.4999905346307371	40.22673511505127
0.5503782126610937	0.53646591202031	40.2667350769043
0.5388434653439893	0.5372494842751582	40.29673504829407
0.5349628014491585	0.5361529584380662	40.32673501968384
0.5283341853024582	0.5388471192666093	40.35673499107361
0.5223580670277173	0.5410765053382283	40.396735191345215
0.5153190042534732	0.5440971142931038	40.426735162734985
0.46078494220150895	0.5629483204431968	40.46673512458801
0.4582905941794013	0.5662348855577805	40.49673509597778
0.4556380568020861	0.568113762673521	40.526735067367554
0.45352824089880633	0.5667387127968464	40.556735038757324
0.4535241638071847	0.5694509570315109	40.59673500061035
0.4429232495571595	0.6019194079875195	40.62673497200012
0.4425443350054894	0.6047150820777936	40.66673517227173
0.4401894648098732	0.6074703209779797	40.6967351436615
0.4398675592735947	0.6072702708662516	40.72673511505127
0.4393221490115876	0.6093525578923246	40.75673508644104
0.4356235056567529	0.6122246322786344	40.79673504829407
0.4343105203926459	0.6146890158701651	40.82673501968384
0.4333981289261853	0.6184111566601372	40.85673499107361
0.4328042115195042	0.6194307891946148	40.896735191345215
0.5034443832467674	0.6155134848454388	40.926735162734985
0.5033482678781992	0.6190814865196961	40.96673512458801
0.5047183306959803	0.6223671733054462	40.99673509597778
0.505266558941081	0.6243903537672152	41.026735067367554
0.504949901935156	0.6240901194447259	41.056735038757324
0.5052294372267796	0.6271096517386521	41.09673500061035
0.5050731923204606	0.6243319839021836	41.12673497200012
0.5054844557140437	0.6251287499958466	41.15673518180847
0.5052482063905135	0.6265256310838574	41.1967351436615
0.5059682756059137	0.627510024830704	41.22673511505127
0.5110478357598086	0.6264942280075674	41.25673508644104
0.5909805262349687	0.6180981662116993	41.29673504829407
0.5879066757105292	0.6161212766098321	41.32673501968384
0.5851887491879204	0.6201060882510094	41.35673499107361
0.5822986846660911	0.6234656174512345	41.396735191345215
0.580264332344949	0.6237635335927655	41.426735162734985
0.5788931814487643	0.6251075426442075	41.46673512458801
0.5778343303021828	0.6265227685732238	41.49673509597778
0.577042389842612	0.6290378640652279	41.526735067367554
0.5766815087703133	0.6288798948039657	41.56673502922058
0.5769536738439389	0.6272076892836836	41.59673500061035
0.5956625009171689	0.6231654511012783	41.62673497200012
0.6420971353177475	0.6189671558589411	41.65673518180847
0.6386234693156999	0.6193283248231423	41.6967351436615
0.6364206013999519	0.6204149041020026	41.72673511505127
0.6367298790131991	0.6211301135079966	41.75673508644104
0.6360471133438413	0.6203727554281289	41.79673504829407
0.6352740451431476	0.6198645172752223	41.82673501968384
0.6349866594711805	0.6206110167418334	41.85673499107361
0.6760675924754125	0.6179533495523015	41.896735191345215
0.6774097735193932	0.6128053895475838	41.926735162734985
0.676979463016637	0.613981975820192	41.956735134124756
0.6782575699549638	0.6156811281468064	41.99673509597778
0.6788447559883993	0.6168999226768676	42.026735067367554
0.6795237255348576	0.6150108888292029	42.056735038757324
0.6808766675896424	0.6130098389336667	42.09673500061035
0.6810218805137757	0.6133093889833925	42.12673497200012
0.6812967365472817	0.6145669846621199	42.15673518180847
0.7153193245190976	0.6140003727452547	42.1967351436615
0.716889220041435	0.6097734228822025	42.22673511505127
0.7190514650494392	0.6109592747522379	42.25673508644104
0.7211701751825523	0.6121928265502791	42.29673504829407
0.721778185331867	0.6122657957312347	42.32673501968384
0.7221512630375982	0.6122266450353814	42.35673499107361
0.7221980021728094	0.6120217480503792	42.396735191345215
0.7220065725219749	0.6128663280032708	42.426735162734985
0.7220483322100095	0.610255068500892	42.46673512458801
0.7542046966495088	0.6091346738767123	42.49673509597778
0.7542457451257711	0.6068641618016806	42.526735067367554
0.7534380579833995	0.6095962448212361	42.56673502922058
0.7532498219850126	0.6100677117070075	42.59673500061035
0.7532452969326603	0.6109482858840548	42.62673497200012
0.753723964106646	0.6096644882641415	42.65673518180847
0.7542864073104719	0.6081925043546633	42.6967351436615
0.7552290167149288	0.6063019838825948	42.72673511505127
0.7657399229964994	0.602087649478637	42.75673508644104
0.8172623280751016	0.5987613366196445	42.79673504829407
0.8150828782962111	0.5968145221042405	42.82673501968384
0.8141511596102612	0.5980383513365878	42.85673499107361
0.8141847896792229	0.5988985490371003	42.896735191345215
0.8143168034448416	0.5997077572991311	42.926735162734985
0.8144711802973191	0.598099261219991	42.96673512458801
0.8147716675348167	0.5986258672836504	42.99673509597778
0.8139848499219691	0.5984550747915673	43.026735067367554
0.8015195639776794	0.5964846487037895	43.06673502922058
0.8012020233636952	0.5954737234859555	43.09673500061035
0.8011666996530135	0.5930020148579161	43.12673497200012
0.801462241785548	0.5926117108367014	43.15673518180847
0.8016993597383605	0.5908723522146573	43.1967351436615
0.800515381466649	0.5914471876481037	43.22673511505127
0.8000054884120879	0.5922284835076537	43.25673508644104
0.7987372775923913	0.5914114341185378	43.29673504829407
0.7989902898935709	0.5893533040049818	43.32673501968384
0.7983270441496063	0.5872491383708034	43.35673499107361
0.7985892210409277	0.5862980308180331	43.396735191345215
0.798373737195878	0.5858584063361197	43.426735162734985
0.798102594640283	0.5867912960987673	43.46673512458801
0.7986186365087994	0.5859825021381223	43.49673509597778
0.7984670902027328	0.586720325900183	43.526735067367554
0.7983982666290089	0.5887206103353366	43.556735038757324
0.7981510628438454	0.5886146361809285	43.59673500061035
0.835130487573041	0.5904009146795988	43.62673497200012
0.8464321830338785	0.5922044668980346	43.66673517227173
0.8456397904295108	0.5920020930536884	43.6967351436615
0.845706387922	0.5949848173403507	43.72673511505127
0.8452890945417555	0.5968669613927929	43.75673508644104
0.8454172909623188	0.5987889370344823	43.79673504829407
0.8447635371127498	0.6003450617923347	43.82673501968384
0.8445966033044707	0.6019316728921602	43.85673499107361
0.844968480706496	0.601307874253812	43.896735191345215
0.8453474820471224	0.6016702993836339	43.926735162734985
0.8453622148194521	0.6027609399472597	43.956735134124756
0.8453234418344034	0.6034897943488662	43.99673509597778
0.8450000895992733	0.6032265320887994	44.026735067367554
0.8451668577114346	0.6038111509137867	44.06673502922058
0.8454203632446349	0.6035837256494624	44.09673500061035
0.84507798955177	0.6064890809145456	44.12673497200012
0.6210856846954061	0.5525910999760131	44.1967351436615
0.6149064524849613	0.5570892214058437	44.22673511505127
0.6109575898925039	0.5617870042766777	44.25673508644104
0.604627137641119	0.5627821117532761	44.29673504829407
0.6008786982172155	0.5659045975434527	44.32673501968384
0.5978403323782729	0.5662618569370493	44.35673499107361
0.5903611384477452	0.5570176465059927	44.396735191345215
0.586947808882679	0.5507316575854587	44.426735162734985
0.5863379631841332	0.5497102969504337	44.46673512458801
0.584812877085786	0.5506294266659886	44.49673509597778
0.584330631313858	0.5489437671935515	44.526735067367554
0.5807962818748921	0.5507710754880129	44.556735038757324
0.4657581958923743	0.5227263715471492	44.59673500061035
0.46648234454543314	0.5278141762033539	44.62673497200012
0.462661165517355	0.5280570585935506	44.65673518180847
0.4590725160407964	0.5296062254958616	44.6967351436615
0.4557684906798005	0.5314450280385319	44.72673511505127
0.4526995251058069	0.5352735069303923	44.75673508644104
0.45590567739596194	0.5322189617013484	44.79673504829407
0.4916963644146221	0.5354474781301038	44.82673501968384
0.48603412816088204	0.538229075443371	44.866734981536865
0.48543851713499836	0.5392802040219301	44.896735191345215
0.4858876350590712	0.53700041299768	44.926735162734985
0.48416774641429655	0.541135773611171	44.956735134124756
0.48272285796607434	0.5427731448384989	44.99673509597778
0.5206974237187616	0.5408893116810792	45.026735067367554
0.5198530109997708	0.5425983700290319	45.056735038757324
0.5181291392074201	0.5455814736183975	45.09673500061035
0.5174500971055894	0.5460330655883379	45.12673497200012
0.5177773344159549	0.5482769143850819	45.15673518180847
0.5185115674980787	0.5498832749268854	45.1967351436615
0.5211719386540423	0.5492850768833785	45.22673511505127
0.5764897381657158	0.5438113653841496	45.25673508644104
0.5750050308002841	0.5444420901581003	45.29673504829407
0.572824120872242	0.5484224287230779	45.32673501968384
0.571328899982168	0.5489957715816224	45.35673499107361
0.571558404391423	0.549279744929512	45.396735191345215
0.5716314801689321	0.5481556263880095	45.426735162734985
0.5708754079785499	0.5473002745561786	45.46673512458801
0.5713029726792975	0.545626059233068	45.49673509597778
0.570999557824996	0.5448808754636545	45.526735067367554
0.5716585757471706	0.5435715460764277	45.556735038757324
0.5713050841099055	0.5438981068148077	45.59673500061035
0.572204458544831	0.5437095619326351	45.62673497200012
0.5719184332873877	0.542998775115497	45.65673518180847
0.5755422951825032	0.539469808080496	45.6967351436615
0.6620585677713232	0.5471346456775901	45.72673511505127
0.6582039111268677	0.5481028518529554	45.75673508644104
0.6573238047887046	0.5484263353367973	45.79673504829407
0.6561385850325161	0.5494311069475071	45.82673501968384
0.6560766782677853	0.5499773523158622	45.866734981536865
0.6557224171658569	0.5508018499984136	45.896735191345215
0.6564744927499069	0.5520698428930116	45.926735162734985
0.6517610421448956	0.5510914434128189	45.956735134124756
0.6123499079524107	0.5403722723874483	45.99673509597778
0.6127836806591691	0.5418778598139385	46.026735067367554
0.6138283677684311	0.541696978375284	46.056735038757324
0.6138948242193553	0.5414484043558582	46.09673500061035
0.6144956101269986	0.5393811268239573	46.12673497200012
0.6144659182543618	0.5402809517748894	46.15673518180847
0.6150352513967197	0.5384775499558907	46.1967351436615
0.6156532403882898	0.5389671062261255	46.22673511505127
0.6161762628767153	0.5379654225467343	46.25673508644104
0.6149826512058774	0.5368556942930194	46.29673504829407
0.6207558046509116	0.5349020137573313	46.32673501968384
0.7051670519661881	0.5343447398130419	46.366734981536865
0.7016984618392023	0.532339128378935	46.396735191345215
0.6994836791215712	0.5367759719236823	46.426735162734985
0.6974306687197488	0.5376686634891462	46.456735134124756
0.696727058370033	0.5392715382098737	46.49673509597778
0.6975112438571428	0.5393226184518148	46.526735067367554
0.7283108436122796	0.530481369045772	46.556735038757324
0.7259875176444646	0.530673166132896	46.59673500061035
0.7242624438645433	0.5341918595646973	46.62673497200012
0.7234236661937757	0.5344239728742914	46.65673518180847
0.7229414706020779	0.5337088454143529	46.6967351436615
0.7235689371333553	0.5328891038101579	46.72673511505127
0.7237464550799733	0.5343024931081565	46.75673508644104
0.7246473835926843	0.5325433574752557	46.79673504829407
0.7297043049952228	0.5298617157774298	46.82673501968384
0.7739799761498367	0.5298711182938416	46.866734981536865
0.7723309289437004	0.5280594165031711	46.896735191345215
0.7719705910852654	0.5314539791662715	46.926735162734985
0.7723473452507488	0.5334385374413894	46.956735134124756
0.7728061296243516	0.5363486344071431	46.99673509597778
0.7729855746199635	0.5363645854237363	47.026735067367554
0.7727487761706163	0.5369126605307248	47.056735038757324
0.7721156908013294	0.535911845564292	47.09673500061035
0.7726457904993507	0.5360181226685796	47.12673497200012
0.7338539058831125	0.537024693658144	47.15673518180847
0.7260502599344071	0.5389024363990218	47.1967351436615
0.7250657987748937	0.5393106686464084	47.22673511505127
0.7235336009067022	0.5395821272215648	47.25673508644104
0.7237427916096625	0.5400438691095228	47.29673504829407
0.7218677929568236	0.5407107892925346	47.32673501968384
0.7223949115650877	0.5419092420020636	47.35673499107361
0.7228883993684828	0.5440062081000834	47.396735191345215
0.7280492035603778	0.5378032736022207	47.426735162734985
0.7962830066002367	0.5366139535274791	47.456735134124756
0.7923345428354286	0.5375920622574702	47.49673509597778
0.790679249853911	0.536478644850914	47.526735067367554
0.7894453377471234	0.5388569137491507	47.556735038757324
0.7886360297537951	0.5404577894612852	47.59673500061035
0.786949240317078	0.5402186399952202	47.62673497200012
0.7927548825454993	0.538695370855108	47.65673518180847
0.8358835066663275	0.5463161037011542	47.6967351436615
0.8328861126553174	0.543516035045884	47.72673511505127
0.8309825410042944	0.5490305339055477	47.75673508644104
0.8299321366526168	0.55239488583068	47.79673504829407
0.8296123594344229	0.5538141785522968	47.82673501968384
0.8283970214858613	0.5550374570629361	47.866734981536865
0.8282629019736826	0.5579019987783028	47.896735191345215
0.8250390914199757	0.5584923765700432	47.926735162734985
0.8099639735746096	0.5569650857063487	47.956735134124756
0.811011283690134	0.5585058334227148	47.99673509597778
0.8113641096938286	0.5602282004691463	48.026735067367554
0.8115366564226852	0.5609454295351767	48.06673502922058
0.8104173264351734	0.5632246594241638	48.09673500061035
0.8108461120069246	0.5651008726943629	48.12673497200012
0.8104980937928953	0.5675121439979656	48.15673518180847
0.8103147916853137	0.5684182716153865	48.1967351436615
0.8074458621895245	0.5714887141328336	48.22673511505127
0.6436827297335622	0.5544527909257656	48.25673508644104
0.5327465181225423	0.47932796847474357	48.29673504829407
0.5165154767553521	0.4881196567093911	48.32673501968384
0.5118759066486289	0.4884469215126527	48.35673499107361
0.5061549302164737	0.49053738975862593	48.396735191345215
0.4998181822294559	0.49477281827742764	48.426735162734985
0.49431118848664796	0.4954800660192708	48.456735134124756
0.4873891074827045	0.49767593640001284	48.49673509597778
0.46734420514157593	0.5108359450264123	48.526735067367554
0.46610910493191093	0.5099115706156503	48.56673502922058
0.4640829647074492	0.5126374004217155	48.59673500061035
0.4617575248672587	0.5130495160059066	48.62673497200012
0.4610335616817415	0.5114352840030523	48.65673518180847
0.4618033633167078	0.5105093589094662	48.6967351436615
0.46162711061668626	0.5103987129673139	48.72673511505127
0.4667141818014632	0.5085945369675864	48.75673508644104
0.5161522720026328	0.5084738414148395	48.79673504829407
0.5117887276239271	0.5069286221951687	48.82673501968384
0.5114179947883584	0.506700043048834	48.85673499107361
0.5095714614166413	0.5071906915188928	48.896735191345215
0.5088104054264364	0.5077979261481126	48.926735162734985
0.5094039082352794	0.5054186722355516	48.956735134124756
0.5086095776976837	0.5052029124104965	48.99673509597778
0.5301516811558261	0.49679504506600425	49.026735067367554
0.5801289767581476	0.5004876309753842	49.06673502922058
0.5782122956311354	0.49802058200292043	49.09673500061035
0.5752315086527768	0.49890056689591344	49.12673497200012
0.573944917094366	0.4990740262962608	49.15673518180847
0.573474458748902	0.5000145327632027	49.1967351436615
0.5731811247318993	0.4985067882781414	49.22673511505127
0.5861582070019291	0.49367502658967394	49.25673508644104
0.6257999042811803	0.49688184642479943	49.29673504829407
0.6253095201898778	0.49498125460777825	49.32673501968384
0.6238944373762851	0.49682448525099243	49.366734981536865
0.6245024380731831	0.49667611631830155	49.396735191345215
0.6243541040140712	0.4950976091293236	49.426735162734985
0.6261058174923958	0.4941105602341864	49.456735134124756
