COORDENADA X	 COORDENADA Y	 TEMPO
0.3787712247832058	0.7129207430056278	0.023154735565185547
0.37871328579347996	0.7104033048167884	0.053154706954956055
0.37983886194378547	0.7142221210784082	0.0931546688079834
0.3796420513141714	0.7158255476158818	0.1231546401977539
0.37837506971479884	0.7190034354347159	0.15315461158752441
0.3779093387648281	0.7177911251857456	0.19315457344055176
0.37694953912343876	0.7225864447992426	0.22315454483032227
0.32711451542423764	0.9671920745792439	0.2931547164916992
0.327810543043361	0.9716835503611306	0.3231546878814697
0.32874883411218897	0.977313463412621	0.35315465927124023
0.32894047815465977	0.9794588663276617	0.3931546211242676
0.31346858779322734	0.9824733926976543	0.4231545925140381
0.31213518823017933	0.9788453005367729	0.4831545352935791
0.3106563546670846	0.9811431375187762	0.49315476417541504
0.3115202024043147	0.980382961994436	0.5231547355651855
0.4933175652887708	0.966233409422207	0.5931546688079834
0.4927810250113989	0.9688749189815653	0.6331546306610107
0.49164020660034097	0.9742993047222298	0.6531546115875244
0.4893449975577045	0.9783270511582565	0.6931545734405518
0.48935459509782697	0.9786596787561289	0.7231545448303223
0.48948690897525904	0.9807781408124981	0.7531547546386719
0.49000992428463525	0.9822213292008773	0.7931547164916992
0.49161666639579804	0.9802883498529744	0.8231546878814697
0.5435493401536977	0.9674144798207164	0.8531546592712402
0.543145267772623	0.969605840205637	0.8931546211242676
0.5425693767358658	0.9736716292010179	0.9231545925140381
0.5428197041570606	0.9737798251145854	0.9531545639038086
0.3103429146104196	0.9090950122407555	1.0231547355651855
0.3108746327245152	0.9162038565321569	1.063154697418213
0.31022730488627803	0.9133592079744898	1.0931546688079834
0.3113769343728661	0.9138688488325479	1.123154640197754
0.3111032167200075	0.9160224311458162	1.1531546115875244
0.3107620378513443	0.916682046966257	1.1931545734405518
0.31125475918526213	0.9209175793805494	1.2231545448303223
0.31460261472932516	0.9186533576315118	1.2531547546386719
0.3809159940806931	0.9126414994586399	1.2931547164916992
0.3795196051407748	0.9153064935029118	1.363154649734497
0.37834239636409883	0.9156687862869958	1.3931546211242676
0.37822064027087293	0.9172722319198436	1.423154592514038
0.3778911072036435	0.9140557511920689	1.4531545639038086
0.3780864265157228	0.9157725183942088	1.493154764175415
0.3829459174644324	0.9145087703842499	1.5231547355651855
0.434293389714941	0.9095309076631822	1.553154706954956
0.4339734230411402	0.9122655732508814	1.5931546688079834
0.4332093037728452	0.9150315659913535	1.623154640197754
0.43315458899766823	0.9152489219310408	1.6531546115875244
0.4933005564965041	0.9066690056040286	1.6931545734405518
0.49347794540716255	0.9099290742742008	1.7731547355651855
0.49281019055210445	0.9125236916696918	1.7931547164916992
0.4927401966665286	0.9154905321714788	1.8231546878814697
0.4913709294330941	0.9159923987939791	1.8531546592712402
0.489241317246631	0.9187783095008618	1.8931546211242676
0.4933786270231038	0.9185271991278693	1.923154592514038
0.552101010763562	0.9085050093639147	1.9531545639038086
0.5503840582929417	0.9100463901639385	2.003154754638672
0.5499723089075816	0.9108206820942686	2.0331547260284424
0.5491814997308738	0.9124148860084228	2.053154706954956
0.5486078718428684	0.9115828891531003	2.0931546688079834
0.5494150627044507	0.9169036802607573	2.123154640197754
0.5488183576302377	0.9152886470656479	2.1531546115875244
0.5482189832397247	0.9128480255825444	2.1931545734405518
0.5473681158999082	0.9185011593485641	2.2231545448303223
0.5486146831086194	0.9173499908576821	2.253154754638672
0.5510536333988375	0.9188139017425172	2.293154716491699
0.61172550014823	0.9121083513425254	2.3231546878814697
0.6125947783526786	0.916560808223573	2.3531546592712402
0.6110827882750337	0.9167012651740932	2.3931546211242676
0.6116536430097249	0.9195535804108687	2.423154592514038
0.6111481152357131	0.9273082371753648	2.4531545639038086
0.6124365698539759	0.9270505200533187	2.493154764175415
0.6535695314546405	0.9312345844183172	2.5231547355651855
0.6515357889126313	0.9327188984111036	2.563154697418213
0.6498785336060492	0.9341417184944221	2.5931546688079834
0.6501197248268228	0.942727299706766	2.623154640197754
0.6515657543512152	0.9403471940964143	2.6531546115875244
0.6558131140131997	0.9371200645261932	2.6931545734405518
0.6914992809668283	0.9518852230720729	2.7231545448303223
0.6890542174156961	0.9339910598140045	2.753154754638672
0.6904120381129936	0.9415649460655843	2.793154716491699
0.6898140781099834	0.934993422164024	2.8231546878814697
0.6900555484942708	0.9378277843395526	2.8531546592712402
0.6901361617711759	0.9378827406429061	2.8931546211242676
0.6928311455397382	0.9481046615402517	2.923154592514038
0.6938464418580371	0.9400430742078515	2.9531545639038086
0.6956529937617902	0.9364924052058727	2.993154764175415
0.6958585792828063	0.9372913133973253	3.0231547355651855
0.6963957206352052	0.9429894271992955	3.053154706954956
0.6987690170490813	0.9450319232045712	3.0931546688079834
0.696983951025215	0.9355540970999893	3.123154640197754
0.3242176478097716	0.9009603556580168	3.2231545448303223
0.3232828083301757	0.9163290405125837	3.2631547451019287
0.32086716599401804	0.9174275966420388	3.293154716491699
0.3205266359529338	0.9228826151518031	3.3231546878814697
0.3203137859523854	0.9259806188226527	3.3531546592712402
0.3182456865475506	0.9331184925359316	3.3931546211242676
0.38555781205668516	0.9291156253249266	3.4631545543670654
0.3864150625957097	0.9318514568693919	3.493154764175415
0.3853708313489951	0.9346481232146914	3.5231547355651855
0.38512465420443837	0.9359967676434006	3.563154697418213
0.38518312927057347	0.9348806451012625	3.5931546688079834
0.38469762609797503	0.9338241663457627	3.623154640197754
0.3857099375130451	0.9318257244842114	3.6631546020507812
0.3866145173552666	0.9327801317630807	3.6931545734405518
0.38798852093576003	0.933227506960025	3.7231545448303223
0.4444912379763763	0.926616969995686	3.7631547451019287
0.44432474112424	0.9279628155571062	3.793154716491699
0.44249347131009764	0.9322508570986582	3.8231546878814697
0.44220519170980116	0.937532231385616	3.863154649734497
0.44140265365032105	0.9388164412543544	3.8931546211242676
0.2878964525201836	0.852389116503301	3.9631545543670654
0.2882370191892736	0.8612962723913835	3.993154764175415
0.2869167533378515	0.8710381039772135	4.0231547355651855
0.2867764641884015	0.8741913630177124	4.063154697418213
0.28626607134381554	0.8732926445229545	4.093154668807983
0.28634273644240654	0.877831020271214	4.123154640197754
0.2862257627737008	0.876563287343168	4.163154602050781
0.2885420088927584	0.8752688813821	4.193154573440552
0.345744600220575	0.8774737054722617	4.223154544830322
0.34442406171585704	0.8756858248630653	4.263154745101929
0.34447401178495196	0.8758449183880234	4.293154716491699
0.34474546350834034	0.8777692491698302	4.32315468788147
0.3436794383803496	0.8796006338102478	4.363154649734497
0.34035400088713313	0.876582509584706	4.393154621124268
0.3367323402824235	0.8761594265339793	4.423154592514038
0.33473349331316704	0.8768088777318741	4.463154554367065
0.33670266816568434	0.8771880995424532	4.493154764175415
0.3417847778946359	0.8762277747794879	4.5231547355651855
0.383256252062569	0.88693524436382	4.563154697418213
0.3834434603926896	0.8822485780119945	4.593154668807983
0.38239241227250076	0.8817450162402402	4.623154640197754
0.3814709834749601	0.8810878128368368	4.663154602050781
0.38121547384215937	0.8838549680378511	4.693154573440552
0.3808484052122848	0.8873847448804313	4.723154544830322
0.43537455436739525	0.8703378227486006	4.763154745101929
0.43718435084767693	0.8760028348752195	4.873154640197754
0.43641294944031467	0.8809395921571278	4.893154621124268
0.43669578265723596	0.8800279967867688	4.923154592514038
0.4354783997768699	0.8825752276218158	4.963154554367065
0.43472179278018025	0.8842916529692333	4.993154764175415
0.43811467409735905	0.8824524835716469	5.0231547355651855
0.4912423175944211	0.8757673844142997	5.063154697418213
0.4903985729196466	0.8787970415922526	5.163154602050781
0.4896387022552303	0.8827564744195148	5.193154573440552
0.48916211015424554	0.882224239811879	5.223154544830322
0.4924169390872859	0.8837919320566834	5.263154745101929
0.5295081141264214	0.8840707290561652	5.293154716491699
0.5305955432091927	0.8809332242816589	5.333154678344727
0.5295196198776915	0.8800249157417224	5.363154649734497
0.5296493135924265	0.8834244021155868	5.393154621124268
0.5293533175417106	0.8818420470772684	5.423154592514038
0.5291131293904766	0.8834332204394363	5.463154554367065
0.5330230141286755	0.8818783609702864	5.493154764175415
0.6122353332486403	0.868554236120044	5.5231547355651855
0.6111648173551308	0.8683384757846617	5.563154697418213
0.6117283533598253	0.8732200225437553	5.593154668807983
0.6105509991847623	0.874400298943468	5.623154640197754
0.6108548673778378	0.8740286173929085	5.663154602050781
0.6105609300446988	0.8768043757168205	5.693154573440552
0.612136336516299	0.8745244031578654	5.723154544830322
0.6125972741406529	0.8731020757924223	5.763154745101929
0.6124118622116327	0.8735446298408638	5.793154716491699
0.6158968703821325	0.8751578974747315	5.82315468788147
0.6640307257135257	0.8676504336104791	5.863154649734497
0.6642961599404229	0.8649297028465295	5.903154611587524
0.6640468002000979	0.8655301067067036	5.923154592514038
0.6647308265775167	0.8685288866655819	5.963154554367065
0.6646940545001141	0.8676080865251736	5.993154764175415
0.6651226102250462	0.866360876385123	6.0231547355651855
0.6637650306079801	0.8698116652507695	6.063154697418213
0.33335211911551316	0.806237603003461	6.123154640197754
0.33350350025205344	0.8115230059468804	6.163154602050781
0.332643631087533	0.8180332944081375	6.193154573440552
0.3308582833782954	0.8199681353259154	6.223154544830322
0.29567193920703244	0.8173905686279866	6.263154745101929
0.29545750792386727	0.8180673365716458	6.293154716491699
0.29543997463921495	0.8212192547528361	6.32315468788147
0.2953966344295441	0.823945093379369	6.363154649734497
0.2956065346700564	0.8267000084062681	6.393154621124268
0.29503639357788153	0.8285347232085583	6.423154592514038
0.2975998225821151	0.8267233916706915	6.463154554367065
0.3744899341458878	0.8240695673949519	6.493154764175415
0.3746380626300562	0.8265851157489461	6.533154726028442
0.37403336024653067	0.8254571105197333	6.563154697418213
0.3748560683972004	0.8290441399558813	6.593154668807983
0.37340716558718395	0.829698598162504	6.623154640197754
0.3736283987075045	0.8264668828621344	6.663154602050781
0.4180322281728199	0.8156516294912539	6.693154573440552
0.4167285969456864	0.8172558552082544	6.733154535293579
0.4158820744159433	0.8221943493772322	6.763154745101929
0.41533172496152043	0.821350368666167	6.793154716491699
0.4139980827892016	0.8239236069467035	6.82315468788147
0.3873005587543811	0.8125621952552746	6.863154649734497
0.38663144496455754	0.8095802673888229	6.923154592514038
0.3873800826065853	0.8116428460521816	6.933154582977295
0.3854516754622729	0.8119120867159179	6.963154554367065
0.38636016388308986	0.8125950454473715	6.993154764175415
0.3862064816350722	0.8128114771092457	7.0231547355651855
0.3884177546349509	0.8157795579631194	7.063154697418213
0.387595026544114	0.8152515934305412	7.093154668807983
0.3876069471237041	0.8170186894087146	7.123154640197754
0.38911632961661513	0.8170478472465738	7.163154602050781
0.3894894770933216	0.8152664528187855	7.193154573440552
0.38934610977122763	0.8134614728026915	7.223154544830322
0.390909618356797	0.8141675130325273	7.263154745101929
0.3928222944080304	0.815186902278976	7.293154716491699
0.44304409526593036	0.8057143901838387	7.32315468788147
0.4434818545659447	0.8099845354447051	7.363154649734497
0.44303357807815663	0.8113506104781829	7.393154621124268
0.4426188786735008	0.8119286449703353	7.423154592514038
0.4426931316516051	0.8134932995270336	7.463154554367065
0.442461760282658	0.8181550985575428	7.493154764175415
0.4420310935766304	0.8172562343901055	7.5231547355651855
0.4416689766132404	0.8173277571715432	7.563154697418213
0.423359165727571	0.8269262481654991	7.593154668807983
0.4202992945710581	0.8234355827557629	7.623154640197754
0.4174777973784841	0.824208298729527	7.663154602050781
0.418203015870438	0.8256679128159453	7.693154573440552
0.41660887372302696	0.8286733761813024	7.723154544830322
0.49360650641127435	0.815699492680145	7.793154716491699
0.4919785725283299	0.815893440980777	7.82315468788147
0.4933789197319225	0.8173051860992435	7.863154649734497
0.4937508651988849	0.8226475760953764	7.893154621124268
0.49271414269821	0.8198216698729222	7.923154592514038
0.4919232832337933	0.820817465042192	7.963154554367065
0.49191213562179115	0.8214607141181638	7.993154764175415
0.4922418120791375	0.8237268023931157	8.023154735565186
0.4933697995099759	0.8245919525859291	8.063154697418213
0.49254152252172	0.8280334480222961	8.093154668807983
0.5325699443048105	0.8246920751935515	8.163154602050781
0.5306243088796654	0.8231464189814056	8.193154573440552
0.5299737896244203	0.8245189452988154	8.223154544830322
0.5297507443701787	0.8277361682766748	8.263154745101929
0.5289003442029273	0.8266390400947111	8.2931547164917
0.5285319117746957	0.8279788945834925	8.32315468788147
0.5277477496177737	0.8291944989070177	8.363154649734497
0.592569134467326	0.8258169996626513	8.393154621124268
0.5946389450470316	0.834634056784154	8.433154582977295
0.5934268660565015	0.8361293683794295	8.463154554367065
0.5933819208364021	0.8373341281308636	8.493154764175415
0.5934319531981621	0.8432846791207054	8.523154735565186
0.5924655853459495	0.8464315759836272	8.563154697418213
0.5935733884041476	0.8473196258416482	8.593154668807983
0.5908381609048379	0.8449022833980556	8.623154640197754
0.5929513815761773	0.8565697855270135	8.663154602050781
0.6395079164477502	0.8509489940368897	8.693154573440552
0.6386582589091234	0.8528247928268475	8.743154764175415
0.6384299339490113	0.8536577582738798	8.763154745101929
0.6363578232622807	0.8550525854923129	8.7931547164917
0.6369105745421122	0.8568516619523004	8.82315468788147
0.6439303249987277	0.8571468519606817	8.863154649734497
0.6713721079718408	0.8613722188213505	8.893154621124268
0.6708941201865243	0.8587647908620079	8.943154573440552
0.6699147627623321	0.8541946163231725	8.963154554367065
0.6702449842513842	0.8653735299047438	8.993154764175415
0.6703232756817981	0.8660610606495033	9.023154735565186
0.6687145112640231	0.866344563712295	9.063154697418213
0.7239242412259097	0.8632469664495295	9.123154640197754
0.7238880937315124	0.8627467995062849	9.163154602050781
0.7250098686459208	0.860939240584315	9.193154573440552
0.7243553872620724	0.8617495294016178	9.223154544830322
0.7251775139990484	0.861545599814711	9.263154745101929
0.7248581162875773	0.8614565941579171	9.2931547164917
0.7256409828061489	0.8598388680354517	9.32315468788147
0.7263452869515102	0.8600666545564981	9.363154649734497
0.7286847480297788	0.8579149277064055	9.393154621124268
0.7450197971465166	0.8597392969454533	9.423154592514038
0.7445527497567174	0.8579561329470484	9.493154764175415
0.7446539145574614	0.8568297799635567	9.523154735565186
0.3034086380696393	0.7813273815628268	9.593154668807983
0.30944710677035264	0.8019540808540624	9.643154621124268
0.30862567846098793	0.812394112429636	9.663154602050781
0.30722351723441554	0.8084712649071062	9.693154573440552
0.30703354348772194	0.8095862742095903	9.723154544830322
0.3057775477682209	0.8152801465241927	9.763154745101929
0.3061295010053571	0.8188785837039367	9.7931547164917
0.3064252964607132	0.820217793589953	9.82315468788147
0.3055453999332348	0.8184776284585665	9.863154649734497
0.3064473443196297	0.8185350559948005	9.893154621124268
0.34926842027046645	0.8185654648567718	9.923154592514038
0.35536764833211953	0.8140576917648621	9.963154554367065
0.35704151553880076	0.8162852766279614	9.993154764175415
0.35719480254543523	0.8148039062088602	10.023154735565186
0.3560089791439317	0.8144346634739892	10.063154697418213
0.3557290690349612	0.8151577542485946	10.093154668807983
0.35537896248995515	0.818154506779713	10.123154640197754
0.3565847457978334	0.8187511643072402	10.163154602050781
0.35621853228072686	0.8169794739427646	10.193154573440552
0.40677404991681826	0.7995943389051662	10.223154544830322
0.40959476970697106	0.8103079221175213	10.313154697418213
0.4097831335598006	0.8124842892173995	10.35315465927124
0.40945265444357	0.8154619945824829	10.363154649734497
0.4096447637186659	0.8134910303788071	10.393154621124268
0.40915475123074757	0.8127459391984914	10.423154592514038
0.4093629478515143	0.8177804600714317	10.463154554367065
0.40869239895626014	0.8164031912822943	10.493154764175415
0.4084694448460122	0.8180050134396177	10.523154735565186
0.4092273783037935	0.819112383129694	10.563154697418213
0.4706189370775842	0.7818231371452582	10.593154668807983
0.5056346677195587	0.8045629743766212	10.63315463066101
0.5065424367877653	0.8122882350982664	10.703154563903809
0.5042799740871301	0.8119400904955116	10.723154544830322
0.503248994264764	0.8132311047344545	10.763154745101929
0.5037912746755234	0.8121473746607165	10.7931547164917
0.504787404332772	0.814036545597071	10.82315468788147
0.5061516289843281	0.8155884699562583	10.863154649734497
0.571804805164043	0.8084847088055644	10.893154621124268
0.5711321087584816	0.8145800572615345	10.923154592514038
0.5708786149930285	0.8167876550909992	10.963154554367065
0.571485024576866	0.8140006733638689	10.993154764175415
0.5694913816956102	0.8178449391532981	11.023154735565186
0.5695871724921807	0.8208098636811082	11.063154697418213
0.5691456352338573	0.8174140897414457	11.093154668807983
0.5720511698233395	0.8180988026941507	11.123154640197754
0.6188500087375683	0.8147928629678428	11.163154602050781
0.6184455526922038	0.8210246386732315	11.193154573440552
0.619004290011259	0.819169750751037	11.223154544830322
0.619253300707202	0.8186743185863501	11.263154745101929
0.6697006188334846	0.8199792473095179	11.32315468788147
0.6682998616318238	0.8213061136566759	11.393154621124268
0.6666869844886901	0.8225977845732423	11.413154602050781
0.6667848415770677	0.8218748861047986	11.433154582977295
0.6696173106312882	0.8204622338331906	11.463154554367065
0.7134173055274527	0.8225759264751504	11.493154764175415
0.7136163648839083	0.8197024641763005	11.563154697418213
0.712912209859592	0.8219345252921251	11.593154668807983
0.7129699709434926	0.8234254250556933	11.623154640197754
0.7123970704827948	0.8244346054924614	11.663154602050781
0.7121221299679664	0.8247091845294987	11.693154573440552
0.7115643098064955	0.823537227712837	11.723154544830322
0.3318108051059398	0.7480011718897619	11.7931547164917
0.33249424236911285	0.751938190923522	11.82315468788147
0.33235201157426303	0.758033255828535	11.863154649734497
0.3321017373667468	0.7601313183391918	11.893154621124268
0.31065476467396763	0.7585396400875131	11.923154592514038
0.30610661344274087	0.7608203988707636	11.973154544830322
0.3042206516784778	0.762868982895415	11.993154764175415
0.30301916241252735	0.7591242836375223	12.023154735565186
0.3039393673910083	0.7609547368723544	12.063154697418213
0.30322904211345186	0.7581922091617447	12.093154668807983
0.3045034095028976	0.7599660235223861	12.123154640197754
0.3864170842806159	0.7477257732687346	12.163154602050781
0.3860709588481229	0.7553664618678062	12.193154573440552
0.38470064171960366	0.7580713371750711	12.223154544830322
0.3847272732264915	0.758542683340098	12.263154745101929
0.3836362742072962	0.7561869164084586	12.2931547164917
0.3841634005103559	0.7606463122910676	12.32315468788147
0.38401436263552163	0.7583710765933198	12.363154649734497
0.3832646840866315	0.7578241842111327	12.393154621124268
0.44857221941901276	0.7461041561242194	12.463154554367065
0.44791863608002	0.7458703977354794	12.493154764175415
0.44710074731330585	0.7532752927893654	12.523154735565186
0.38327853261507633	0.7457148025696908	12.563154697418213
0.381026687067262	0.7465688234011655	12.593154668807983
0.3798926266199034	0.7571013064751699	12.623154640197754
0.37989502021550325	0.7571576626711619	12.663154602050781
0.37909509214606346	0.7557438958507173	12.693154573440552
0.3796864046250726	0.7585794914438606	12.723154544830322
0.3822200844066794	0.7569367531684221	12.763154745101929
0.43425838784541254	0.7588625917937573	12.7931547164917
0.4339689691747168	0.758813635509145	12.82315468788147
0.43319816147592793	0.7605640824609134	12.863154649734497
0.4339585277078599	0.7659076294134096	12.893154621124268
0.434168670309163	0.7600600951656222	12.923154592514038
0.4344114341297379	0.7557343374123927	12.963154554367065
0.435136104463895	0.7591033532922139	12.993154764175415
0.4333901335841469	0.7619439705583047	13.023154735565186
0.436240879100844	0.7557888324167751	13.063154697418213
0.48581754814244277	0.7526293526636143	13.093154668807983
0.4842057143908298	0.7542162075560155	13.123154640197754
0.48271811960068955	0.7592540021340372	13.163154602050781
0.4823183698614142	0.7597907102105331	13.193154573440552
0.4829394778842594	0.7557149394201181	13.223154544830322
0.4841556609309349	0.7542665081501883	13.263154745101929
0.5311178279228106	0.7531493342895014	13.2931547164917
0.5309931655250802	0.7578198113684382	13.333154678344727
0.5307801075040891	0.7572725135467464	13.363154649734497
0.5304939608456801	0.7591370065273157	13.393154621124268
0.5298220026321722	0.7573114964271419	13.423154592514038
0.5303185160570734	0.7604277516378752	13.463154554367065
0.529940589509675	0.7572933109766001	13.493154764175415
0.533010047817671	0.7582879891663186	13.523154735565186
0.5806653665044222	0.7501041476268862	13.563154697418213
0.5803887721147193	0.7500217075680846	13.613154649734497
0.5795791730492603	0.7533279998233813	13.63315463066101
0.579212312714061	0.7606238753620241	13.663154602050781
0.5786286821749578	0.7593886341776153	13.693154573440552
0.5784773062552505	0.7563371070988563	13.723154544830322
0.5784041629843208	0.7564093029851751	13.763154745101929
0.5787651842951462	0.7584800849666016	13.7931547164917
0.6279650198356955	0.7579727182169381	13.863154649734497
0.6277080438770645	0.7547458718883384	13.893154621124268
0.6271356814065868	0.7581331407886881	13.923154592514038
0.6273761768244406	0.761357188578531	13.963154554367065
0.6267645756573758	0.7628321231756342	13.993154764175415
0.626189082168852	0.762929082115248	14.023154735565186
0.6258786655223495	0.7647519863492644	14.063154697418213
0.6853959331614987	0.7631740605690848	14.093154668807983
0.6866166286518711	0.7617821248615118	14.143154621124268
0.688252212327966	0.7612104739998874	14.163154602050781
0.6878243752232042	0.761262874530198	14.193154573440552
0.68818791370247	0.7624409494920203	14.223154544830322
0.687369173152797	0.763083163617366	14.263154745101929
0.6878221830787725	0.7661577405614807	14.2931547164917
0.6879762349371241	0.7639222596079083	14.32315468788147
0.687845988010413	0.7640032430894284	14.363154649734497
0.6874457692081194	0.7645606671488118	14.393154621124268
0.6889885970073815	0.7646072184813488	14.423154592514038
0.7118143073288615	0.7571334242343696	14.463154554367065
0.7113084814899215	0.7621635971137394	14.523154735565186
0.7115722637195859	0.7633450594522605	14.533154726028442
0.7128659403760512	0.7581994860661799	14.563154697418213
0.7125729689760604	0.7615747026582431	14.593154668807983
0.7131424506407686	0.7601246754497758	14.623154640197754
0.32061249174382095	0.68344687230214	14.693154573440552
0.31923224957698126	0.7071417730050858	14.803154706954956
0.31958377741217375	0.7070016035888597	14.843154668807983
0.3186711853806385	0.70813650390086	14.863154649734497
0.317938493538321	0.7124363618723863	14.893154621124268
0.3193284651017412	0.7133982484064937	14.923154592514038
0.3182383106611992	0.716738425627375	14.963154554367065
0.3174270957131741	0.7148999858333301	14.993154764175415
0.3189204384861047	0.7166186066832421	15.023154735565186
0.3706535331344839	0.7027204988820264	15.063154697418213
0.3707061718742394	0.7027178353888468	15.093154668807983
0.37162019274196323	0.7043264953310243	15.123154640197754
0.3719352723886963	0.7070561015042711	15.163154602050781
0.3717298543172493	0.7092149804456359	15.193154573440552
0.37238073610204114	0.7060972630056473	15.223154544830322
0.37308334284359435	0.7097654836153225	15.263154745101929
0.43180243269255403	0.6999568371910941	15.2931547164917
0.43428236344028837	0.7039247699680571	15.32315468788147
0.43354156822707773	0.7099749898080189	15.363154649734497
0.43472236834270417	0.7150859517401378	15.393154621124268
0.43297846087386366	0.7171065201306793	15.423154592514038
0.4338985757944339	0.7171166151757936	15.463154554367065
0.4197842005654985	0.717935311220106	15.493154764175415
0.4079438604908636	0.7140807524184716	15.553154706954956
0.4082612166715546	0.7167049796349849	15.57315468788147
0.40689423381541345	0.7182834604954345	15.593154668807983
0.40610623915972943	0.7184901493833974	15.623154640197754
0.40627857686750657	0.7201170781857421	15.663154602050781
0.40616777285525785	0.7178018114811971	15.693154573440552
0.4096133551135771	0.7195209688725347	15.723154544830322
0.457272586743073	0.7188833514257634	15.763154745101929
0.4578757997203364	0.7220025068145396	15.7931547164917
0.45649175322179675	0.7230085687188612	15.82315468788147
0.4561221824729398	0.7280859826358169	15.863154649734497
0.4591529434632719	0.7263406161940902	15.893154621124268
0.5147407315668895	0.7258626000779823	15.923154592514038
0.5156599460104716	0.7275742991722	15.963154554367065
0.5149830036344736	0.7240339966501834	15.993154764175415
0.5158221165951291	0.7222623158571123	16.023154735565186
0.515899895184699	0.7258595366560189	16.063154697418213
0.5150602686634314	0.7268269749865102	16.093154668807983
0.5653630175353761	0.7244804559433448	16.123154640197754
0.5674946961518843	0.7214844810064097	16.173154592514038
0.5690903808346929	0.7230813385002004	16.20315456390381
0.5685413235742693	0.7243640950277878	16.223154544830322
0.5684362426215981	0.7266717848075325	16.26315474510193
0.5716387570622945	0.7280152317773757	16.2931547164917
0.6234854579391961	0.721782107731947	16.32315468788147
0.6233283477679203	0.7213941319368808	16.38315463066101
0.624036862935336	0.7243210895830029	16.403154611587524
0.6226164440381521	0.731906112732138	16.423154592514038
0.621637305907452	0.7328482447987243	16.463154554367065
0.6225547922829991	0.7303967788567748	16.493154764175415
0.6237278922812194	0.7325044967113665	16.523154735565186
0.6235320180481905	0.7316253024443213	16.563154697418213
0.6269042151329702	0.7302817956087472	16.593154668807983
0.6669982620256114	0.7250630043582903	16.623154640197754
0.6663327265594765	0.7268353159582301	16.66315460205078
0.6666631784668209	0.7260220672527968	16.69315457344055
0.6661004849406724	0.7278305095970103	16.723154544830322
0.6666649259835234	0.7301545519035162	16.76315474510193
0.6683155586743859	0.7295728107764462	16.7931547164917
0.7134654520609548	0.7175149710213592	16.82315468788147
0.7148707414161345	0.7215200799641892	16.873154640197754
0.714459433907981	0.7191236933033317	16.893154621124268
0.7153898452111545	0.720060046462455	16.923154592514038
0.7141450497315607	0.7207702935879804	16.963154554367065
0.32195726251111006	0.6508537101505619	17.023154735565186
0.3214914091990447	0.6536011672106262	17.063154697418213
0.32153072139443833	0.6626867356992492	17.093154668807983
0.3218193494719243	0.6676361686024842	17.123154640197754
0.32206109111184256	0.6703027787436697	17.16315460205078
0.3215767575425163	0.6702354785148579	17.19315457344055
0.3199837090531892	0.669791010201414	17.223154544830322
0.32093851050918626	0.6708551191890099	17.26315474510193
0.32043894921813226	0.6706230055073873	17.2931547164917
0.3205354819971306	0.6717781437818938	17.32315468788147
0.31842874201230714	0.6697590274207514	17.363154649734497
0.29571632292429384	0.6588264698473231	17.393154621124268
0.29786755321274466	0.6560986124810609	17.423154592514038
0.3704340376790208	0.6598048818043594	17.463154554367065
0.3705756365587029	0.6628414364074308	17.503154754638672
0.36872381144067023	0.661078228501466	17.523154735565186
0.36701006435213185	0.6608283521259634	17.563154697418213
0.3675830491694993	0.6577916523821257	17.593154668807983
0.368355735270629	0.6593581817468134	17.623154640197754
0.3688863267384255	0.6615540538642771	17.66315460205078
0.43488905652017756	0.6519872515752544	17.69315457344055
0.4353066360942458	0.6499703761753912	17.743154764175415
0.43425661609932376	0.656848334498201	17.76315474510193
0.43295451692630066	0.6584255258815894	17.7931547164917
0.4326196772583168	0.6577158537466448	17.82315468788147
0.4330352785708525	0.6570110780042927	17.863154649734497
0.43190749697935427	0.6586781646982623	17.893154621124268
0.4961763590467064	0.6605731085657612	17.963154554367065
0.49715920415164416	0.6597938175962045	18.003154754638672
0.49631928735204955	0.6627844696077314	18.023154735565186
0.4961771204906569	0.664591863691154	18.063154697418213
0.4945418351696609	0.6632859613718322	18.093154668807983
0.4958287784149652	0.6647339911287322	18.123154640197754
0.5562280366003944	0.6593071772773098	18.19315457344055
0.5555560301713894	0.6650338205102093	18.2931547164917
0.5567151238868508	0.6679947304216947	18.32315468788147
0.6000258909584149	0.6595459876114491	18.363154649734497
0.5995156577149411	0.662879371189985	18.423154592514038
0.5975491058271163	0.6665666213962149	18.44315457344055
0.5972530683655257	0.6669086063651463	18.463154554367065
0.5970462918468893	0.6696026802388874	18.493154764175415
0.5973841452539033	0.6699826627917681	18.523154735565186
0.5969978751305814	0.6732296686712645	18.563154697418213
0.6814564268446639	0.6623374280782176	18.623154640197754
0.6810640620568527	0.6669896527332008	18.66315460205078
0.6814350281881092	0.666115776576065	18.69315457344055
0.6812827203205177	0.6714444645484223	18.723154544830322
0.6815392630928313	0.6738017002454304	18.76315474510193
0.6811047601979544	0.6736327365101604	18.7931547164917
0.6808913034158438	0.6745150205220819	18.82315468788147
0.6831150689297832	0.6718738113121124	18.863154649734497
0.740106224535331	0.6734110579146684	18.893154621124268
0.7411391656659848	0.6731986033035752	18.933154582977295
0.7400027875523859	0.6726281075905881	18.963154554367065
0.7417133657088418	0.6735678000035636	18.993154764175415
0.3216451084054217	0.5865301366355178	19.063154697418213
0.32126629430914744	0.6001064751038723	19.093154668807983
0.3208954620571235	0.610047463773578	19.123154640197754
0.31903038149398893	0.615503534480607	19.16315460205078
0.3187178944081887	0.6225664864953367	19.19315457344055
0.3178180868360365	0.6226850602530825	19.223154544830322
0.31646424913915694	0.624758381871728	19.26315474510193
0.315889763386613	0.6234443406002481	19.2931547164917
0.3163561952450858	0.6229106013193781	19.32315468788147
0.3182287572425278	0.6218321945450815	19.363154649734497
0.37010982520598507	0.6130713916150545	19.393154621124268
0.37186591155702	0.6152320576372295	19.423154592514038
0.37266186756055575	0.6140781000463236	19.463154554367065
0.3727073684258445	0.6149780992245567	19.493154764175415
0.37257082838189187	0.6172411507279162	19.523154735565186
0.3724833086017265	0.6157383808901332	19.563154697418213
0.37350433635967123	0.6119700223165804	19.593154668807983
0.37232769854814135	0.6134360190995148	19.623154640197754
0.3737199102704764	0.6127161390147927	19.66315460205078
0.42720876878193725	0.605832053359251	19.69315457344055
0.42630727740037466	0.6140464765819648	19.773154735565186
0.42624306284055663	0.6143771413345228	19.7931547164917
0.4246660337839295	0.6170847069744149	19.82315468788147
0.42392851898645856	0.6191010411985736	19.863154649734497
0.4232968949431113	0.6223316950118721	19.893154621124268
0.42362076855490644	0.6222425618677626	19.923154592514038
0.46561563868713024	0.6306432614452373	19.963154554367065
0.51327255752222	0.6149613861980306	20.003154754638672
0.5118219599902522	0.6168386881575193	20.053154706954956
0.5116818636949948	0.6198429373950038	20.07315468788147
0.5122875614052422	0.6231805023835344	20.093154668807983
0.510723549731479	0.6192229947359782	20.123154640197754
0.49286989129423686	0.6172937650887328	20.16315460205078
0.49187745708005964	0.6201215819071318	20.19315457344055
0.4900516111530515	0.6218480557556424	20.223154544830322
0.4900793532789748	0.6186282113341502	20.26315474510193
0.4903779758094186	0.6241032660020203	20.2931547164917
0.491580756871163	0.6257641023788953	20.32315468788147
0.531070793108854	0.6224200390045873	20.393154621124268
0.5315989066457388	0.6241590338435957	20.44315457344055
0.5319443627156488	0.6228803816035112	20.463154554367065
0.5311589476451433	0.6245033095666288	20.493154764175415
0.5328001841981231	0.6241014305857613	20.523154735565186
0.580094969243913	0.6204737191617248	20.563154697418213
0.5790651788321207	0.6243985267062857	20.593154668807983
0.5803275490462103	0.6240260039631915	20.623154640197754
0.5799375390798914	0.6242848871986078	20.66315460205078
0.579213059069019	0.62689349329731	20.69315457344055
0.636699723261319	0.619772777646361	20.76315474510193
0.635560077628093	0.6252203810558383	20.803154706954956
0.6364104835258103	0.6245896877986638	20.82315468788147
0.6364770528918988	0.6243261730290016	20.863154649734497
0.6365177565419935	0.6243906391551141	20.893154621124268
0.6358541210579596	0.6209683219948876	20.923154592514038
0.6394045291644024	0.623672622263939	20.963154554367065
0.6856956292245889	0.6203840456607621	20.993154764175415
0.685499280580836	0.6179721612416271	21.033154726028442
0.6847481565813466	0.6160787144593806	21.063154697418213
0.6844571614467142	0.6181664611620713	21.093154668807983
0.6844339139549863	0.6184139701647261	21.123154640197754
0.7149331478070319	0.6048952374629997	21.16315460205078
0.7419973417992762	0.6137215732591927	21.19315457344055
0.7426109917961833	0.6158032450165534	21.223154544830322
0.299485217835699	0.5385189370141802	21.2931547164917
0.29762560688151896	0.5478697425394817	21.32315468788147
0.29634020571426667	0.557460684881104	21.363154649734497
0.2940667255599927	0.5627754818769245	21.393154621124268
0.2932529896208192	0.5658108539612262	21.423154592514038
0.29253395415009265	0.5663965211234835	21.463154554367065
0.29173813966059264	0.5700903976430026	21.493154764175415
0.2931634584039682	0.5745263172641409	21.523154735565186
0.3713923489806274	0.562169036158489	21.563154697418213
0.3704696875475603	0.5637604862391838	21.60315465927124
0.36969795623107427	0.5728604662776284	21.623154640197754
0.3691859033968992	0.5718556589197807	21.66315460205078
0.36655589936325456	0.5746463296462406	21.69315457344055
0.34461093427971706	0.5692667315765841	21.723154544830322
0.3460479255496962	0.5690774000989087	21.773154735565186
0.3443459108701686	0.5742418565095906	21.7931547164917
0.34370014020629447	0.5747919145060537	21.82315468788147
0.3437986100820474	0.5757642709223216	21.863154649734497
0.34391934827540727	0.5746625669083937	21.893154621124268
0.34620473105515226	0.5765712739210184	21.923154592514038
0.4713163205546061	0.5679689247813272	21.963154554367065
0.4663277227391223	0.5702610774728266	21.993154764175415
0.46514446949110566	0.5738815554199634	22.033154726028442
0.4652698566068139	0.5788388468136542	22.063154697418213
0.4642389660388834	0.579632022881535	22.093154668807983
0.4644307385273464	0.5782246081315158	22.123154640197754
0.46351973592609147	0.581938767728884	22.16315460205078
0.46404544664842245	0.5778191255564584	22.19315457344055
0.4647141441442122	0.5814048642146461	22.223154544830322
0.5175843313047727	0.5716605249842839	22.26315474510193
0.5270588760179831	0.5710119203930789	22.313154697418213
0.5268429227656699	0.5769346144533943	22.35315465927124
0.5282727409518351	0.5763463076501628	22.363154649734497
0.5273806978917618	0.5786104672076425	22.393154621124268
0.5304571485289957	0.5785396968548352	22.423154592514038
0.5741735857158276	0.5687670131415518	22.463154554367065
0.5739566087139165	0.5729721654260258	22.493154764175415
0.5732975300245192	0.5742138856989721	22.523154735565186
0.5725893738855643	0.5746934572417705	22.563154697418213
0.572091774206742	0.5769795710766787	22.593154668807983
0.5714251823276246	0.5764480797552005	22.623154640197754
0.5749804749542801	0.5771080761546717	22.66315460205078
0.6174715192288047	0.5738310206044037	22.69315457344055
0.6175329105525402	0.5735853925423531	22.723154544830322
0.616403867383821	0.5735773161350872	22.76315474510193
0.6168276903445465	0.5771380812244987	22.7931547164917
0.6165403251438967	0.5784628955114816	22.82315468788147
0.6170812674544448	0.5759284479350956	22.863154649734497
0.6170174387214403	0.5777601755786491	22.893154621124268
0.6581193632991535	0.5725172470434662	22.923154592514038
0.6598378394306809	0.5716696292336361	22.98315453529358
0.6572910753102549	0.5708843120046437	23.01315474510193
0.6587328009174748	0.578178968387221	23.033154726028442
0.657558757257224	0.5797085269669257	23.063154697418213
0.6579762707476708	0.5776788778376207	23.093154668807983
0.6577606464431025	0.5824018924106222	23.123154640197754
0.6574222217963007	0.580808774818106	23.16315460205078
0.6571750086204642	0.5791940288425734	23.19315457344055
0.6582959863856598	0.58215472979927	23.223154544830322
0.6574077749229819	0.5788130776899485	23.26315474510193
0.6580592934402353	0.5787658829300841	23.2931547164917
0.6586169125704671	0.5823036537364161	23.32315468788147
0.7095286621368929	0.5743510065072782	23.393154621124268
0.7092395341213439	0.5791249745977964	23.44315457344055
0.7096378642274943	0.581241542951533	23.463154554367065
0.7089785433736328	0.5789964829693872	23.493154764175415
0.7090320235804319	0.5809908946056839	23.523154735565186
0.7094551139479508	0.5838228089925709	23.563154697418213
0.7324849012343642	0.5810803809986292	23.593154668807983
0.7332901262781437	0.5828010048237752	23.63315463066101
0.31254446673359	0.5103382054986575	23.69315457344055
0.3070295087528122	0.5277579550563061	23.783154726028442
0.3050667751057537	0.5303759850026326	23.813154697418213
0.30379108671701627	0.5359423191620226	23.833154678344727
0.30350270826360143	0.538934839651661	23.863154649734497
0.3031026708335439	0.5382567126690677	23.893154621124268
0.30209827598832506	0.5415519321983593	23.923154592514038
0.3055120086774599	0.5382692794243927	23.963154554367065
0.3564609501423995	0.5369804175119367	23.993154764175415
0.35600369809329985	0.5377800656617503	24.023154735565186
0.35508106148536317	0.5349497388843355	24.063154697418213
0.35517228713338683	0.5374571735181831	24.093154668807983
0.35533685557863953	0.54042289170587	24.123154640197754
0.3535043542842985	0.5402728886993093	24.16315460205078
0.3544886200506331	0.5422496780865723	24.19315457344055
0.3546320044822161	0.541842432969599	24.223154544830322
0.3544627125051662	0.5394045486049835	24.26315474510193
0.409759784742658	0.537516478783648	24.2931547164917
0.4090558396445154	0.5422568475147971	24.333154678344727
0.4115007323102989	0.5411520766907411	24.363154649734497
0.4112555027616363	0.5442336751033662	24.393154621124268
0.4113289798953196	0.544720829976861	24.423154592514038
0.45822033651924876	0.5415060547247325	24.463154554367065
0.45824922610645225	0.5456649515968095	24.51315474510193
0.4601455356962315	0.5476645540464148	24.5431547164917
0.46018246210152003	0.5489344375530048	24.563154697418213
0.45849316037182913	0.5499216299056862	24.593154668807983
0.45973173775945103	0.5533153538229261	24.623154640197754
0.4578864043801308	0.5522481930568842	24.66315460205078
0.4582285969821027	0.5533435512123298	24.69315457344055
0.5272520291582456	0.5493030460001852	24.76315474510193
0.5271295398375179	0.5512922994438372	24.7931547164917
0.5257108051521949	0.5507023497419709	24.82315468788147
0.526864238405778	0.553730034304917	24.863154649734497
0.526496812198042	0.5533835448737429	24.893154621124268
0.5277185714450543	0.5538023846910318	24.923154592514038
0.527863992648025	0.5556509031210157	24.963154554367065
0.5296834229664938	0.5528770574452204	24.993154764175415
0.5835357338282807	0.5527353722463647	25.023154735565186
0.5829519908226065	0.5545641769366241	25.063154697418213
0.5818412448652086	0.5575278598164438	25.093154668807983
0.5814228389225293	0.5559500619645573	25.123154640197754
0.5807847351086466	0.5557325895406504	25.16315460205078
0.5810427142134912	0.555190144303652	25.19315457344055
0.5818179763368352	0.5577746901571816	25.223154544830322
0.5813425465936864	0.5559543347428276	25.26315474510193
0.5815421357104554	0.5549772586184573	25.2931547164917
0.5821490296340873	0.5535915789394291	25.32315468788147
0.5855083286971806	0.5549638373940617	25.363154649734497
0.6287493010088615	0.5382212163638647	25.393154621124268
0.6292080547878467	0.5394489706261846	25.433154582977295
0.6298233127287058	0.5434548572433192	25.463154554367065
0.6304187894995769	0.5432634554737358	25.493154764175415
0.6309073252677061	0.5427978162454697	25.523154735565186
0.6679841980145154	0.5307501404463052	25.563154697418213
0.6713877919335879	0.5368047324898233	25.623154640197754
0.6724029647544523	0.5364098163051924	25.63315463066101
0.6723289234468212	0.5338532022887926	25.66315460205078
0.6721020380512176	0.5383904892269282	25.69315457344055
0.6716743306784885	0.5382863763424671	25.723154544830322
0.6764680560827969	0.5420970023991866	25.76315474510193
0.712529509484696	0.5383243600599705	25.7931547164917
0.7103176501702027	0.5367483209262986	25.833154678344727
0.3112418612922919	0.45710693664158825	25.893154621124268
0.3117588590303938	0.4623881061399419	25.923154592514038
0.3103403685753837	0.4698627244630841	25.963154554367065
0.3087251526587544	0.4735263929535349	25.993154764175415
0.3073575310394361	0.473874864662597	26.023154735565186
0.3070602228879095	0.4769072665132944	26.063154697418213
0.3063345041710653	0.4791144270809909	26.093154668807983
0.3055467806835214	0.4819399540953934	26.123154640197754
0.38401553057973387	0.4810064493567906	26.19315457344055
0.38334884632137084	0.48544953317729983	26.223154544830322
0.38265016377907235	0.483850222343605	26.26315474510193
0.38271413062314713	0.48494103104008957	26.2931547164917
0.3826562565479748	0.48418595319348756	26.32315468788147
0.3823689817836382	0.48456747269405653	26.363154649734497
0.3823436353625148	0.48370262762699223	26.393154621124268
0.3815099210625698	0.4848769807352952	26.423154592514038
0.3862139416911452	0.4844902859597154	26.463154554367065
0.432702060976612	0.47763017543983344	26.493154764175415
0.4317800042980433	0.47979377778828486	26.523154735565186
0.4319988344446382	0.48172105144627214	26.563154697418213
0.43142909020787407	0.48283744621735863	26.593154668807983
0.43207438438098167	0.4841404362991729	26.623154640197754
0.4939681386502037	0.47564957002905467	26.69315457344055
0.4926122707884397	0.4802944384087132	26.743154764175415
0.49142522653861326	0.48246939838322134	26.76315474510193
0.4908722318934292	0.48309953679823797	26.7931547164917
0.4909990956869225	0.48457287114491626	26.82315468788147
0.4899626568463972	0.4874856943868181	26.863154649734497
0.5394274367721509	0.48464729477236024	26.923154592514038
0.5399649480172837	0.48441452943259733	26.98315453529358
0.5383998228907996	0.482138209732649	26.993154764175415
0.5380303490760526	0.48806882289312264	27.023154735565186
0.5384861770297946	0.4861947880799329	27.063154697418213
0.5824966514721087	0.4850070173258942	27.123154640197754
0.5840600018329783	0.48536048197257614	27.16315460205078
0.5819305654019683	0.4869063908274645	27.19315457344055
0.5807450309969454	0.489134603463828	27.223154544830322
0.5802792403981338	0.48962101718068735	27.26315474510193
0.5731244081363613	0.49012356429954407	27.2931547164917
0.5725426545447032	0.4897071479623649	27.32315468788147
0.5710291172638432	0.48834026048021073	27.363154649734497
0.5712058394451267	0.490210061794537	27.393154621124268
0.5717701196054122	0.4917876898133295	27.423154592514038
0.5743867599313115	0.48880372220250534	27.463154554367065
0.6319212985249193	0.4811784200544793	27.493154764175415
0.6319448306994981	0.4843182206227102	27.523154735565186
0.6316999881037245	0.4892506748326612	27.563154697418213
0.6308735605514837	0.48787182562391135	27.593154668807983
0.6306969314998331	0.483457768794596	27.623154640197754
0.6315389503411916	0.4869248623549886	27.66315460205078
0.6350995040866275	0.48871494897615003	27.69315457344055
0.7027913992744175	0.4855938866661274	27.723154544830322
0.7024888942041412	0.4880972970875699	27.76315474510193
0.7018568415820767	0.49024093584620965	27.7931547164917
0.7024155013675087	0.49243751103760275	27.82315468788147
0.7007608922324556	0.49226644149340193	27.863154649734497
0.6996989855791784	0.49290623012097906	27.893154621124268
0.3106027590789252	0.4268539796401996	27.963154554367065
0.3100122284542026	0.4331507358175254	27.993154764175415
0.3129921920012187	0.4395045719778382	28.023154735565186
0.3103962809199077	0.4414750332009209	28.063154697418213
0.3092189221174393	0.44674163903980524	28.093154668807983
0.30750400005636735	0.4470631886200103	28.123154640197754
0.307740890844901	0.4458540139113221	28.16315460205078
0.31198413345982084	0.44311992402605965	28.19315457344055
0.3801009101026092	0.43873175057461306	28.223154544830322
0.3795313887958127	0.4412229304072276	28.26315474510193
0.37815751135453674	0.4393567449484014	28.2931547164917
0.37852556952768274	0.437394395823521	28.32315468788147
0.37852016878925443	0.44115915742323797	28.363154649734497
0.3789730771723039	0.43856710586496533	28.393154621124268
0.37997682733809524	0.4376485609244632	28.423154592514038
0.3818950632191194	0.43816548889685886	28.463154554367065
0.4256629262181181	0.43231396029783453	28.493154764175415
0.4242633483108679	0.43524169894116416	28.533154726028442
0.42265379260331987	0.4341309889857154	28.563154697418213
0.4224191438373107	0.4351333521954089	28.593154668807983
0.42220485348189696	0.4359568994108728	28.623154640197754
0.42535344406221376	0.4320820283196433	28.66315460205078
0.4741481852415289	0.4350454166414414	28.69315457344055
0.473280537496282	0.4339932447759164	28.753154754638672
0.4744949572208334	0.43092577189577974	28.773154735565186
0.4748147670720947	0.4320742267093415	28.7931547164917
0.5373310619755924	0.42858318937421563	28.863154649734497
0.5374128953532952	0.43038001295863715	28.91315460205078
0.5376139671293878	0.4317772797519911	28.933154582977295
0.5379103277786959	0.43209647537509477	28.963154554367065
0.5378656006863471	0.43520920724431245	28.993154764175415
0.5380384281057233	0.4368558477350796	29.023154735565186
0.5909770708902218	0.4225918193143194	29.063154697418213
0.5931622053985186	0.4313329509100635	29.093154668807983
0.5936491758898834	0.4341232158586919	29.123154640197754
0.5930280100718562	0.43555952483203403	29.16315460205078
0.5938830712175716	0.43681757290931633	29.19315457344055
0.5919892342109034	0.43583622208395195	29.223154544830322
0.591762581163044	0.4371774638790836	29.26315474510193
0.5603344581556255	0.4267172751260521	29.2931547164917
0.5588408050912922	0.43351438412087306	29.343154668807983
0.5608164450550248	0.43691037884310824	29.363154649734497
0.5623873477889868	0.43839322126542896	29.393154621124268
0.6620875129431822	0.4231566274063513	29.423154592514038
0.6625734287157602	0.42757585172292084	29.463154554367065
0.6614164524851573	0.43336009208836496	29.493154764175415
0.6609956572005059	0.43531244705984856	29.523154735565186
0.6608928377310648	0.4388294101402286	29.563154697418213
0.6605579298539492	0.43911679088471844	29.593154668807983
0.6601785177379144	0.43761419226428067	29.623154640197754
0.6602818960555096	0.4409828836489422	29.66315460205078
0.6617697973775531	0.4415514565381112	29.69315457344055
0.7103009751493055	0.4417848957446205	29.723154544830322
0.7115384390541151	0.4451285613030848	29.76315474510193
0.7105371345663919	0.44567996360952633	29.7931547164917
0.7096512312795562	0.4484056063652408	29.82315468788147
0.7078133070132361	0.4496849116484746	29.863154649734497
0.7458079173465642	0.4432405669591242	29.893154621124268
0.7461697795356008	0.44442733384584465	29.94315457344055
0.746669643885473	0.44703630391652355	29.963154554367065
0.7478326099803299	0.4466997219852794	29.993154764175415
0.7476055443161135	0.4493434748294796	30.023154735565186
0.7448872122509921	0.44602731056796724	30.063154697418213
0.3308882620716309	0.36321331616341673	30.13315463066101
0.33067052715953166	0.3713356380300998	30.173154592514038
0.32968296048126206	0.3759763821250294	30.19315457344055
0.33052112350516777	0.3805305959527674	30.223154544830322
0.32404216825764715	0.37828870249404295	30.26315474510193
0.3024634950909439	0.3816058655499477	30.2931547164917
0.3024591939364738	0.3806978620479061	30.333154678344727
0.3019844919971897	0.38186469234525094	30.363154649734497
0.30119733211691563	0.3821476657556163	30.393154621124268
0.30035098401639415	0.38397802030740363	30.423154592514038
0.3591108826232374	0.38856878452950494	30.493154764175415
0.35748377815343235	0.3905002545855283	30.5431547164917
0.3559623291213509	0.3898082724106052	30.563154697418213
0.35614816340885286	0.38955366687287557	30.593154668807983
0.3566128720420181	0.38751464775812455	30.623154640197754
0.3564721340306697	0.3901462625709032	30.66315460205078
0.3567646395161054	0.3914146789601198	30.69315457344055
0.35586507202806006	0.3900155373219045	30.723154544830322
0.35707495250615623	0.38968993251963513	30.76315474510193
0.35721782736741353	0.3925553644776556	30.7931547164917
0.36013952522885706	0.38913547947661	30.82315468788147
0.4133878460857743	0.3935108087841821	30.863154649734497
0.4122144629540833	0.3949949255446609	30.893154621124268
0.41305803598235985	0.39503169010960676	30.923154592514038
0.41264196352784793	0.3956106307036561	30.963154554367065
0.41252835180595043	0.3974792789515601	30.993154764175415
0.41279620036899456	0.39623616052153127	31.023154735565186
0.4126687154743689	0.39768105484090704	31.063154697418213
0.41248175187705155	0.39796554442069987	31.093154668807983
0.4117555781268331	0.3978217960738266	31.123154640197754
0.44676692470987217	0.3970997007955396	31.16315460205078
0.44756153934030346	0.397878339194433	31.20315456390381
0.449221944565434	0.39580038445490395	31.223154544830322
0.449288952704367	0.39840397940786243	31.26315474510193
0.4482269144839275	0.39959255396261706	31.2931547164917
0.4493738553989486	0.400584360865359	31.32315468788147
0.44903932057752965	0.40017264674267067	31.363154649734497
0.4488491587835018	0.39833436356639096	31.393154621124268
0.4489804403079431	0.40280581681558075	31.423154592514038
0.45026432316854575	0.3978441078386791	31.463154554367065
0.4446295664557517	0.3964640969777739	31.493154764175415
0.440270964690122	0.39421199566240755	31.523154735565186
0.44246906769540845	0.39321768762792586	31.563154697418213
0.4890856777482865	0.3873847957224072	31.593154668807983
0.48862934708448685	0.39329780511664075	31.683154582977295
0.4893557165479966	0.3930400263109565	31.69315457344055
0.48830610121460494	0.3943566089593279	31.723154544830322
0.48857406637843553	0.39393022908091924	31.76315474510193
0.48657206741688575	0.39554045259301873	31.7931547164917
0.4872542977949135	0.39579916046319624	31.82315468788147
0.4864606634948184	0.395726953466604	31.863154649734497
0.48670649002548194	0.39604276704267827	31.893154621124268
0.48674691311864254	0.39515555462606794	31.923154592514038
0.48639715452529003	0.3962057318846706	31.963154554367065
0.4865054273063077	0.3962729397445546	31.993154764175415
0.48616458534830687	0.39683719315732413	32.023154735565186
0.48569267706493124	0.39618239151798706	32.06315469741821
0.48598417533776445	0.3958480883868528	32.09315466880798
0.4864858535124538	0.3965687829107246	32.123154640197754
0.48602301290251076	0.39804153402795983	32.16315460205078
0.4871512481655453	0.39619039054641453	32.19315457344055
0.48672669717422384	0.3979638741719227	32.22315454483032
0.48747563224131657	0.3940975520511716	32.26315474510193
0.48770142945567796	0.3965683776361802	32.2931547164917
0.4877674623638925	0.40075044066568927	32.32315468788147
0.48766872139489537	0.39734378063653464	32.3631546497345
0.4883563919497558	0.39869893537550777	32.39315462112427
0.542821027730787	0.38645513515598645	32.42315459251404
0.5406057154963236	0.39115556836699056	32.463154554367065
0.5396396675650452	0.3941931955174489	32.493154764175415
0.5380856346702565	0.39505557549058684	32.523154735565186
0.5380200675179705	0.39543245014680456	32.56315469741821
0.5379499785253881	0.3992664732921935	32.59315466880798
0.53741462961816	0.39952100548278296	32.623154640197754
0.5389979590953605	0.39624382005443204	32.66315460205078
0.5233158874591152	0.39881393982601965	32.69315457344055
0.5227493292636268	0.39640219883191197	32.73315453529358
0.521516303858323	0.39730580813479943	32.76315474510193
0.5218342566232359	0.3976678354560507	32.7931547164917
0.5220091580909026	0.3993595257745287	32.82315468788147
0.5225720400570408	0.3990278365955111	32.8631546497345
0.5224649716273326	0.4004913483662795	32.89315462112427
0.5225415328669366	0.39906867900943177	32.92315459251404
0.5247324708510196	0.3979447016250948	32.963154554367065
0.559440093766645	0.3945937829349143	32.993154764175415
0.5603873893273923	0.39505154547549426	33.03315472602844
0.558655720731554	0.3950051963547474	33.06315469741821
0.5605037451119526	0.39258817955511305	33.09315466880798
0.55992952299372	0.39347710158276467	33.123154640197754
0.5586594383547334	0.39355778237404254	33.16315460205078
0.5584178372612595	0.39385671430741254	33.19315457344055
0.557585044756132	0.3947876124050593	33.22315454483032
0.5588683772923259	0.3969622165693525	33.26315474510193
0.5358981513905602	0.38995679233176656	33.2931547164917
0.5354019684984167	0.3955247499675359	33.35315465927124
0.5352677713542262	0.4042254348684007	33.3631546497345
0.5331116806224012	0.40093613288078317	33.39315462112427
0.5325730043703624	0.40384493715259484	33.42315459251404
0.5349093625318739	0.41105844430134375	33.463154554367065
0.5347585609892632	0.41357967663957784	33.493154764175415
0.5351991287445357	0.41766812025951183	33.523154735565186
0.5348497713894395	0.4106375717382146	33.56315469741821
0.5341579734923	0.41819590937236356	33.59315466880798
0.5342023962782855	0.41095120227659276	33.623154640197754
0.5353673339550551	0.4115549124470026	33.66315460205078
0.5350877212660564	0.41482802884257874	33.69315457344055
0.5326756666405127	0.39496292577695086	33.72315454483032
0.5307475150417358	0.3978726770286872	33.76315474510193
0.5388255319793602	0.4131999206557186	33.7931547164917
0.5388255319793602	0.4131999206557186	33.89315462112427
0.5388255319793602	0.4131999206557186	33.993154764175415
0.5388255319793602	0.4131999206557186	34.01315474510193
0.5168534379826947	0.6446461550974633	34.123154640197754
0.5223076167507489	0.6490512027452701	34.16315460205078
0.5218826850205133	0.6517483244033362	34.213154554367065
0.525026197286601	0.6564479346014921	34.23315453529358
0.5253907180658567	0.658949401043122	34.26315474510193
0.525230718268417	0.662018336476285	34.2931547164917
0.5550671443085881	0.9033883851812583	34.32315468788147
0.554167660496525	0.923340472744617	34.3631546497345
0.5563500588461455	0.9315002299894467	34.39315462112427
0.5571769380268536	0.9378704832173012	34.42315459251404
0.557893617772835	0.9394799649198264	34.463154554367065
0.5572742460462626	0.9467343129389794	34.493154764175415
0.5586594293991384	0.9478198876575964	34.523154735565186
0.5582025282609293	0.9469041141372487	34.56315469741821
0.5557816060961961	0.9520150805824444	34.59315466880798
0.5578099167732148	0.9511479028392436	34.623154640197754
0.5578495292364123	0.8470359287143989	34.66315460205078
0.5596301946645408	0.8371093352949472	34.713154554367065
0.5607890495284056	0.8286421126092234	34.73315453529358
0.5618061954248149	0.8238203610681152	34.76315474510193
0.5621929426402278	0.8291216901351111	34.7931547164917
0.562503717231488	0.8284041181420011	34.82315468788147
0.5623347128516384	0.8274480151028186	34.8631546497345
0.5630651779411456	0.8290940715622932	34.89315462112427
0.5638084402822635	0.8267984181755396	34.92315459251404
0.5633304098422766	0.8231106980358468	34.963154554367065
0.5643074139151719	0.8240606475403812	34.993154764175415
0.5643314436163381	0.8284231488089144	35.023154735565186
0.5649067461008939	0.8266620024672877	35.06315469741821
0.5657108034041507	0.8254100976886299	35.09315466880798
0.5643962703352168	0.827128648629593	35.123154640197754
0.5651464730916683	0.8271277377691323	35.16315460205078
