COORDENADA X	 COORDENADA Y	 TEMPO
0.3542351719546647	0.890421131960368	0.030632972717285156
0.35236562205814065	0.8976050612751105	0.060632944107055664
0.35141888501811	0.898111652945677	0.09063291549682617
0.35108221629475594	0.9037673202426386	0.12063288688659668
0.3513679073031661	0.9069448348014864	0.16063284873962402
0.3502146264924453	0.9059043949632132	0.19063282012939453
0.3466781570562792	0.922358377055332	0.22063302993774414
0.3062569355262854	1.0198171009292418	0.2606329917907715
0.3053104943517651	1.00051379054522	0.30063295364379883
0.3031142836959718	1.0194130933395935	0.3206329345703125
0.3017247847453372	1.038400216661257	0.36063289642333984
0.29891681072508397	1.0228014277572368	0.39063286781311035
0.3003689069530694	1.0471769291577393	0.4306328296661377
0.30082772790543333	1.032835277176298	0.4606330394744873
0.3644210708813038	1.0521495100210527	0.4906330108642578
0.3631595895453413	1.0426902053097682	0.540632963180542
0.3577635237514459	1.016922710069937	0.5606329441070557
0.304146547424064	1.0056600164432645	0.6206328868865967
0.3043156930445009	1.0078403944015	0.7206330299377441
0.30847922677236966	1.0142332322941763	0.7406330108642578
0.4413099654891064	0.9928600383065482	0.7606329917907715
0.4449005057067779	0.9891291689540036	0.8106329441070557
0.4471194408172404	1.0021883844564508	0.8306329250335693
0.44448734985922217	1.0073956876776016	0.8606328964233398
0.34198395432161555	0.9961087088162308	0.8906328678131104
0.3406368221300784	0.9961235193442832	0.9306328296661377
0.3416591665835996	0.9934060141362903	0.9606330394744873
0.35311107458208923	1.0266839204114102	0.9906330108642578
0.45675566682115576	0.988260423066141	1.0506329536437988
0.45614213070079473	0.988765084737973	1.0806329250335693
0.45498869668433317	0.9851731220776297	1.0906329154968262
0.45459206953015463	0.9867883748585045	1.1206328868865967
0.45420195999757473	0.9918149531860344	1.160632848739624
0.45561850525012404	0.9883231436007339	1.1906328201293945
0.4562461802626363	0.9842712159455219	1.2206330299377441
0.4593861332348238	0.9882916967537605	1.2606329917907715
0.5046499779644583	0.9685728177389369	1.290632963180542
0.504078534555443	0.9695377786113092	1.3206329345703125
0.5035088072767989	0.9716125633931234	1.3606328964233398
0.5026243372840495	0.9692773182737224	1.3906328678131104
0.5032775085119595	0.9712157349531978	1.4206328392028809
0.49796498029992325	0.9738872612530589	1.4606330394744873
0.29801642990669586	0.8759276970766219	1.4906330108642578
0.29957421426371583	0.8829824282518884	1.5306329727172852
0.30182930801194685	0.8891025956996614	1.5606329441070557
0.3010835268375142	0.8877640481142614	1.5906329154968262
0.30180865940049334	0.8901856118502192	1.6206328868865967
0.30139425345182297	0.8929878878622532	1.660632848739624
0.29986336709722006	0.8971851911123042	1.6906328201293945
0.35272439774602465	0.8884822253713112	1.7206330299377441
0.3535463936848978	0.8922597248196155	1.7806329727172852
0.3539414000434431	0.9016626520027542	1.8006329536437988
0.352742797450735	0.9009226945630792	1.8206329345703125
0.3539828335408433	0.9017016078350786	1.8606328964233398
0.41460270158754314	0.8949451488340505	1.8906328678131104
0.4157144457851084	0.89362224279427	1.9406328201293945
0.41600928010125054	0.9014393958697292	1.9606330394744873
0.416710042788744	0.9047863953152815	1.9906330108642578
0.4161810565807597	0.9018447846105445	2.0206329822540283
0.41636354546608456	0.8980489646378904	2.0606329441070557
0.4183063791829938	0.8975766572034314	2.090632915496826
0.46626896141882535	0.8922890836043944	2.1206328868865967
0.465244592660491	0.8987421117608451	2.160632848739624
0.46595505826242417	0.8979896340101478	2.1906328201293945
0.4656399003077921	0.8987300142385088	2.220633029937744
0.46575511985779716	0.8989645543107098	2.2606329917907715
0.4643941355298882	0.9000248046390416	2.290632963180542
0.46373230067608145	0.9008580623999138	2.3206329345703125
0.46511688279009417	0.9017050542103889	2.36063289642334
0.46834233163635897	0.9038196215760884	2.3906328678131104
0.531499820440266	0.8896923576977097	2.420632839202881
0.5310218211647414	0.8878474205067459	2.4606330394744873
0.5298312150826476	0.8981752940347568	2.490633010864258
0.5294369864468006	0.898599162050761	2.5206329822540283
0.5300857546521575	0.895683958973539	2.5606329441070557
0.5297802183842997	0.8988535175734588	2.590632915496826
0.5286442359447494	0.9007300131690236	2.6206328868865967
0.532629216986184	0.8977811048019825	2.660632848739624
0.5819764820938289	0.8959626503990311	2.6906328201293945
0.5822452638746174	0.8964766599466456	2.720633029937744
0.5821091878351524	0.8980219245628297	2.7606329917907715
0.5818658056517052	0.9023271008926458	2.790632963180542
0.5824745772132252	0.8995944804428749	2.8206329345703125
0.5817603927311843	0.8989277657044469	2.86063289642334
0.5813205400987241	0.9015019025831683	2.8906328678131104
0.5813639989326848	0.9014021175033354	2.920632839202881
0.5834396123777962	0.8990941393207587	2.9606330394744873
0.6283274810113533	0.903330822227071	2.990633010864258
0.6285432021372046	0.899440019421264	3.030632972717285
0.626996167872979	0.8985596610622059	3.0606329441070557
0.6260289126241003	0.9020839781151738	3.090632915496826
0.6249288857302424	0.9018398804173813	3.1206328868865967
0.6255914410291646	0.9052714329004824	3.160632848739624
0.6306309176021491	0.9061185412274559	3.1906328201293945
0.6799610680302232	0.8995754422081887	3.220633029937744
0.6818335652326137	0.9038072371875268	3.290632963180542
0.6821531912955971	0.9073903336752832	3.300632953643799
0.6810318505903272	0.906212037858411	3.3206329345703125
0.6816437241027107	0.9087990312671942	3.36063289642334
0.30830442760902244	0.8415146585012999	3.4606330394744873
0.30905222300228563	0.8467803643354853	3.490633010864258
0.3090278899701464	0.8519815973850127	3.5206329822540283
0.30784364085272603	0.8556301892186543	3.5606329441070557
0.30794978113374805	0.8562309269943316	3.590632915496826
0.3073665408792061	0.8557375785263236	3.6206328868865967
0.3067457678423326	0.8591237794980383	3.660632848739624
0.3586301053120431	0.8590176479009293	3.6906328201293945
0.3611776838718637	0.8541537087385641	3.730633020401001
0.36013628440775813	0.8583209807875549	3.7606329917907715
0.35925284106661204	0.8570104492346974	3.790632963180542
0.3547637437391219	0.8586801545136784	3.8206329345703125
0.33293724129349794	0.8565252736489652	3.86063289642334
0.3337078330843852	0.852782042805041	3.8906328678131104
0.33408251291553126	0.8507918014206014	3.920632839202881
0.3335559955815247	0.8510685403168781	3.9606330394744873
0.3376340130380794	0.8464718009773916	3.990633010864258
0.39582818056985986	0.8401907307675831	4.020632982254028
0.39601855261389124	0.8439965938981442	4.060632944107056
0.3951479371199292	0.8498150964667421	4.090632915496826
0.39533278985415454	0.8499708313789416	4.120632886886597
0.3948834290913524	0.8547204315737615	4.160632848739624
0.4001597703429662	0.8514955112958663	4.1906328201293945
0.4536529634038892	0.8510794551122374	4.220633029937744
0.45360667948277916	0.8518633172275557	4.2606329917907715
0.45763092764178576	0.8570584288978598	4.290632963180542
0.5574207943193422	0.8676575914754203	4.3206329345703125
0.5571534573741145	0.8550415663891777	4.36063289642334
0.5559157084629442	0.8505830370413017	4.39063286781311
0.5559724468938368	0.8580839307372959	4.420632839202881
0.553630609729942	0.8546411061157917	4.460633039474487
0.5400546399864401	0.8533687416048044	4.490633010864258
0.541107396513523	0.8556540776850896	4.520632982254028
0.5404489162905777	0.8563729635078956	4.560632944107056
0.5399179077285772	0.8576747317703928	4.590632915496826
0.540782536719771	0.8550484528613465	4.620632886886597
0.5400006091263881	0.8559607712127706	4.660632848739624
0.5438476498372374	0.8535105087231252	4.6906328201293945
0.5923293382808464	0.8460945207490851	4.720633029937744
0.591127468031146	0.846500884868895	4.7606329917907715
0.5907133334759909	0.8477619532574066	4.790632963180542
0.5900051842301205	0.8524313762405933	4.8206329345703125
0.5900074800900289	0.8494682882763283	4.86063289642334
0.589819308523344	0.8548147561653617	4.89063286781311
0.589012245263828	0.856458018819678	4.920632839202881
0.5921726727174725	0.855502223205105	4.960633039474487
0.6476787236441572	0.8498794840148092	4.990633010864258
0.6488524046354706	0.8511985089032871	5.050632953643799
0.6471631736762485	0.8558281223894035	5.0706329345703125
0.6463305852843797	0.8580784454849855	5.090632915496826
0.6465040770796683	0.8575395670484397	5.120632886886597
0.6468643132347499	0.8573872450877152	5.160632848739624
0.6401697019095943	0.8593699177726941	5.1906328201293945
0.6328689289694713	0.8562594364144794	5.220633029937744
0.6308872166348535	0.855962114464418	5.2606329917907715
0.6300930842450412	0.8596034572769202	5.290632963180542
0.6298256348119395	0.8569121728930105	5.3206329345703125
0.6303829683115046	0.8561285397138048	5.36063289642334
0.6296220113741788	0.8584802222896588	5.39063286781311
0.6575123793119717	0.8579493686037412	5.420632839202881
0.6554357494863973	0.8583477953004288	5.470633029937744
0.580333676488079	0.84715141919272	5.490633010864258
0.5813197794479309	0.8505051521589607	5.520632982254028
0.5801861558517118	0.8529915971577697	5.560632944107056
0.5810998318878332	0.852037403777176	5.590632915496826
0.580918685951684	0.8501551632637897	5.620632886886597
0.5840936175306416	0.854984233948721	5.660632848739624
0.6688997374333688	0.8342294433524414	5.6906328201293945
0.6659741413483727	0.841773482336687	5.770632982254028
0.6643760128088338	0.8476133963932554	5.790632963180542
0.6621365242090846	0.8468651185439502	5.8206329345703125
0.3234502680705648	0.7603824209312366	5.86063289642334
0.324127505448825	0.7909221448068768	5.89063286781311
0.32499943618558325	0.7955575650815336	5.920632839202881
0.3246903462641158	0.7993958980423137	5.960633039474487
0.32530179727713204	0.8049128261876577	5.990633010864258
0.3210384988674003	0.8057705371435047	6.020632982254028
0.3013001143166368	0.8006999613845296	6.060632944107056
0.30099317220424177	0.8032223835791303	6.090632915496826
0.30158078843794384	0.8028499120097073	6.120632886886597
0.3000390464835064	0.8044650146155014	6.160632848739624
0.3026567782205312	0.8047886876846708	6.1906328201293945
0.3660722370902272	0.7973389110922823	6.220633029937744
0.3673839671001307	0.7985923261979364	6.2606329917907715
0.36858588982384766	0.7973902129967553	6.290632963180542
0.3673622914257597	0.8033937991855118	6.3206329345703125
0.36730491725879905	0.8061701878591359	6.36063289642334
0.37152618442252705	0.802009800592529	6.39063286781311
0.42383120679951863	0.8046603473731698	6.420632839202881
0.42461030635201913	0.8042427893821555	6.490633010864258
0.42305503352076507	0.8043812321541515	6.500633001327515
0.42272752700862376	0.8073226811719223	6.520632982254028
0.425817560056109	0.8053603743687583	6.560632944107056
0.4920040044453333	0.794206329742742	6.590632915496826
0.4910367197261141	0.7970650836904227	6.64063286781311
0.4886321863918354	0.7995897886381133	6.660632848739624
0.48877826234998956	0.8005726429981576	6.6906328201293945
0.4888725179124732	0.8044250011959114	6.720633029937744
0.4874019000088991	0.8043423321184938	6.7606329917907715
0.4875675233176569	0.8036264465129419	6.790632963180542
0.4876540772418132	0.8030065057074544	6.8206329345703125
0.48668417487716503	0.8054130808668761	6.86063289642334
0.4892386955817232	0.8052627942601654	6.89063286781311
0.5578744983080162	0.7965813938898519	6.920632839202881
0.5577538941093273	0.7946296871998516	6.970633029937744
0.5572401002847404	0.7990109795879484	6.990633010864258
0.5563487710158905	0.8012348049535583	7.020632982254028
0.5566390337177973	0.8012116607169437	7.060632944107056
0.556150200307629	0.7983523403030235	7.090632915496826
0.5562741489107745	0.803255324129729	7.120632886886597
0.5557650300049862	0.7991296471915185	7.160632848739624
0.5575811160600643	0.7996608831167368	7.1906328201293945
0.604054659868967	0.7958940414414468	7.220633029937744
0.6044280013716444	0.7952665203023082	7.2606329917907715
0.6043988009875882	0.7914712455092257	7.290632963180542
0.6045809574264595	0.7932758431224631	7.3206329345703125
0.6039706754606663	0.7910554838353819	7.36063289642334
0.6673984399594073	0.7944923690186364	7.420632839202881
0.6679725462174647	0.7928486203764903	7.480633020401001
0.6680386856636201	0.7944903708712896	7.490633010864258
0.6681259994124923	0.7944397806391578	7.520632982254028
0.6673865953993083	0.7955514110623294	7.560632944107056
0.667518676829847	0.7989848584351417	7.590632915496826
0.6682069475490963	0.795232677474145	7.620632886886597
0.6660413373561053	0.7955259357493929	7.660632848739624
0.2994653723585357	0.7364548304566357	7.720633029937744
0.30050582903939005	0.738763497625537	7.7606329917907715
0.2989414440503947	0.7424245711651205	7.790632963180542
0.29822395022749343	0.750721067016266	7.8206329345703125
0.2976951887896642	0.7505668643347186	7.86063289642334
0.2984284131837174	0.7501011833473579	7.89063286781311
0.298466933073364	0.7527956450158891	7.920632839202881
0.36553171871833406	0.744800014322059	7.990633010864258
0.36457333191860386	0.7488531559689857	8.020632982254028
0.36470445480055363	0.7480362049111526	8.060632944107056
0.3641427574718696	0.7503047250484983	8.090632915496826
0.36324968945011643	0.7476656089150666	8.120632886886597
0.3645422231262882	0.7481131216843067	8.160632848739624
0.36579973058135823	0.7491686927675784	8.190632820129395
0.36626612175951734	0.7474100604614546	8.220633029937744
0.43072957251151395	0.7389871625852769	8.260632991790771
0.4324925751136887	0.7380743370214002	8.310632944107056
0.4325719163956077	0.7371959666211746	8.340632915496826
0.4315677296275931	0.7412637758556888	8.36063289642334
0.431782273285612	0.740393543597084	8.39063286781311
0.4314257808690396	0.7419630853312059	8.42063283920288
0.4318438311832446	0.7401502641095066	8.460633039474487
0.43179217202668035	0.7405914316281504	8.490633010864258
0.4315650791775808	0.7378686416081808	8.520632982254028
0.43228987194225704	0.7414356008610711	8.560632944107056
0.4619808501078511	0.7412844826117104	8.590632915496826
0.4829477818872653	0.7345847157024102	8.64063286781311
0.48271016354879914	0.7377755976922854	8.67063283920288
0.48129305971641806	0.7430202089868365	8.690632820129395
0.4817587068727313	0.7439108140393212	8.720633029937744
0.48104764567714414	0.7424421974267589	8.760632991790771
0.48047740109318543	0.7454777505992762	8.790632963180542
0.4813281102628317	0.7454693805273502	8.820632934570312
0.48091331173154617	0.7451695106034353	8.86063289642334
0.4813367087472157	0.7469294170684887	8.89063286781311
0.4806838839942691	0.7459714659715194	8.92063283920288
0.4811885173676236	0.7481671830571616	8.960633039474487
0.5655337228302655	0.7333797237347325	9.020632982254028
0.5661226455496485	0.7358176078134104	9.090632915496826
0.56741276351907	0.736138870843514	9.100632905960083
0.5666600100590177	0.7379855114430687	9.120632886886597
0.5664167199483088	0.7420787664095126	9.160632848739624
0.5660210689594192	0.7382710391608949	9.190632820129395
0.56721023271037	0.736675652692799	9.220633029937744
0.5692772456428533	0.7418355998899381	9.260632991790771
0.6191003318299402	0.7338305561661388	9.290632963180542
0.6188106681197202	0.735604809290695	9.36063289642334
0.6189425709230856	0.7389826270758333	9.380632877349854
0.6181805925442406	0.741081490555468	9.39063286781311
0.6191481823052888	0.7434567191529831	9.42063283920288
0.6191252604196741	0.7440269893109055	9.460633039474487
0.6216027452300459	0.7419803840776807	9.490633010864258
0.6908806134311073	0.7382521413424695	9.520632982254028
0.689537938008527	0.7402785815148182	9.560632944107056
0.690407963229311	0.7369468813227467	9.590632915496826
0.6905261506842993	0.7432931462325543	9.620632886886597
0.6924642593242704	0.7445110338426093	9.660632848739624
0.6924952692080198	0.7447560137736023	9.690632820129395
0.693717068147606	0.743887540116465	9.720633029937744
0.6946130762483249	0.7464484232566708	9.760632991790771
0.7321708404425137	0.7398916758121387	9.790632963180542
0.7341054580072103	0.7402644869947538	9.870632886886597
0.32934693568134416	0.6645389668117305	9.92063283920288
0.32761016720678293	0.6744096800923135	9.970633029937744
0.3273359750797558	0.6799662751609407	10.000633001327515
0.32611575249428226	0.6916090639451732	10.020632982254028
0.3256469899351521	0.6964473412127632	10.060632944107056
0.3254056317888396	0.6952480672411195	10.090632915496826
0.3259748123905065	0.7004230461509701	10.120632886886597
0.32526500817359527	0.7016771698274141	10.160632848739624
0.3117552360752676	0.6984828310150849	10.190632820129395
0.31013922769595886	0.7033119143776054	10.230633020401001
0.3114645395651448	0.7023917560763224	10.260632991790771
0.4058693815002002	0.6918253153152134	10.290632963180542
0.4031132544110648	0.7001112278781433	10.380632877349854
0.40218843891408373	0.7034303203606217	10.39063286781311
0.40241033256899966	0.7049797804686199	10.42063283920288
0.4681184131556086	0.6987751718034416	10.490633010864258
0.4687852169871051	0.7003293686430984	10.520632982254028
0.4683810400060344	0.7015757337919506	10.560632944107056
0.46773756530615507	0.7042274591991392	10.590632915496826
0.46644917596053576	0.7085428537139592	10.620632886886597
0.468259100994517	0.7053121521363708	10.660632848739624
0.5323727195199064	0.7039153538033062	10.690632820129395
0.5321827953774289	0.7052630151110014	10.740633010864258
0.5310022762358271	0.7042219939557485	10.760632991790771
0.5304719205203877	0.7032394120462149	10.790632963180542
0.5302911067329588	0.7080997001926279	10.820632934570312
0.5300198374430626	0.7075584416859039	10.86063289642334
0.5299643801247169	0.7097030536501301	10.89063286781311
0.5297353951603624	0.7106443317271736	10.92063283920288
0.5293543092614842	0.7101746955219133	10.960633039474487
0.5275159194589792	0.7096827627938381	10.990633010864258
0.309585327622857	0.641304175534706	11.060632944107056
0.30860325398945837	0.6430410603807861	11.090632915496826
0.307734489404091	0.6444171911953838	11.120632886886597
0.3084742165402202	0.649221936678122	11.160632848739624
0.30759565519760684	0.6534529109991382	11.190632820129395
0.30923975400122916	0.6505511924956947	11.220633029937744
0.36817131548901444	0.649535831629633	11.260632991790771
0.3684412544573018	0.6510469003927608	11.290632963180542
0.36716868325479235	0.6550556720019023	11.320632934570312
0.3666920459321689	0.6598537190634732	11.36063289642334
0.3655738709148464	0.6564175015310764	11.39063286781311
0.365202663019927	0.6554496194471577	11.42063283920288
0.36721901836798115	0.6552715299032034	11.460633039474487
0.42655372268755953	0.6479211825433301	11.490633010864258
0.42717237660268165	0.6532125646622717	11.530632972717285
0.4267481555068345	0.6553671191152767	11.560632944107056
0.4260215823835466	0.6534756843989147	11.590632915496826
0.42716889075602804	0.6496350176046707	11.620632886886597
0.42838610996276233	0.6483484464023243	11.660632848739624
0.4293895920227193	0.6486026185097252	11.690632820129395
0.42565094391343833	0.6460288738176209	11.720633029937744
0.42678896376729814	0.646490732240925	11.760632991790771
0.4280629771879324	0.6461837496682369	11.790632963180542
0.481348188598029	0.6344355135699279	11.820632934570312
0.484500742288471	0.6334304828687772	11.880632877349854
0.4845856778137527	0.6354346533805926	11.89063286781311
0.48386497591484245	0.6357679977881227	11.92063283920288
0.48362354037472155	0.6386004732513714	11.960633039474487
0.4868020245870392	0.6380982024033928	11.990633010864258
0.5470312175522049	0.6343124362611857	12.020632982254028
0.5468858243140859	0.6383049828216156	12.060632944107056
0.5462446846337771	0.6361224130065946	12.090632915496826
0.5465907516787525	0.6390620830669449	12.120632886886597
0.5470596158961405	0.6407194802080423	12.160632848739624
0.6070695322585058	0.6326297211209941	12.220633029937744
0.6065317852311475	0.6377444285354942	12.270632982254028
0.6045607948423739	0.6396380705004072	12.290632963180542
0.518783277821536	0.6320871025789551	12.320632934570312
0.5196201291645601	0.6333223177941668	12.36063289642334
0.5170835237789995	0.6376864404596697	12.39063286781311
0.4745052926688925	0.628445955644685	12.42063283920288
0.47576735081066013	0.6314270688744162	12.460633039474487
0.4765070791497201	0.631999875731357	12.490633010864258
0.4761713279652983	0.635915173219076	12.520632982254028
0.4758285979992985	0.6382784778495524	12.560632944107056
0.47530662794897166	0.6345602102108159	12.590632915496826
0.5635990412331264	0.6334471553478154	12.660632848739624
0.56633471297844	0.6351897348019696	12.800632953643799
0.5661460307843833	0.6317149751132799	12.820632934570312
0.5660204213504385	0.6330611689238885	12.86063289642334
0.5672854505460054	0.6352271493361067	12.89063286781311
0.5677681904968853	0.6362097604616049	12.92063283920288
0.5683621801823121	0.63571472334237	12.960633039474487
0.5708702475009289	0.6347959439760559	12.990633010864258
0.6303321853489482	0.6361036874773544	13.020632982254028
0.6312539996618999	0.6352592981766354	13.08063292503357
0.6305271021357508	0.6354333563352039	13.100632905960083
0.6315312400891798	0.6383253314980213	13.120632886886597
0.6311935284164646	0.638364509581125	13.160632848739624
0.6310714836266925	0.640459540534338	13.190632820129395
0.6304816412814267	0.6422025833007955	13.220633029937744
0.6294853210510645	0.6422784447751775	13.260632991790771
0.6582010538448158	0.6426182792737158	13.290632963180542
0.6791485612228084	0.6448897881627262	13.33063292503357
0.6787596502044638	0.6463540174868387	13.36063289642334
0.6799863696151434	0.6424974841348691	13.39063286781311
0.6793246080194364	0.6469682879947863	13.42063283920288
0.6801733858265749	0.647904611867408	13.460633039474487
0.6795200332982041	0.6466048244553412	13.490633010864258
0.6798921071603753	0.6513353184454337	13.520632982254028
0.6807331810030607	0.6491437146398025	13.560632944107056
0.7070668269067764	0.6468231457113748	13.590632915496826
0.708788598692218	0.649489246345799	13.64063286781311
0.7086542075800014	0.6476060911851199	13.660632848739624
0.7079884101353793	0.6490706365563873	13.690632820129395
0.7088779764929849	0.653284171953399	13.720633029937744
0.7076204417782812	0.653126076446736	13.760632991790771
0.7058075276369251	0.6492881770175029	13.790632963180542
0.7063942799745547	0.6540484607795908	13.820632934570312
0.7567850937641222	0.6434466946804938	13.89063286781311
0.7577000987074292	0.6482061744577428	13.92063283920288
0.7577688074761364	0.6495277653835269	13.960633039474487
0.7587541436472731	0.6516297403746821	13.990633010864258
0.7598487536844976	0.6519347906659643	14.020632982254028
0.7590928320900872	0.6520302715188167	14.060632944107056
0.7605675490835024	0.6518471350398641	14.090632915496826
0.35201766721109784	0.5789461828842446	14.160632848739624
0.35039636077543584	0.5813629108223277	14.190632820129395
0.34878208556570006	0.5908710156787805	14.220633029937744
0.34702094811443324	0.5930732295100981	14.260632991790771
0.34346459762742915	0.6004175563778776	14.290632963180542
0.30745480385489266	0.5917239750592571	14.320632934570312
0.305410176179004	0.5929495176688923	14.36063289642334
0.30622187927028394	0.5993315280286946	14.39063286781311
0.302737727309814	0.5972425693590029	14.42063283920288
0.30318654193591366	0.5985352025395722	14.460633039474487
0.3036723320484447	0.6036773578106849	14.490633010864258
0.30630599794279234	0.6019223179428771	14.520632982254028
0.38679065402499785	0.602509885796008	14.560632944107056
0.384478908528787	0.6047560770794931	14.590632915496826
0.3827921837014408	0.6078899765260696	14.620632886886597
0.37790977368469236	0.6071331563630574	14.660632848739624
0.3336773688831752	0.6028983215412614	14.690632820129395
0.33369048678720814	0.6026214838591607	14.730633020401001
0.3350096575779454	0.6052450677342243	14.760632991790771
0.418169943458812	0.5966574925693429	14.790632963180542
0.41912723952015263	0.5985926369921735	14.820632934570312
0.4194556553940797	0.6015266252004128	14.86063289642334
0.41843692881810907	0.6008889031744425	14.89063286781311
0.4185820541263588	0.6007216286472883	14.92063283920288
0.41426525792301205	0.6020813367395402	14.960633039474487
0.38465560652565395	0.6005564119812573	14.990633010864258
0.38442743414050484	0.5992929218826579	15.030632972717285
0.3844139801618009	0.5967436037193857	15.060632944107056
0.4668922272486994	0.595167660079108	15.090632915496826
0.46690652048335024	0.5953402618577707	15.160632848739624
0.46716529899892856	0.5984647608207864	15.190632820129395
0.46766026050942283	0.6014592743740248	15.20063304901123
0.4688709131428477	0.6024660077384026	15.220633029937744
0.5269817702731167	0.5888989599079792	15.260632991790771
0.5270010828044297	0.5902177156039478	15.300632953643799
0.525949290179924	0.5972298275661967	15.320632934570312
0.5254656792956061	0.5988744733473759	15.36063289642334
0.524995664559079	0.6008530324568166	15.39063286781311
0.524503530754646	0.6002679076365063	15.42063283920288
0.5251505387861166	0.6012431652616931	15.460633039474487
0.5240574501730636	0.600473577058975	15.490633010864258
0.5239762434157413	0.5991977614399756	15.520632982254028
0.5238343944129223	0.6009050232548793	15.560632944107056
0.5236181746555345	0.6020150835866892	15.590632915496826
0.5227314581789841	0.6036724118427655	15.620632886886597
0.592421554617702	0.5984029261315615	15.690632820129395
0.5936379685853634	0.5999468227350467	15.750633001327515
0.5928992641112254	0.5997078458399929	15.770632982254028
0.5920798366698549	0.6051911913308285	15.790632963180542
0.5921140724989342	0.6051583327543345	15.820632934570312
0.5915822842112072	0.605631520607752	15.86063289642334
0.6238024677713433	0.5999137850131401	15.89063286781311
0.625258947854402	0.6031037534378814	15.940632820129395
0.6252856120722887	0.6042824994076046	15.960633039474487
0.6257796023008413	0.6052923050320625	15.990633010864258
0.6265462191206804	0.6079866286802363	16.02063298225403
0.6284984407273471	0.6070729317109881	16.060632944107056
0.6789524204976829	0.6016231370255609	16.090632915496826
0.6804654875489655	0.6047390282798007	16.150632858276367
0.6804279446945234	0.6006990941513377	16.160632848739624
0.6797408747886601	0.6016330218088891	16.190632820129395
0.679779502071781	0.6037923889035492	16.220633029937744
0.6804179547763527	0.6028642224045857	16.26063299179077
0.6794087556091466	0.6022003731391287	16.290632963180542
0.713449025703316	0.596988189341629	16.320632934570312
0.719794740021953	0.6006682545156824	16.370632886886597
0.7201077368338763	0.6006030856694241	16.410632848739624
0.7170062628318259	0.6024236975666116	16.42063283920288
0.32225150800753577	0.5452883438573242	16.490633010864258
0.32272711619195055	0.5521099889842935	16.52063298225403
0.32152294963501066	0.5573806089061343	16.560632944107056
0.32051104868093006	0.5605739718993247	16.590632915496826
0.32058832570220586	0.5621646703946802	16.620632886886597
0.3206660283368924	0.5663036267968171	16.660632848739624
0.3202428638688314	0.5616876043097647	16.690632820129395
0.31973725910199624	0.5623114987845396	16.720633029937744
0.32053900098574456	0.5649495238956019	16.76063299179077
0.32135788202592364	0.5587934052828009	16.790632963180542
0.3222429061811391	0.5574119803078296	16.820632934570312
0.324693103140391	0.5560399953196623	16.86063289642334
0.3914550245915534	0.5435726481361967	16.89063286781311
0.38992780245165926	0.5439876827224235	16.92063283920288
0.3881417309394781	0.5460676970231715	16.960633039474487
0.3867120781266622	0.5482558223238035	16.990633010864258
0.38659192705010753	0.5471080468254816	17.02063298225403
0.38646814402497115	0.5484842227844778	17.060632944107056
0.3854957242322658	0.5478471217562514	17.090632915496826
0.38500751779561493	0.5475249864065673	17.120632886886597
0.38516149508760283	0.5479533090762472	17.160632848739624
0.3880238276799832	0.5463712409048427	17.190632820129395
0.4475070056857119	0.5403802643747584	17.220633029937744
0.4475759275745982	0.5408342366184146	17.26063299179077
0.4466918560471736	0.544817920235671	17.290632963180542
0.44517659110418556	0.5459548352887209	17.320632934570312
0.4452269396236928	0.5444469548244341	17.36063289642334
0.4452396814381502	0.5458336509717768	17.39063286781311
0.4469614016079609	0.545563068769667	17.42063283920288
0.44558706447384333	0.5432803398400826	17.460633039474487
0.44628052158026	0.5459920368341501	17.490633010864258
0.4457140195970881	0.5510543613731104	17.52063298225403
0.44795627077979927	0.5475827849222074	17.560632944107056
0.5091990170216527	0.5432163734541225	17.590632915496826
0.5093902067292467	0.5468727180334412	17.630632877349854
0.5084394388285624	0.5432466634783205	17.660632848739624
0.5089929744975261	0.550430664975576	17.690632820129395
0.5081621577459984	0.5510253781438816	17.720633029937744
0.5106218913962808	0.5519717751777949	17.76063299179077
0.5626207722994209	0.5458460814815432	17.790632963180542
0.5627825588877612	0.5502196339511305	17.820632934570312
0.5627043654500256	0.549665836254623	17.86063289642334
0.56162493354508	0.5519004898578459	17.89063286781311
0.5614835185882053	0.5561498696562115	17.92063283920288
0.5612548995628605	0.5486888845235625	17.960633039474487
0.5617757960172505	0.553564866851701	17.990633010864258
0.6243775569602575	0.5488057182821642	18.02063298225403
0.6256623628493396	0.5442202746449666	18.060632944107056
0.6249634582703045	0.5478786843344474	18.090632915496826
0.6251832820019988	0.5512389897497276	18.120632886886597
0.6239537392432924	0.5550382851863433	18.160632848739624
0.623481070966166	0.554660557133744	18.190632820129395
0.6236979808196456	0.5585072706198161	18.220633029937744
0.6258405212334924	0.5614089332739018	18.26063299179077
0.6551477494310715	0.5515006932736021	18.290632963180542
0.6560225699423265	0.5553740398689037	18.350632905960083
0.6549536209848519	0.555264548686186	18.370632886886597
0.6547703649271989	0.5537113925608688	18.39063286781311
0.6547870270828474	0.5563015840907822	18.42063283920288
0.7123682828882605	0.5512677988954197	18.490633010864258
0.7117404232260411	0.5552084402186517	18.52063298225403
0.31267841961106957	0.4781880180174478	18.590632915496826
0.3117625404242384	0.4837239965886235	18.630632877349854
0.3117836382690204	0.4940956432497235	18.660632848739624
0.3111875128800294	0.49977556146986163	18.690632820129395
0.3105344655615253	0.5026976568057294	18.730633020401
0.30934941353372614	0.5032955853285028	18.76063299179077
0.3088809348530484	0.5031948686046731	18.790632963180542
0.3066322952245623	0.5077208628690374	18.83063292503357
0.30705317582270103	0.5060214965010406	18.86063289642334
0.30715926206695504	0.508170253950453	18.89063286781311
0.3076417363902508	0.509322383273047	18.930632829666138
0.3097509591026269	0.507812254026309	18.960633039474487
0.3546549738298995	0.5072237266831713	19.030632972717285
0.3553611660718719	0.5112421314228266	19.060632944107056
0.35595407189626854	0.5097306598069661	19.090632915496826
0.35514728335410567	0.5086876760259872	19.130632877349854
0.3564605688562426	0.5119866171043292	19.160632848739624
0.3598319092914424	0.5115992998060356	19.190632820129395
0.39336740994676517	0.5085562997977887	19.230633020401
0.3945453482115355	0.5085706350642558	19.27063298225403
0.3938058391248642	0.5108228847389622	19.290632963180542
0.3943966471902813	0.5127546705406755	19.33063292503357
0.3936365692674473	0.5192653476146082	19.36063289642334
0.3923874332171044	0.5182813959237751	19.39063286781311
0.39324365764650804	0.519583192449177	19.430632829666138
0.3975180271572773	0.5161936596661809	19.460633039474487
0.45590597712414876	0.5054069475155002	19.490633010864258
0.45581482535792767	0.5074906676150059	19.530632972717285
0.4552039988938628	0.5060800499776811	19.560632944107056
0.45577358689656455	0.5090873614928778	19.590632915496826
0.45832176658634743	0.5083534008768986	19.630632877349854
0.5269607400167009	0.5040038616292205	19.660632848739624
0.5263684532931677	0.5096891181521588	19.690632820129395
0.5266842712130839	0.509331167825888	19.730633020401
0.5260607740202524	0.5108453769142453	19.76063299179077
0.5258112796739233	0.5119930328848983	19.790632963180542
0.5257344123699148	0.5128580630180098	19.83063292503357
0.5254664103417359	0.512726869863297	19.86063289642334
0.6689219227834092	0.49827216772068206	19.930632829666138
0.6693060891904463	0.5029895545807941	19.960633039474487
0.6689376292655493	0.5061663496229049	19.990633010864258
0.6681069838980488	0.507171876172772	20.030632972717285
0.6662259546531589	0.5080889001130898	20.060632944107056
0.6666545020846898	0.5065736053523154	20.090632915496826
0.6659239780218977	0.5093082249029418	20.130632877349854
0.665721971548257	0.5084141378091402	20.160632848739624
0.6661097751010583	0.5100988592140674	20.190632820129395
0.6966342331916923	0.5062982990551611	20.230633020401
0.7165294033229466	0.5029788323701727	20.26063299179077
0.7168774782930002	0.5051413427219164	20.290632963180542
0.7165867315468052	0.5069528987169212	20.33063292503357
0.7167164146782904	0.5076905101506983	20.36063289642334
0.7155453641195036	0.5089446399615878	20.39063286781311
0.7156578956442465	0.5117824539023811	20.430632829666138
0.715640580751366	0.5104220880920045	20.460633039474487
0.715379396968082	0.5126263343044308	20.490633010864258
0.7177501663623382	0.5118886261511363	20.530632972717285
0.7538928944696862	0.5132790972038985	20.590632915496826
0.7528727834879733	0.5155486001068377	20.630632877349854
0.7525360488911355	0.5184121521186184	20.660632848739624
0.751873023278396	0.5163813470770866	20.690632820129395
0.30944861797913714	0.43520393391574064	20.76063299179077
0.3097602112454326	0.4402139490648197	20.790632963180542
0.31098854604937115	0.44807615455190236	20.83063292503357
0.3104136722860491	0.4510802485132152	20.86063289642334
0.30902169136558527	0.4524399458120023	20.89063286781311
0.3078382485020937	0.4562964373934169	20.930632829666138
0.30710991297262435	0.4571302712203718	20.960633039474487
0.3082840539349967	0.460036980378815	20.990633010864258
0.30841003221406915	0.46036545682271723	21.030632972717285
0.31234697251656757	0.4599207328214662	21.060632944107056
0.3650639482374011	0.45277949940885187	21.090632915496826
0.36493081391144133	0.4587287348102371	21.130632877349854
0.3634616812927964	0.46101385738430495	21.160632848739624
0.3629413238539831	0.46469716844461095	21.190632820129395
0.363109951437841	0.4622305037445735	21.230633020401
0.36215843055547214	0.4593789190069508	21.26063299179077
0.36270166638738705	0.4605681917963383	21.290632963180542
0.36254226001603446	0.4623972222022239	21.33063292503357
0.36124462574561667	0.4613537255887194	21.36063289642334
0.36108738129543333	0.4614258821238141	21.39063286781311
0.4364105918665063	0.461302178054299	21.430632829666138
0.4401853732706372	0.4633103982915628	21.460633039474487
0.4402341150189946	0.464459688969804	21.500633001327515
0.43770557019945316	0.4664705879222991	21.530632972717285
0.4374734512147642	0.468851157713456	21.560632944107056
0.43774633634540866	0.4691185072282162	21.590632915496826
0.4382447475524664	0.4680907035154649	21.630632877349854
0.43787848969642024	0.46988346916312473	21.660632848739624
0.4384197262659614	0.46857916549826706	21.690632820129395
0.4573826271946182	0.4660917879611741	21.730633020401
0.456888301092339	0.4638130394607931	21.76063299179077
0.45674263589172087	0.4613399449650654	21.790632963180542
0.4565356913658462	0.46471241711185646	21.83063292503357
0.4591227550175927	0.4657151278182193	21.86063289642334
0.5073978677843877	0.45106930852378774	21.89063286781311
0.5070096430446032	0.4538431276179018	21.930632829666138
0.5070917955848689	0.4572260549391142	21.960633039474487
0.5069964135767637	0.4569353357518806	21.990633010864258
0.5073132772547503	0.45848412621958295	22.030632972717285
0.50617444371324	0.4559613722606204	22.060632944107056
0.5062089275388584	0.45523622128002944	22.090632915496826
0.4780352369629253	0.4547815317652531	22.130632877349854
0.4754036579183498	0.4507857808161446	22.20063304901123
0.47884058154733533	0.4526088875560069	22.230633020401
0.5638663393705852	0.45210540306080466	22.26063299179077
0.5657622177507124	0.4491501112174012	22.3006329536438
0.5663150400014916	0.4516215782269905	22.33063292503357
0.564816286162953	0.4526268626510789	22.36063289642334
0.5649597889272953	0.4513897755016561	22.39063286781311
0.5651044211039415	0.4546518010570786	22.430632829666138
0.565983261831241	0.4541394633357063	22.460633039474487
0.5670570864257	0.4561972942708787	22.490633010864258
0.5696805586530564	0.45483361493515234	22.530632972717285
0.6400652504877328	0.4502123983795034	22.560632944107056
0.6406337971231622	0.45280473977985114	22.590632915496826
0.6404015654028037	0.4554555137382561	22.630632877349854
0.6402790017352149	0.4549498565297426	22.660632848739624
0.6399658641615384	0.4522008246323407	22.690632820129395
0.6412892760648626	0.45419257600003904	22.730633020401
0.684340962735167	0.4534545824869269	22.76063299179077
0.6865637402781065	0.4518926693710861	22.790632963180542
0.6857757900687697	0.45423090839998814	22.83063292503357
0.6854347867992139	0.45430444563429817	22.86063289642334
0.6856747710426467	0.45220927058428917	22.89063286781311
0.6870760272553276	0.4521715445659112	22.930632829666138
0.7256408634169076	0.45108003899588206	22.990633010864258
0.7245107410827777	0.45262592273250196	23.030632972717285
0.7249943639057028	0.4547292404205953	23.060632944107056
0.7255120052844353	0.4541101122228879	23.090632915496826
0.725287429150887	0.45402443116690683	23.130632877349854
0.7243991393071075	0.4528856471015833	23.160632848739624
0.7240934933840276	0.45600207036828755	23.190632820129395
0.3562087713959482	0.38734160576564947	23.26063299179077
0.3538469133691956	0.393205685605448	23.290632963180542
0.35403921504188235	0.4013796177507119	23.33063292503357
0.35404958468426695	0.40144332218868317	23.36063289642334
0.31423618090331834	0.39079079667885486	23.39063286781311
0.3128188248955716	0.38878753295233426	23.440632820129395
0.3119288714061885	0.3926041405322211	23.460633039474487
0.31090922013171757	0.3943577932521691	23.490633010864258
0.31164755595712196	0.39700265602127954	23.530632972717285
0.31104093238194636	0.39663103121754595	23.560632944107056
0.31151418887327	0.39795665581513795	23.590632915496826
0.31057498627182745	0.3991422179861082	23.630632877349854
0.31111232963571644	0.39544198749068343	23.660632848739624
0.31246984966533325	0.40201460940579725	23.690632820129395
0.3802282797418482	0.3971488451995716	23.76063299179077
0.3805352535961776	0.40229675120427594	23.790632963180542
0.38065133052359146	0.4048158970183209	23.83063292503357
0.3797755297171148	0.4068383686833658	23.86063289642334
0.37870258444048177	0.41074346345617624	23.89063286781311
0.3779981823108357	0.40963117373452207	23.930632829666138
0.3782128254811444	0.4097137852615982	23.960633039474487
0.3786022304436235	0.41152857587727787	23.990633010864258
0.4443035940334802	0.40757321204491503	24.030632972717285
0.4427938068548936	0.41422008581234937	24.060632944107056
0.44428899276885786	0.41383568504504503	24.090632915496826
0.44276371453331487	0.41470780099708887	24.130632877349854
0.442931671008175	0.4157219312993452	24.160632848739624
0.44264914162885016	0.41838791895630845	24.190632820129395
0.44236663382907454	0.41682082551557437	24.230633020401
0.4417258286304425	0.4192769924995792	24.26063299179077
0.4421762105512514	0.41895246035550954	24.290632963180542
0.555380989514441	0.41447988867532853	24.36063289642334
0.5553122765934181	0.41732909414146785	24.410632848739624
0.5543134870513812	0.4186840494827033	24.430632829666138
0.5540933668144286	0.4234794100004133	24.460633039474487
0.5547348354661492	0.4204196909661529	24.490633010864258
0.603579843654834	0.4149967981297043	24.560632944107056
0.6026051344472639	0.41932835578818517	24.61063289642334
0.6041153664214931	0.41557045866271847	24.630632877349854
0.6042947996704087	0.41947260307429496	24.660632848739624
0.6039103802240673	0.42214881070908045	24.690632820129395
0.6038361437117062	0.4190159375422469	24.730633020401
0.6040778423185784	0.42076067926478966	24.76063299179077
0.6602960934289365	0.4198905355678244	24.83063292503357
0.6603340009358889	0.4204194645357925	24.870632886886597
0.6611613618930623	0.42022373009272307	24.89063286781311
0.6613993277733666	0.4163348989278506	24.930632829666138
0.6623369574632004	0.4171307850429815	24.960633039474487
0.664814580969875	0.41900960715928387	24.990633010864258
0.7242195067841098	0.412986812483977	25.030632972717285
0.7236351992428446	0.4170714006963114	25.060632944107056
0.7234189564286247	0.41596867916566854	25.090632915496826
0.7232457042646087	0.4183647500731662	25.130632877349854
0.7235152992570869	0.420971086373424	25.160632848739624
0.7235334784156683	0.42038434111138323	25.190632820129395
0.7515178346024989	0.41656700841943495	25.230633020401
0.7517724627247819	0.42040372813456206	25.280632972717285
0.7516722056965064	0.4190657315389411	25.3006329536438
0.6967082440771319	0.41824313053671647	25.33063292503357
0.6970766094324408	0.41951880176054185	25.370632886886597
0.6966154740607013	0.42000403664944286	25.39063286781311
0.699256677601004	0.41853574653920766	25.430632829666138
0.7585667980275641	0.40686040049622146	25.460633039474487
0.7583878134882344	0.4128314682495649	25.490633010864258
0.759442898000634	0.4121961239211008	25.530632972717285
0.7591437714344116	0.4124792142572912	25.560632944107056
0.7596305604349787	0.413408646937833	25.590632915496826
0.7603560932108364	0.4139205210955315	25.630632877349854
0.761233350866928	0.41345614017303733	25.660632848739624
0.761420750554108	0.415046524451883	25.690632820129395
0.3386470212694187	0.3296081630398439	25.76063299179077
0.33646757758090207	0.33803680391143	25.790632963180542
0.3362582285872071	0.346275664797779	25.83063292503357
0.3346762777129442	0.3496466380582616	25.86063289642334
0.334345346033574	0.3488126606583479	25.89063286781311
0.3339884676318342	0.35204864463391533	25.930632829666138
0.3336931954056168	0.35222553875724383	25.960633039474487
0.33222920606514855	0.35513589750709196	25.990633010864258
0.3285844879202336	0.35601785466196945	26.030632972717285
0.32178637263892157	0.3513471175685832	26.060632944107056
0.3193036705490371	0.35128643142495825	26.090632915496826
0.31841840800353133	0.35332806875426	26.130632877349854
0.31785491402608673	0.35394505533533416	26.160632848739624
0.3848323127772831	0.3558990602182189	26.230633020401
0.3839581873493598	0.36130423441787823	26.26063299179077
0.3827786854993791	0.36085924789637663	26.290632963180542
0.3819221398087284	0.36453675612602016	26.33063292503357
0.38094884314297545	0.36877076860009844	26.36063289642334
0.3803692288977297	0.3665227901597786	26.39063286781311
0.3792543645514745	0.3685855533496601	26.430632829666138
0.4307321191307507	0.3692922144908973	26.460633039474487
0.4319429376171707	0.3665834087398176	26.51063299179077
0.4323257257950586	0.368346582413547	26.530632972717285
0.432065149297678	0.3718701927404929	26.560632944107056
0.4317083783828797	0.3730342975873999	26.590632915496826
0.43115219733937965	0.3762309280573085	26.630632877349854
0.43062495232128245	0.3740500224693919	26.660632848739624
0.43142269441984105	0.37953079213883373	26.690632820129395
0.4301754606409422	0.37902028076511085	26.730633020401
0.42999963348055076	0.3809323366588531	26.76063299179077
0.43060563454171263	0.3843440868786099	26.790632963180542
0.49865958747710026	0.381391025823329	26.86063289642334
0.4994898392340789	0.3816493418638606	26.89063286781311
0.49765677057559793	0.3859903878468199	26.930632829666138
0.4974882094350051	0.392786158627247	26.960633039474487
0.49751492865930297	0.3914398360456369	26.990633010864258
0.49795769833704456	0.39142299421928484	27.030632972717285
0.49672128731422677	0.39365774930464464	27.060632944107056
0.4973933729080073	0.3949111702765531	27.090632915496826
0.49753009558440214	0.3952372581026601	27.130632877349854
0.4977866077142936	0.3950728972362271	27.160632848739624
0.4990668293534917	0.39461541039611736	27.190632820129395
0.49933091352343634	0.39302974131506635	27.230633020401
0.4986733753015732	0.39195833925558154	27.26063299179077
0.4994470485612613	0.395239157734238	27.290632963180542
0.4994891384871863	0.3907833303677794	27.33063292503357
0.4994452798532294	0.38934512179389746	27.36063289642334
0.5009061645693439	0.38562903065404125	27.39063286781311
0.5010384859244135	0.3895497645675574	27.430632829666138
0.5016352101307915	0.38570747723947557	27.460633039474487
0.5014837612227557	0.38462698975825715	27.490633010864258
0.5332430202201635	0.37836700678208135	27.530632972717285
0.5339328977197143	0.3794765148023403	27.560632944107056
0.5349439349688284	0.3792862277445894	27.590632915496826
0.5350260447109689	0.3763434696440467	27.630632877349854
0.5352202365797294	0.38170695271874394	27.660632848739624
0.5400045228094489	0.38018543599467125	27.690632820129395
0.5798018594493568	0.37332130183602463	27.730633020401
0.5792936354661183	0.37374848380528003	27.76063299179077
0.579055708375184	0.373895324195829	27.790632963180542
0.578615413214222	0.3761041938563108	27.83063292503357
0.5781261708377473	0.37322958420539754	27.86063289642334
0.5788269945706537	0.37538675083007716	27.89063286781311
0.5780239518578382	0.37174728575234284	27.930632829666138
0.5782351931750928	0.3740961934661794	27.960633039474487
0.5650210960707668	0.371370034180505	27.990633010864258
0.5581952606238848	0.37294722825294757	28.030632972717285
0.5572661644883926	0.3722739949982622	28.060632944107056
0.556839894754541	0.37180519013959484	28.090632915496826
0.5573403155761871	0.3703730144153544	28.130632877349854
0.5573088069132422	0.3711135676362292	28.160632848739624
0.6055246762290438	0.36994144534834367	28.190632820129395
0.6123534586018893	0.36960967460300675	28.27063298225403
0.6124389850424582	0.37238974102715616	28.310632944107056
0.6108581920027941	0.37269728061499036	28.33063292503357
0.6108408111998704	0.3719947781849921	28.36063289642334
0.6107590059581081	0.3706032692741743	28.39063286781311
0.6110880273519046	0.3745613393529154	28.430632829666138
0.6120068376490303	0.371592556790087	28.460633039474487
0.6120344023248399	0.3707717199908774	28.490633010864258
0.611890806411083	0.37128041025899133	28.530632972717285
0.6123056684861539	0.37085879031437474	28.560632944107056
0.6126549044062137	0.37200131974571926	28.590632915496826
0.6124501005746102	0.3691859820504386	28.630632877349854
0.6126493956514741	0.370731561242005	28.660632848739624
0.616673484985832	0.371533383676062	28.690632820129395
0.6586865265326961	0.3632184917397741	28.730633020401
0.6585012048056754	0.3625345494626021	28.77063298225403
0.6579951503043938	0.36696152940467747	28.790632963180542
0.6577641936749047	0.36544062337064637	28.83063292503357
0.6565500254848009	0.36693315819674976	28.86063289642334
0.6568309624483483	0.3678181117591298	28.89063286781311
0.6556672301310636	0.3678101158557494	28.930632829666138
0.6565055220412928	0.36834765965401617	28.960633039474487
0.6815834589415763	0.365613720022516	28.990633010864258
0.6832087049057469	0.36763339606222595	29.040632963180542
0.68277379277673	0.3689004965547552	29.060632944107056
0.6836582717480367	0.36634821186262234	29.090632915496826
0.6832286418701765	0.36768930932693744	29.130632877349854
0.6834878959253059	0.3650113138316065	29.160632848739624
0.6831871297207968	0.36470032868472446	29.190632820129395
0.6836124828501681	0.36608674741598457	29.230633020401
0.6839036878966107	0.36813731843243197	29.26063299179077
0.6841669209690512	0.3635529261736853	29.290632963180542
0.6842498229124914	0.3624761662261958	29.33063292503357
0.6839111248123748	0.3617995669430861	29.36063289642334
0.6831372458231897	0.36136382377874593	29.400632858276367
0.6842066984848538	0.3647346793257959	29.430632829666138
0.6854679213025007	0.36226454668479635	29.460633039474487
0.7106616387633841	0.35719223803717787	29.500633001327515
0.7097358988383741	0.3625552856632698	29.530632972717285
0.7086439482384148	0.3595696630083162	29.560632944107056
0.7092265677958607	0.36057070666328783	29.600632905960083
0.7376404694517047	0.3608405033223049	29.630632877349854
0.7421288126926667	0.3584390284657093	29.660632848739624
0.7420716733874262	0.36498059298799573	29.70063304901123
0.7421533018041447	0.3658492205599586	29.730633020401
0.7430561595356078	0.3643007301440131	29.76063299179077
0.7426671753090324	0.36513970248395133	29.8006329536438
0.7402531335636136	0.3677521025961944	29.83063292503357
0.3221389670477926	0.28427209314669905	29.900632858276367
0.3235102062264408	0.29019912489424	29.930632829666138
0.32342428917303745	0.29529659917840495	29.960633039474487
0.3240175257827061	0.3018728944804942	30.000633001327515
0.3245761057478126	0.30435401189685185	30.030632972717285
0.323503449593042	0.3087903391299416	30.060632944107056
0.32522779166700033	0.30772286501640034	30.100632905960083
0.38479956003961974	0.30837781507320605	30.130632877349854
0.3842859599973051	0.3135534700617472	30.160632848739624
0.38206086368346626	0.313070300595515	30.20063304901123
0.38133607437304845	0.31421684411540673	30.230633020401
0.37918210993381435	0.3154267241072401	30.26063299179077
0.3789030194663895	0.31353716805656595	30.3006329536438
0.378440459569145	0.31041114512324275	30.33063292503357
0.37937855163965534	0.31273959493396963	30.36063289642334
0.37944575919406615	0.3123809263670262	30.400632858276367
0.3763909386365191	0.3101195208903766	30.430632829666138
0.3292150896941842	0.30216369884850364	30.460633039474487
0.33177891075820726	0.3038869793259461	30.500633001327515
0.33251552225288294	0.3029561551868542	30.530632972717285
0.3320404907263959	0.3068870568006506	30.560632944107056
0.33253766046642436	0.3065066006249753	30.600632905960083
0.3351138453637546	0.3081070229738622	30.630632877349854
0.38104140896007666	0.30494469975853744	30.660632848739624
0.3806324434026155	0.3076493283233509	30.70063304901123
0.37851418643230667	0.30926172826429504	30.730633020401
0.37841264527882335	0.31150030713315846	30.76063299179077
0.37861672658580203	0.31309915103829467	30.8006329536438
0.3782436690558384	0.31177396117213524	30.83063292503357
0.37865414501209677	0.3105869562783056	30.86063289642334
0.3790919711536444	0.3127220614615546	30.900632858276367
0.405380809298483	0.30693647131076196	30.930632829666138
0.4054699191525174	0.30709451231977614	30.970633029937744
0.40488701138468053	0.30805439926302763	31.000633001327515
0.4046367739241393	0.30709899018031617	31.030632972717285
0.404148615545544	0.3078159174755297	31.060632944107056
0.4049502532076928	0.3076087484725143	31.100632905960083
0.40635907436224256	0.3067495231244994	31.130632877349854
0.40536240163604415	0.30571437282984143	31.160632848739624
0.4094944530281086	0.30799468068633434	31.20063304901123
0.44269929025054716	0.3072907954747587	31.230633020401
0.44266138273081296	0.30285150574107134	31.280632972717285
0.4412878077340704	0.3066673910806487	31.3006329536438
0.4409455921913981	0.30986546366240425	31.33063292503357
0.4421333328772724	0.30939917109113824	31.36063289642334
0.44146687618367014	0.31019305538865477	31.400632858276367
0.4409861563688314	0.31254625236531425	31.430632829666138
0.44423723660268405	0.3122996558719079	31.460633039474487
0.48797878251942434	0.30953314840801743	31.500633001327515
0.4877792115759677	0.3129157659881526	31.530632972717285
0.4867492375955049	0.31072898354818296	31.560632944107056
0.4862877284899226	0.3124265202183966	31.600632905960083
0.4857552496378906	0.3139563849453273	31.630632877349854
0.4699807721969209	0.31556521344217264	31.660632848739624
0.4717294575309546	0.3130877759536104	31.70063304901123
0.5368229579593532	0.30725099735126893	31.730633020401
0.5372511840327241	0.30926430157759827	31.76063299179077
0.5369388331030704	0.30824986390291104	31.8006329536438
0.5357911533071549	0.3130143210841112	31.83063292503357
0.535221824651538	0.3120853954849986	31.86063289642334
0.5356832066581442	0.31377265585507985	31.900632858276367
0.536284993363426	0.31224384861401505	31.930632829666138
0.5358521421510822	0.3138340212247036	31.960633039474487
0.5400178511900156	0.30989903908601873	32.000633001327515
0.5952035147570605	0.31029204658611603	32.030632972717285
0.595033945246036	0.31690263224433207	32.090632915496826
0.5947738797839985	0.3126090264352381	32.10063290596008
0.5944147185015352	0.3126146645861774	32.13063287734985
0.5947712339430338	0.31591479681009016	32.160632848739624
0.595702888590179	0.3149115016477482	32.20063304901123
0.6351638260006155	0.308513242682495	32.230633020401
0.634421808441537	0.3141272380961218	32.27063298225403
0.6328509228606614	0.31061310681894116	32.3006329536438
0.6315665328126954	0.313984079916652	32.33063292503357
0.6302089838480616	0.3168824965843943	32.36063289642334
0.6297211078125365	0.3163018161596346	32.40063285827637
0.6315523290102457	0.3172805155665006	32.43063282966614
0.6372503385972614	0.3222825580855832	32.46063303947449
0.6813375446769456	0.3098995090931576	32.500633001327515
0.6810594953849318	0.3223484688431441	32.530632972717285
0.6796089340432033	0.32070400614783806	32.560632944107056
0.6794204594394165	0.3232336466254242	32.60063290596008
0.6791463040434668	0.3209704537561035	32.63063287734985
0.6781540406998816	0.3290670617312485	32.660632848739624
0.6795229991066067	0.32895443552721265	32.70063304901123
0.7001590898507141	0.3241650843209169	32.730633020401
0.6998553623762634	0.3258325061053424	32.77063298225403
0.6997801796791167	0.33013069125343647	32.8006329536438
0.6979911936664144	0.3333570879361715	32.83063292503357
0.6975861425402358	0.33794316556688847	32.86063289642334
0.6978291522694834	0.34226742811188304	32.90063285827637
0.6980825904349114	0.34503438232973127	32.93063282966614
0.6971192611133131	0.34726383995620647	32.96063303947449
0.696051006277221	0.34725788763347093	33.000633001327515
0.5544269407404181	0.2964093530472298	33.030632972717285
0.5538554145493669	0.2969852125097257	33.060632944107056
0.5511050097592565	0.2999066238830866	33.10063290596008
0.556417475343779	0.3119668538143363	33.13063287734985
0.5576537468293982	0.3209592500626938	33.17063283920288
0.5567139323662673	0.31744373960098926	33.20063304901123
0.5542045790277816	0.31024734626600026	33.230633020401
0.553560563296602	0.31827899153164463	33.26063299179077
0.5546489557288977	0.31318504087852	33.3006329536438
0.5546489557288977	0.31318504087852	33.36063289642334
0.5546489557288977	0.31318504087852	33.40063285827637
0.5546489557288977	0.31318504087852	33.43063282966614
0.5546489557288977	0.31318504087852	33.46063303947449
0.5546489557288977	0.31318504087852	33.500633001327515
0.5546489557288977	0.31318504087852	33.530632972717285
0.5546489557288977	0.31318504087852	33.560632944107056
0.5546489557288977	0.31318504087852	33.60063290596008
0.5546489557288977	0.31318504087852	33.63063287734985
0.6542808503930292	0.7667933390447796	33.90063285827637
0.6536053024768542	0.7640488584212686	33.940632820129395
0.6508099925487754	0.7642176831249048	33.96063303947449
0.6507082451093499	0.7522148748230661	34.000633001327515
0.6476636123763145	0.7523607749319279	34.030632972717285
0.6458882053667369	0.7512142342413326	34.060632944107056
0.643635441451171	0.7530620766627548	34.10063290596008
0.4705100338366381	0.8382673583398437	34.160632848739624
0.4709327132384964	0.8419324484477342	34.20063304901123
0.4708173902780069	0.8443344094950312	34.230633020401
0.4713821815981935	0.8447255037432908	34.26063299179077
0.47141570641515884	0.8419322226406131	34.3006329536438
0.47036103070295077	0.8477605472658355	34.33063292503357
0.4721336934328404	0.842315349373506	34.36063289642334
