COORDENADA X	 COORDENADA Y	 TEMPO
0.3263832778283236	0.8484791390887005	0.02530360221862793
0.28546135820563345	0.9707597646798338	0.05530357360839844
0.2801548310891929	0.9713770421527262	0.08530354499816895
0.26809870503598976	0.9795513815347626	0.1253035068511963
0.2653329405623321	0.976145387163564	0.1553034782409668
0.2609116873743366	0.976420033069145	0.1853034496307373
0.2604738907847449	0.976735390896273	0.22530364990234375
0.25973051684817333	0.9743708605178739	0.25530362129211426
0.2618186168460101	0.9758377123413651	0.28530359268188477
0.2659196562530487	0.9693412848823348	0.3253035545349121
0.2658298526752879	0.978817882867158	0.3553035259246826
0.26471822113567056	0.9813036694557808	0.3853034973144531
0.26729053023953914	0.9772578437343661	0.42530345916748047
0.26899133609689413	0.9757151404810381	0.455303430557251
0.2694490631846325	0.976662776877539	0.4853036403656006
0.27049656331237226	0.9770880113151129	0.5253036022186279
0.26965053626464075	0.978162093914148	0.5553035736083984
0.27043476608286	0.9793405738969886	0.585303544998169
0.2714155075765247	0.978874971496962	0.6253035068511963
0.2716047393247679	0.9816763893255478	0.6553034782409668
0.2727008124570845	0.9748613259118035	0.6853034496307373
0.2692272622009633	0.9712266245002136	0.7253036499023438
0.26807743699993475	0.9645544013984954	0.7553036212921143
0.26788331371121726	0.9618331328311767	0.7853035926818848
0.26749135108168987	0.9591292804188054	0.8253035545349121
0.2692910975600382	0.9552142519206747	0.8553035259246826
0.2694895864277085	0.9538946940696322	0.8853034973144531
0.2692017771242074	0.9533136997721842	0.9253034591674805
0.33735599557060536	0.9205932497168725	0.955303430557251
0.33924921677838127	0.9242970226850844	0.9853036403656006
0.3394915418914846	0.9287919398390362	1.025303602218628
0.3388311689772237	0.9322250503242581	1.0553035736083984
0.33973260531651267	0.9340437211121579	1.085303544998169
0.3390168175360138	0.9372148915978755	1.1253035068511963
0.33941608399198436	0.9380811876967797	1.1553034782409668
0.33994989415788635	0.9372895453100791	1.1853034496307373
0.3368274621247479	0.9348644592617694	1.2253036499023438
0.3399970090488108	0.9273235190049897	1.2553036212921143
0.34500275499372024	0.9190288681070363	1.2853035926818848
0.346688177966464	0.9193157565943271	1.325303554534912
0.34227314393679364	0.9227345656270479	1.3553035259246826
0.3351565557172681	0.976232436392126	1.3853034973144531
0.32289231199633833	1.0081825899775554	1.4253034591674805
0.3280552500235261	0.9964532831014943	1.455303430557251
0.325640155979804	1.0043145274965146	1.4853036403656006
0.28943193822714774	1.0057170377293567	1.525303602218628
0.28379630643634374	1.0085213632971137	1.5553035736083984
0.28298552999412097	1.0093561158904891	1.585303544998169
0.284827822327299	1.0027998591933063	1.6253035068511963
0.2850772883943233	1.0029112166399239	1.6553034782409668
0.2882385389098112	1.0151761915252682	1.6853034496307373
0.29234452004936	1.0023876148239712	1.7253036499023438
0.28868671995814915	0.9947396144177656	1.7553036212921143
0.3172930676746302	0.9763536770499667	1.7853035926818848
0.3426468211062274	0.957430565475012	1.825303554534912
0.33584388644684476	0.9700702211241302	1.8553035259246826
0.3283992831629378	0.9866458946293114	1.8853034973144531
0.31153106749501625	1.0197721889248832	1.9253034591674805
0.3044635034059325	1.032438137215171	1.955303430557251
0.333897684520058	1.0323847562067967	1.9853036403656006
0.33574174520114675	1.035099100413399	2.025303602218628
0.3359561193290996	1.0343806261409862	2.0553035736083984
0.34197271272241764	1.026783195460095	2.085303544998169
0.3474906575851219	1.0195704495116427	2.1253035068511963
0.3506588468081344	1.019912215496845	2.155303478240967
0.35267205410669583	1.0191492736830468	2.1853034496307373
0.2936005483181172	0.9992698284404212	2.2253036499023438
0.29132799746553406	1.009485509709678	2.2553036212921143
0.28847888722370313	1.0139757044169342	2.2853035926818848
0.2871634542144233	1.0187938257710807	2.325303554534912
0.28584853334096566	1.0212685397650065	2.3553035259246826
0.29002699054284886	1.0198603809227216	2.385303497314453
0.30796840624207916	0.996196776676906	2.4253034591674805
0.4140811121330527	0.9490939521283275	2.585303544998169
0.4026643187151098	0.9831064632222678	2.6253035068511963
0.389058038068566	0.9931829890224695	2.655303478240967
0.38297580039627876	0.9925024993339732	2.6853034496307373
0.3788687142404428	0.9960235279947975	2.7253036499023438
0.37806578660747314	0.9943122374458143	2.7553036212921143
0.37699311556847453	0.9947528318362558	2.7853035926818848
0.3766976498216675	0.9905711327799218	2.825303554534912
0.37648085408016707	0.989006817016472	2.8553035259246826
0.37440633703159815	0.988332946511508	2.885303497314453
0.2933434859392888	0.905976340741564	2.955303430557251
0.2879936792358883	0.9143172709407159	2.9853036403656006
0.28565310509464237	0.9205783005605368	3.025303602218628
0.2823513978320457	0.9234598666187249	3.0553035736083984
0.28092959593224903	0.9281516216280512	3.085303544998169
0.278728833426855	0.9302688134762477	3.1253035068511963
0.2769046920930869	0.9376189551111735	3.155303478240967
0.27519277721526075	0.9418323072977068	3.1853034496307373
0.2781995149949447	0.9418448679715858	3.2253036499023438
0.3524325615108489	0.9286474998088899	3.2553036212921143
0.35112086419019756	0.9329573966936588	3.2853035926818848
0.3455303517751407	0.9430208032620435	3.325303554534912
0.34039239596350357	0.9507566058529164	3.3553035259246826
0.3350942246119157	0.9581007170516456	3.385303497314453
0.33130648437362026	0.9643757739951039	3.4253034591674805
0.37347239408333577	1.0069125647719754	3.455303430557251
0.3762441993355854	0.9718548860476421	3.4853036403656006
0.37691265291783094	0.9592788444639787	3.525303602218628
0.3763035231324622	0.9630021983158711	3.5553035736083984
0.3774326647635219	0.9581615978393082	3.585303544998169
0.37560579220482365	0.9579906500845525	3.6253035068511963
0.37734457081901895	0.9575683943922703	3.655303478240967
0.37684503940113734	0.9578601734869191	3.6853034496307373
0.37668164518111996	0.9587014022475046	3.7253036499023438
0.377167049121169	0.9596748814757624	3.7553036212921143
0.4654555265875773	0.9385184200832832	3.825303554534912
0.4647030094264034	0.9380119002757084	3.8553035259246826
0.46324926189966426	0.9403378073563292	3.885303497314453
0.4636855559559697	0.9414291130483573	3.9253034591674805
0.5381423419403714	0.9013639507070267	3.955303430557251
0.5389897494881608	0.9077590784835345	3.9853036403656006
0.5384685168301221	0.9136987134019172	4.025303602218628
0.537173777217752	0.9173969580501741	4.055303573608398
0.5365513425407044	0.916813120334399	4.085303544998169
0.5352437254574955	0.9163430635094131	4.125303506851196
0.5014852135047011	0.9251460068075917	4.155303478240967
0.49848542619146513	0.9283390878502646	4.185303449630737
0.4992982836274449	0.9240131145894626	4.225303649902344
0.49962002509373904	0.9220002410647694	4.255303621292114
0.49920180559675115	0.9216136377777249	4.285303592681885
0.4996673189614318	0.9235171977452047	4.325303554534912
0.5007526161344137	0.9201164709489662	4.355303525924683
0.5014936998268277	0.9220432149986371	4.385303497314453
0.5036919779403426	0.9235627312922594	4.4253034591674805
0.5067039786771889	0.925454059560658	4.455303430557251
0.5081487891776999	0.9305585265372684	4.485303640365601
0.5041280363833425	0.9353876899143854	4.525303602218628
0.49701400777571286	0.9427427187319063	4.555303573608398
0.49092158930353264	0.9521805209793168	4.585303544998169
0.4883453334482774	0.9550118782523879	4.625303506851196
0.48506292421016284	0.9632462678231187	4.655303478240967
0.4838513373105433	0.9654378346817621	4.685303449630737
0.4893936023283882	0.9626805130409266	4.725303649902344
0.5841981072075331	0.9051595962275459	4.955303430557251
0.5790213884562362	0.9192589137186595	4.985303640365601
0.5739331142153469	0.9216390829476917	5.025303602218628
0.5685628322296683	0.9243985526347219	5.055303573608398
0.5672174017776294	0.9238660706584416	5.085303544998169
0.563786701808725	0.9243320547302257	5.125303506851196
0.5412733633182468	0.9393712655200842	5.155303478240967
0.5359708637679619	0.9392586468191445	5.185303449630737
0.5360974599217428	0.9396170116710039	5.225303649902344
0.5331912594002316	0.9393711905474909	5.255303621292114
0.5024404722150709	0.9472858368273259	5.285303592681885
0.5003306674371181	0.9498650185316729	5.325303554534912
0.4999506679173204	0.9470696923317379	5.355303525924683
0.4998375995645655	0.9441992179080876	5.385303497314453
0.5002876428436374	0.9419559158338233	5.4253034591674805
0.5000833835368282	0.9426823533208062	5.455303430557251
0.5002932563358159	0.9419480024644463	5.485303640365601
0.504824361796195	0.9361180692954599	5.525303602218628
0.5251717950320356	0.9299775766009618	5.555303573608398
0.5244020812056117	0.9312175579605517	5.585303544998169
0.5253423724391413	0.9309928362329465	5.625303506851196
0.5134576955921546	0.9327680489416098	5.655303478240967
0.39377379981266725	0.9361185880152031	5.685303449630737
0.3845261167328097	0.9510605149975975	5.725303649902344
0.38283974980498187	0.9543019146168177	5.755303621292114
0.3837808247305708	0.9538197306685976	5.785303592681885
0.384464399234233	0.9552927169259974	5.825303554534912
0.38502947945570815	0.9531089750219429	5.855303525924683
0.384919971698606	0.9501238924782525	5.885303497314453
0.381707368377938	0.9499795480377236	5.9253034591674805
0.3693699286589689	0.9435355566289232	5.955303430557251
0.366711479886992	0.9490981214731964	5.985303640365601
0.3664817958024649	0.9513765182853275	6.025303602218628
0.366666459471528	0.9517495050038722	6.055303573608398
0.36602204175439224	0.9537855236790719	6.085303544998169
0.3658674894108392	0.9539354461797515	6.125303506851196
0.31914408548908796	0.9430184719820982	6.155303478240967
0.31742809988059456	0.9434850956380637	6.185303449630737
0.315778573552372	0.9464053296972147	6.225303649902344
0.31565571012153526	0.9488148298052497	6.255303621292114
0.31490246739577504	0.9522774632663521	6.285303592681885
0.2973917124799298	0.9422117796261391	6.325303554534912
0.292100186192487	0.9437508441398248	6.355303525924683
0.2900341511872551	0.949003962587418	6.385303497314453
0.28721680972025965	0.9531984187806922	6.4253034591674805
0.2862581815367273	0.9570876451426931	6.455303430557251
0.3047561866813767	0.9166662991003162	6.485303640365601
0.3559137495347695	0.9368103775898974	6.525303602218628
0.3537050615467083	0.9379131157066413	6.555303573608398
0.35047817697316935	0.9461938093563407	6.585303544998169
0.3506207272668371	0.9467159057959831	6.625303506851196
0.5571417758618553	0.8836445962490972	6.685303449630737
0.546650050409744	0.9025224051271662	6.725303649902344
0.5428645660903029	0.9059007404296585	6.755303621292114
0.5404855183483516	0.9126962007635476	6.785303592681885
0.5384803036775739	0.9144335432984007	6.825303554534912
0.5888633321434373	0.9058761664495151	6.855303525924683
0.6071645306013936	0.9063533348888664	6.885303497314453
0.6089544640336347	0.8987812483623808	6.9253034591674805
0.6063687861111993	0.9010592488860245	6.955303430557251
0.6041916835227701	0.9033816604087197	6.985303640365601
0.6039087289803328	0.906755019264781	7.025303602218628
0.6035683899747983	0.9084169697773468	7.055303573608398
0.6024555874143812	0.9046360062965244	7.085303544998169
0.5926371435661507	0.9129324677486137	7.125303506851196
0.592242450471743	0.9130746640053815	7.155303478240967
0.5917652748991697	0.9131300541615228	7.185303449630737
0.5906315514197784	0.913423962604298	7.225303649902344
0.5906039346615761	0.9144597267990462	7.255303621292114
0.6076785989817913	0.9054043076109614	7.285303592681885
0.6594141348776575	0.9000335423460999	7.325303554534912
0.6586249741339416	0.8968905583775482	7.355303525924683
0.657460174986273	0.9015094096500502	7.385303497314453
0.6567463545398528	0.9016653356318342	7.4253034591674805
0.6568289544383151	0.8981370424493387	7.455303430557251
0.6570656991533125	0.8992775406173791	7.485303640365601
0.655760081795421	0.8993553760829832	7.525303602218628
0.6267339548329791	0.9027392055673765	7.555303573608398
0.622254408846309	0.9076989568712432	7.585303544998169
0.621141576174914	0.9045762159335727	7.625303506851196
0.6224236963261671	0.9024446130073213	7.655303478240967
0.6207755014134522	0.9027082816179032	7.685303449630737
0.6214336587048372	0.9001534173280273	7.725303649902344
0.6214593984668813	0.900802338723096	7.755303621292114
0.3100225225332027	0.8512862740796407	7.855303525924683
0.30814096098171423	0.8568418140831049	7.885303497314453
0.30779400206195	0.860052362851611	7.9253034591674805
0.3073724699734992	0.8620409756709171	7.955303430557251
0.305611310467022	0.8690119869927859	7.985303640365601
0.3057433480123835	0.8664906719111378	8.025303602218628
0.3039908003450147	0.8645957790763221	8.055303573608398
0.30354829232385	0.8655198247428129	8.085303544998169
0.303202986195428	0.8692874439548135	8.125303506851196
0.30257871239576073	0.870800294701672	8.155303478240967
0.3001687600900174	0.8738161969655072	8.185303449630737
0.3804148950483366	0.8613119260909958	8.255303621292114
0.3765674315767669	0.8650441301738275	8.285303592681885
0.37489513658060974	0.8694084675620489	8.325303554534912
0.37287829064385797	0.8699884574712767	8.355303525924683
0.3708139960998634	0.8724249837125002	8.385303497314453
0.37076972803726227	0.8733242240908837	8.42530345916748
0.37075426042047244	0.8731981697146111	8.455303430557251
0.3704425927779718	0.8754671298192389	8.4853036403656
0.37478871468567687	0.8751893473201797	8.525303602218628
0.4122962034168896	0.8418108729441529	8.555303573608398
0.4625566856184896	0.8668989656677816	8.655303478240967
0.45000530580563347	0.8743813457869606	8.685303449630737
0.44152888457721223	0.8762895152808354	8.725303649902344
0.43790851571230477	0.8776150357121428	8.755303621292114
0.43491826537703476	0.8781714042899329	8.785303592681885
0.43690203691041346	0.8755134817040255	8.825303554534912
0.43471515690755885	0.8765374859461571	8.855303525924683
0.43531741958602577	0.8754205464288752	8.89530348777771
0.43474680735085575	0.8783968503085203	8.92530345916748
0.4358683568680187	0.8778600772489686	8.955303430557251
0.4994626873560484	0.8536949569346234	8.9853036403656
0.5060453113804585	0.8499199048640068	9.025303602218628
0.5028906124855164	0.8535577503047412	9.055303573608398
0.4998627714414066	0.8555519391136258	9.095303535461426
0.4981295890353085	0.8590105080768178	9.125303506851196
0.49860787663577977	0.8577592401940611	9.155303478240967
0.49809207526218835	0.8539670317358117	9.195303440093994
0.48477208357054213	0.8643249469533727	9.225303649902344
0.4828319029823442	0.8665928656568408	9.255303621292114
0.48513070546764875	0.8641964988045977	9.295303583145142
0.5017313477573433	0.8260355084703638	9.325303554534912
0.5308341084967265	0.8480121223176753	9.355303525924683
0.528000346508466	0.8499878982227298	9.39530348777771
0.5288227231809356	0.8497572646401572	9.42530345916748
0.5309308819535299	0.8510148988486248	9.455303430557251
0.5288647619261404	0.8524311204094688	9.4853036403656
0.530472811533416	0.8510276396854982	9.525303602218628
0.5737958592829578	0.8409303250203682	9.555303573608398
0.5745827653101141	0.8409714978475789	9.595303535461426
0.5748945803179691	0.8442660480126265	9.625303506851196
0.5745248175179658	0.8471548381303692	9.655303478240967
0.5745192787382493	0.8482798249363072	9.695303440093994
0.5749280660477567	0.8502649730563461	9.725303649902344
0.5749331362599988	0.850541794797208	9.755303621292114
0.5745375729903274	0.8502081983837219	9.795303583145142
0.5769404414440817	0.8512315154489108	9.825303554534912
0.5784057547525293	0.8571014281855093	9.855303525924683
0.5605444936502483	0.8676936449896243	9.89530348777771
0.5572495901605147	0.8659172666027944	9.92530345916748
0.555519514992761	0.8740136380756219	9.955303430557251
0.6414347862413249	0.7912497532330287	10.095303535461426
0.6318896160885961	0.8674405020804289	10.125303506851196
0.6215806833820181	0.8721644489600803	10.155303478240967
0.6152014803667799	0.8753116809164425	10.195303440093994
0.6075466972755037	0.8788532710010751	10.225303649902344
0.6051522289534299	0.876952536847108	10.255303621292114
0.6021049310465928	0.8806366081253468	10.295303583145142
0.605557390557651	0.8720700095345851	10.325303554534912
0.6380181352787588	0.8531361316769835	10.355303525924683
0.6365642252819368	0.8555941865090146	10.39530348777771
0.6363423308397742	0.8556374494452793	10.42530345916748
0.6349660144711798	0.8525372996113354	10.455303430557251
0.6353041111324312	0.8530653462152398	10.495303630828857
0.6339002318781259	0.8540209060585215	10.525303602218628
0.6336255443040886	0.8545335496078142	10.555303573608398
0.6384979130435418	0.849663840985172	10.595303535461426
0.6631412049778787	0.8428459143861866	10.625303506851196
0.6615188302097939	0.8434807071506208	10.655303478240967
0.6610008454695746	0.8435387525088627	10.695303440093994
0.6611427737848945	0.8426004643717366	10.725303649902344
0.6638088435871898	0.841746394583748	10.755303621292114
0.6906107372017283	0.83692973562461	10.795303583145142
0.6889962870561651	0.84086698782565	10.825303554534912
0.6881341370113542	0.8465413725946023	10.855303525924683
0.6880440018393992	0.8515013356832244	10.89530348777771
0.6885915176239443	0.8517126983106978	10.92530345916748
0.6881480919509256	0.8511305815813742	10.955303430557251
0.6932593563298799	0.8493116244946203	10.995303630828857
0.7166277681403266	0.8448805486819673	11.025303602218628
0.7146665994826451	0.8494680600775402	11.055303573608398
0.7127524772568643	0.8486606216226426	11.095303535461426
0.34446472665493183	0.7941516852403316	11.155303478240967
0.3403143994180932	0.8051700357968057	11.195303440093994
0.3384305066629594	0.8091380399080186	11.225303649902344
0.33827245827707003	0.8143471558189077	11.255303621292114
0.33483693723169883	0.8179617903858688	11.295303583145142
0.3346859616208832	0.8193817168671637	11.325303554534912
0.3343606417861373	0.8197473029135485	11.355303525924683
0.33454099592251735	0.8196692903052035	11.39530348777771
0.3344457542202495	0.8204097686809445	11.42530345916748
0.33280028418920615	0.8202617994872567	11.455303430557251
0.33197134458517125	0.8235461417413324	11.495303630828857
0.3313835027816651	0.8235928439141883	11.525303602218628
0.3301834382461308	0.8262054600586404	11.555303573608398
0.3290579071525311	0.8282108050866844	11.595303535461426
0.3524897353102919	0.8954371286794556	11.625303506851196
0.37633799081184316	0.8265180347773375	11.655303478240967
0.3739411766988178	0.8307282167879131	11.695303440093994
0.37394129765247447	0.837658786374407	11.725303649902344
0.39947782224846806	0.8220080441937914	11.755303621292114
0.48299834847204587	0.7691006531457353	11.89530348777771
0.4571775487227835	0.8307696437646777	11.92530345916748
0.4542983455212302	0.8272066277990221	11.955303430557251
0.4466436804768827	0.8361277758152844	11.995303630828857
0.4444448027753033	0.8379391819047789	12.025303602218628
0.4396836758649826	0.8420623689145214	12.055303573608398
0.4383436978670998	0.8418298415323874	12.095303535461426
0.4379576723938733	0.8434583424437718	12.125303506851196
0.4391701517409267	0.8372561466340539	12.155303478240967
0.43985395043251985	0.8374277385541996	12.195303440093994
0.4781964449762258	0.802729887747822	12.225303649902344
0.47849323959251966	0.8146721757686318	12.255303621292114
0.4777375654977383	0.817755997815831	12.295303583145142
0.473934439455196	0.8215170363626256	12.325303554534912
0.47198584656198717	0.823257130559306	12.355303525924683
0.4717179658301787	0.8207303173031765	12.39530348777771
0.4705575057021699	0.8247776390790754	12.42530345916748
0.4700938501895577	0.8246050555267711	12.455303430557251
0.4838481528041919	0.8205502408495742	12.495303630828857
0.5302835287009727	0.809545748257389	12.525303602218628
0.5284719355178349	0.8121209875029054	12.555303573608398
0.5290102265234066	0.8133271737719033	12.595303535461426
0.5279548658494522	0.8147885512170394	12.625303506851196
0.5271647987635498	0.8180863075898056	12.655303478240967
0.5274171150835227	0.8209629985961379	12.695303440093994
0.5254846075310088	0.8179950165823076	12.725303649902344
0.5823280459374512	0.8073566145031511	12.755303621292114
0.5817694920727944	0.8147183458408477	12.795303583145142
0.5825744899197162	0.8136564907973846	12.825303554534912
0.584323713293918	0.8116098917998656	12.855303525924683
0.5870087041278433	0.8097575225994765	12.89530348777771
0.5885831096328725	0.8067313772617201	12.92530345916748
0.590174898796967	0.803074460307902	12.955303430557251
0.5957880576197937	0.7999884606645072	12.995303630828857
0.695454329883038	0.770688819982845	13.025303602218628
0.6928208421161308	0.7790506529389455	13.055303573608398
0.6926038568594857	0.7800549543108691	13.095303535461426
0.6927133567117478	0.7762438893291476	13.125303506851196
0.69133634303496	0.776389956721684	13.155303478240967
0.6915875538838256	0.7772117199278226	13.195303440093994
0.6893802770771046	0.7801264540026434	13.225303649902344
0.6894246178069481	0.777896938639981	13.255303621292114
0.68702074741805	0.7792288717641297	13.295303583145142
0.6562378956764474	0.788582841819979	13.325303554534912
0.6525265354006297	0.7908429781789725	13.355303525924683
0.6527329112211432	0.7953276053220409	13.39530348777771
0.6524650420063636	0.7954657842698851	13.42530345916748
0.6517414423950955	0.7962793337513459	13.455303430557251
0.35538223330059354	0.7406998446379934	13.525303602218628
0.3489524409078975	0.7495936990560567	13.555303573608398
0.3468604582251153	0.7560892956097349	13.595303535461426
0.34577798694723105	0.7610560479965465	13.625303506851196
0.3448128883599867	0.7639180446633179	13.655303478240967
0.3443888382152133	0.7694299862560992	13.695303440093994
0.3429472304403739	0.7723971759826129	13.725303649902344
0.6549518078632306	0.7449820796426846	13.795303583145142
0.6521591652532548	0.7569935065882312	13.825303554534912
0.6473413021958333	0.7635283126379415	13.855303525924683
0.644447911644027	0.7680120680009409	13.89530348777771
0.6422517002247825	0.7747277825003425	13.92530345916748
0.6414153327960492	0.779117272595939	13.955303430557251
0.6407095098837534	0.7822211772765012	13.995303630828857
0.6398809829158182	0.7852056982046549	14.025303602218628
0.6429648808335212	0.7823622109706571	14.055303573608398
0.697402567715229	0.7817364176960394	14.095303535461426
0.6978884640395485	0.7844020501580926	14.125303506851196
0.6971884016821553	0.7861992379905092	14.155303478240967
0.6843099810255268	0.8184289481827106	14.195303440093994
0.3508001613009788	0.7455357666040902	14.255303621292114
0.34852667340208054	0.7479088890410743	14.295303583145142
0.3466824021369662	0.7547647671663533	14.325303554534912
0.34717403914596234	0.7597049523852358	14.355303525924683
0.34306787994111454	0.7608782506003422	14.39530348777771
0.3286203327080286	0.7495617668656143	14.42530345916748
0.3265190551258493	0.7553025516269652	14.455303430557251
0.32576261346436153	0.7587570701385137	14.495303630828857
0.3257487616878579	0.7567574614028707	14.525303602218628
0.3333845871556336	0.7554951780943567	14.555303573608398
0.42121145811950533	0.7140272548636064	14.695303440093994
0.4082354105264519	0.7475206159269383	14.725303649902344
0.40240149219116683	0.7800794945409135	14.755303621292114
0.397319895651309	0.7756716223024176	14.795303583145142
0.38670210203307387	0.7912095226681063	14.825303554534912
0.3820604488031909	0.7987004096091245	14.855303525924683
0.38020168498745316	0.8021970397004529	14.89530348777771
0.3805634065309324	0.8014168127470241	14.92530345916748
0.38103222931920133	0.8007821904361434	14.955303430557251
0.3815328533099699	0.7996715211197308	14.995303630828857
0.38281722982043376	0.7963758900768872	15.025303602218628
0.38362170301447984	0.7929379639256959	15.055303573608398
0.3825899227490273	0.7895199637581617	15.095303535461426
0.37915318853713526	0.7872603895490311	15.125303506851196
0.3788280421784116	0.783139195625233	15.155303478240967
0.3783679748273268	0.785151262440738	15.195303440093994
0.3792704038688672	0.7820049790357434	15.225303649902344
0.381346084978894	0.7807172048506565	15.255303621292114
0.38319404307733684	0.777349709041671	15.295303583145142
0.38490228848874675	0.7726650850294294	15.325303554534912
0.38641608201050753	0.7733376625147549	15.355303525924683
0.38765463146724954	0.769602393350166	15.39530348777771
0.45007576378194314	0.7496205762443531	15.42530345916748
0.453334629248181	0.7525663304130633	15.455303430557251
0.4535568564024171	0.7560316493395254	15.495303630828857
0.4529510357618545	0.7579448741815875	15.525303602218628
0.4527772815132779	0.7542128855907902	15.555303573608398
0.45270148696490753	0.7584671191349328	15.595303535461426
0.45182566363843363	0.7602726688824742	15.625303506851196
0.4549009623951795	0.756463535977063	15.655303478240967
0.4887966955943913	0.7531207148951998	15.695303440093994
0.4859158429511452	0.7561820884994044	15.725303649902344
0.4844311305326096	0.7582534081684049	15.755303621292114
0.4840968848515917	0.7598802117968179	15.795303583145142
0.48363067226640527	0.7629562955695528	15.825303554534912
0.4901084466255896	0.7623966196587213	15.855303525924683
0.5725869016927198	0.7534589190697208	15.995303630828857
0.5647553974401528	0.7495285995050792	16.025303602218628
0.5526492235705807	0.7692795534424868	16.0553035736084
0.5489971591828845	0.7720353444034148	16.095303535461426
0.5459778341390759	0.7705749493965143	16.125303506851196
0.5426880325206083	0.7671486407924906	16.155303478240967
0.5411854948742016	0.7673369683946759	16.195303440093994
0.5400066165117848	0.7647956679576018	16.225303649902344
0.5404799143592781	0.7627448418039372	16.255303621292114
0.5409947032558257	0.7633320126183761	16.29530358314514
0.541470787419234	0.7618617741453745	16.325303554534912
0.5421192025026436	0.7619705949439696	16.355303525924683
0.5414786122267456	0.7634368210242598	16.39530348777771
0.5919673890427417	0.7478662184321891	16.42530345916748
0.6015531230611095	0.7492040877344808	16.45530343055725
0.5999928786659375	0.7507200890779681	16.495303630828857
0.5982950276674375	0.750868961241605	16.525303602218628
0.5967392093712277	0.7517865265213951	16.5553035736084
0.5945222357863325	0.7508860428259385	16.595303535461426
0.5961307449311056	0.7500234689291845	16.625303506851196
0.5962005207037377	0.7506629115489621	16.655303478240967
0.6504591400452273	0.7407383932139081	16.695303440093994
0.6601928979913622	0.7399057131821402	16.725303649902344
0.6576152950769861	0.7417356838776412	16.755303621292114
0.6567206615033511	0.7422811662043118	16.79530358314514
0.6561717370424571	0.7432978840715438	16.825303554534912
0.6565384502186633	0.7417365005784768	16.855303525924683
0.6594735271707635	0.7436285065892009	16.89530348777771
0.6930326497825906	0.7435013761957888	16.92530345916748
0.6908933383529465	0.7498107074566662	16.95530343055725
0.6922397545601756	0.746487235519026	16.995303630828857
0.6925686145956564	0.749043141485234	17.025303602218628
0.6936454370562022	0.7522969345754315	17.0553035736084
0.7003042218457313	0.7521449404089867	17.095303535461426
0.742016387828306	0.5494491433135705	17.255303621292114
0.7493879146788088	0.6499865032734747	17.29530358314514
0.7378369008204593	0.7033491913083059	17.355303525924683
0.7352076281254847	0.7467928112628998	17.39530348777771
0.7366340723155055	0.7225554946178612	17.42530345916748
0.73133389614036	0.7502507740519201	17.45530343055725
0.7275935931621358	0.7477183917669608	17.495303630828857
0.7287220912069736	0.7515819250744546	17.525303602218628
0.7279084848017416	0.7541785185790152	17.5553035736084
0.7281916862895486	0.7576933089619078	17.595303535461426
0.38743757219412744	0.6537304043306416	17.655303478240967
0.351422223525874	0.6905799770275932	17.695303440093994
0.3481662913290185	0.6916167810980541	17.725303649902344
0.34680874040546195	0.6988342636143469	17.755303621292114
0.3434475866498068	0.7009853452688979	17.79530358314514
0.3413514823165418	0.704239816814452	17.825303554534912
0.33968205298081455	0.7058998970241988	17.855303525924683
0.3454759535355258	0.7075018278978265	17.89530348777771
0.3469875437709596	0.7140041922610295	17.92530345916748
0.34580489262573155	0.7182817486478702	17.95530343055725
0.34299607413260413	0.7236781807181176	17.995303630828857
0.4182922096195155	0.7180506799846113	18.0553035736084
0.41342096037220644	0.7220544436233919	18.095303535461426
0.41073074176038255	0.7296146481802515	18.125303506851196
0.4085589598642445	0.7306731669045192	18.155303478240967
0.40904747098037864	0.7316128725754493	18.195303440093994
0.4111413903437946	0.7308867291625601	18.225303649902344
0.4098373976565094	0.7337002970754304	18.255303621292114
0.41559832187147455	0.7316716090964143	18.29530358314514
0.49972048660071194	0.7121991726749962	18.45530343055725
0.4945987152667312	0.7372467740013257	18.495303630828857
0.4873748680430662	0.7380186231498951	18.525303602218628
0.4831261470165377	0.7415730067039742	18.5553035736084
0.4804921667171979	0.7406693901173527	18.595303535461426
0.47819708698370605	0.7391193028819119	18.625303506851196
0.4793668204185027	0.7359044614419548	18.655303478240967
0.47068253876638655	0.7356907549399729	18.695303440093994
0.4678442044700334	0.7346762045114175	18.725303649902344
0.46759110470398596	0.7284409065330577	18.755303621292114
0.46825698288289136	0.7280543616822356	18.79530358314514
0.468281925716882	0.7289416687887642	18.825303554534912
0.4659420110773843	0.7275069013037774	18.855303525924683
0.4641920894732218	0.7318189775778572	18.89530348777771
0.4635404864440606	0.7320850304099319	18.92530345916748
0.46332149639289977	0.732654826379539	18.95530343055725
0.4629523457796427	0.7326907578392373	18.995303630828857
0.4634639325045302	0.7315603079719784	19.025303602218628
0.46306863840026796	0.7323776789503039	19.0553035736084
0.4686626053476347	0.7301251778876098	19.095303535461426
0.5476796559050521	0.7119016425053114	19.125303506851196
0.5454130135711576	0.7177762066914603	19.155303478240967
0.5430877462349872	0.7182450175517291	19.195303440093994
0.5429401124306886	0.7184588219313855	19.225303649902344
0.54177138071067	0.7188969705559024	19.255303621292114
0.5422531491330377	0.7167116626572121	19.29530358314514
0.542647627345628	0.718717202109866	19.325303554534912
0.5431074401427525	0.7180085029764991	19.355303525924683
0.5432212340847455	0.7173510983442745	19.39530348777771
0.5425492353583556	0.7147634491120607	19.42530345916748
0.543346016288175	0.7137861955928229	19.45530343055725
0.5438730451122251	0.7158496627970427	19.495303630828857
0.5459658170368229	0.717341639167904	19.525303602218628
0.5602365169892995	0.7062077912157378	19.565303564071655
0.6059707458563515	0.5501438279836395	19.695303440093994
0.5849454369331478	0.733108221841412	19.755303621292114
0.5796721391856124	0.7360486071762752	19.79530358314514
0.574737786540855	0.7386439281941862	19.825303554534912
0.571368718507305	0.7382511558762586	19.855303525924683
0.5702442691676399	0.7377773579622574	19.89530348777771
0.5679762461198328	0.7391634912618323	19.92530345916748
0.5681035577508126	0.7386603332665503	19.965303421020508
0.5674496290811866	0.7388231292802883	19.995303630828857
0.5681139214492505	0.7347864343501814	20.025303602218628
0.5732125952753454	0.7214070349974221	20.065303564071655
0.5731299144982452	0.7161594984346135	20.095303535461426
0.5751646138322425	0.7110565296080159	20.125303506851196
0.5744039547773473	0.7117422084912526	20.165303468704224
0.5772215365846107	0.7106196611034817	20.195303440093994
0.5987923561577436	0.7056174927600763	20.225303649902344
0.5976356040369051	0.7093928928137012	20.26530361175537
0.5985194977084795	0.706824334064537	20.29530358314514
0.5990117122486728	0.7069239850047928	20.325303554534912
0.6005417837910761	0.7032525555837793	20.36530351638794
0.620298079375446	0.7061173083209902	20.39530348777771
0.6198651792377321	0.7111057535943374	20.42530345916748
0.6202174933071031	0.7100193414809939	20.465303421020508
0.6200148506618651	0.7079584506104039	20.495303630828857
0.6196941246729886	0.7070181690682457	20.525303602218628
0.6189833401931075	0.7114306794139481	20.565303564071655
0.6186241015759099	0.7136473855202192	20.595303535461426
0.6215932511220259	0.712165107949979	20.625303506851196
0.6881103354238776	0.6975936945353357	20.665303468704224
0.6925113048816306	0.7011965327248899	20.695303440093994
0.6906720370033581	0.7001232765046872	20.725303649902344
0.6886998904209599	0.7034504329483081	20.76530361175537
0.6879754486489736	0.7057245256829774	20.79530358314514
0.6823394933869839	0.7113561331535428	20.825303554534912
0.6769529401898366	0.7152431126082264	20.86530351638794
0.6758637779157411	0.7153428692692869	20.89530348777771
0.6761371051427877	0.7146411945661764	20.92530345916748
0.676059251380214	0.7151485201783209	20.965303421020508
0.6824737519276289	0.7113982983750193	20.995303630828857
0.7071445354690475	0.7100514102514042	21.025303602218628
0.7061221909791555	0.7124991795067013	21.065303564071655
0.7072204420112524	0.7111556235798441	21.095303535461426
0.7061048717174778	0.7122318883498353	21.125303506851196
0.7114919592074128	0.710292939627152	21.165303468704224
0.7307068246501888	0.7124389729689532	21.195303440093994
0.7311727203872284	0.7128060303414078	21.225303649902344
0.7297076264775765	0.7153046856697578	21.26530361175537
0.3646836287309873	0.630543156817989	21.325303554534912
0.3543583130138588	0.6454540300010068	21.36530351638794
0.348611966909241	0.6546721775870008	21.39530348777771
0.34718402383498215	0.6570615159049648	21.42530345916748
0.34511518371250827	0.6632080304624024	21.465303421020508
0.3418244785787443	0.6704986741512889	21.495303630828857
0.3404922019079125	0.6743316813723526	21.525303602218628
0.33702720236265105	0.6752640387605018	21.565303564071655
0.33573112334623484	0.6763298892415384	21.595303535461426
0.33471481721216007	0.6766478358120505	21.625303506851196
0.3332391230517993	0.6801052802070039	21.665303468704224
0.331859430062593	0.6795004408297132	21.695303440093994
0.39718905685124756	0.6733103085304624	21.76530361175537
0.3944244072224578	0.6792768943782331	21.79530358314514
0.3917129299831214	0.6848203763517587	21.825303554534912
0.39003833389817333	0.6884478244299725	21.86530351638794
0.3892578243794985	0.6937223525918393	21.89530348777771
0.4023445733798704	0.6987760714444483	21.92530345916748
0.428860990394825	0.568646198511272	22.065303564071655
0.41759872021410815	0.6644490119580139	22.095303535461426
0.4082546540848417	0.6906983779278862	22.125303506851196
0.40210874338479335	0.6950879019730868	22.165303468704224
0.3964624631566146	0.6989171100570357	22.195303440093994
0.3926044196652816	0.699822037559724	22.225303649902344
0.3894039750245605	0.6978701968392308	22.26530361175537
0.3927704767025701	0.6959599456360845	22.29530358314514
0.4527783954990624	0.6907519122676044	22.325303554534912
0.44996977528529924	0.6905829794938491	22.36530351638794
0.44963596875060013	0.6880788451333926	22.39530348777771
0.44724693697938644	0.6903980740753152	22.42530345916748
0.44641908311156203	0.691057097783741	22.465303421020508
0.44034853273899244	0.6912985518208095	22.495303630828857
0.43706276018360724	0.6888042111320354	22.525303602218628
0.43589236058812825	0.6874787365877849	22.565303564071655
0.4363380780825002	0.6827113691538199	22.595303535461426
0.4372733550308142	0.6824642679237933	22.625303506851196
0.43809507696127625	0.6808694205952531	22.665303468704224
0.4376649395623331	0.6791272392122514	22.695303440093994
0.43937797621981084	0.6792910873417722	22.725303649902344
0.44135697826956144	0.679683870049815	22.76530361175537
0.44642741967638433	0.6786287258484526	22.79530358314514
0.4851016047533766	0.6723570855719909	22.825303554534912
0.484773682877306	0.6742214247313124	22.86530351638794
0.48354211345977477	0.6709270462483344	22.89530348777771
0.4831973158112576	0.6709253090840542	22.92530345916748
0.4815588079589803	0.6702461270332363	22.965303421020508
0.4787604542789696	0.6742995025550188	22.995303630828857
0.47853005047589836	0.6756084425967757	23.025303602218628
0.5619327663598841	0.6646884082318901	23.095303535461426
0.5605104533063794	0.6638877716755528	23.125303506851196
0.5573960242252375	0.6681204970037853	23.165303468704224
0.5559718273126886	0.6706469286670584	23.195303440093994
0.5561359655177007	0.6717490775600111	23.225303649902344
0.5404463482672626	0.6718024993223956	23.26530361175537
0.537593771754235	0.6733861359340184	23.29530358314514
0.5357512793321582	0.6749334991273735	23.325303554534912
0.5352485709113592	0.6717415639580268	23.36530351638794
0.5353411661346691	0.6757072266838383	23.39530348777771
0.5355731930003395	0.675360330914399	23.42530345916748
0.5352394889026142	0.6761991800096836	23.465303421020508
0.53541755211255	0.6762691648882371	23.495303630828857
0.5341847162565655	0.675248154112119	23.525303602218628
0.5337917224386438	0.6764846225309391	23.565303564071655
0.5350620508100421	0.677947967292148	23.595303535461426
0.6104893989323512	0.6565712240316298	23.625303506851196
0.6101513823933891	0.6625118212417915	23.665303468704224
0.6108592098489128	0.666080694707308	23.695303440093994
0.6087916356458265	0.668534350254853	23.725303649902344
0.6084568694927558	0.6683032106746115	23.76530361175537
0.6071745257678628	0.6709161562373728	23.79530358314514
0.6063872932854604	0.6746658109178166	23.825303554534912
0.6039507237293447	0.6784897554495312	23.86530351638794
0.6025558917230194	0.6848036296448028	23.89530348777771
0.6017092486843498	0.6890188690392041	23.92530345916748
0.6019195854806808	0.6906532834658098	23.965303421020508
0.6039905663740717	0.6931009103801774	23.995303630828857
0.6156673663106105	0.6918357874068374	24.025303602218628
0.6849883682187587	0.7386252041759745	24.065303564071655
0.6949887956626521	0.6739872685657058	24.095303535461426
0.6887574886301844	0.6934619965054903	24.125303506851196
0.6846097791516	0.6955213808580469	24.165303468704224
0.6788335079056158	0.6984255697547688	24.195303440093994
0.6770615556460293	0.7006975589392522	24.225303649902344
0.675487767413462	0.70083662752103	24.26530361175537
0.6743519305144344	0.703199731356281	24.29530358314514
0.6751078888298226	0.7014271504560674	24.325303554534912
0.6745543479886958	0.702189812976996	24.36530351638794
0.7003849432026221	0.6906490677346697	24.39530348777771
0.6994299506694727	0.6935318331057237	24.42530345916748
0.7017053524313958	0.6926257806552223	24.465303421020508
0.7032922895300573	0.6874992031481497	24.495303630828857
0.7013479238056572	0.6863802078373343	24.525303602218628
0.33078400132013636	0.6082297733084644	24.625303506851196
0.3284340605127442	0.6078800779001265	24.665303468704224
0.3287816823043666	0.6084228051058126	24.695303440093994
0.32723491557336426	0.6137862944826715	24.725303649902344
0.32722202952986273	0.6154451638769349	24.76530361175537
0.32562966253059034	0.6175429278364716	24.79530358314514
0.3495450050228511	0.6375166789264778	24.825303554534912
0.35594351690075066	0.6266704056647162	24.86530351638794
0.3512274083816656	0.6314414497487822	24.89530348777771
0.3497712967167208	0.6354686244248693	24.92530345916748
0.34861137910399703	0.6385905406954627	24.965303421020508
0.3499088635802899	0.6424675962407518	24.995303630828857
0.3551542691791701	0.6469390180922444	25.025303602218628
0.3824637889869146	0.59458826532482	25.065303564071655
0.4449795063816779	0.6317110707561885	25.195303440093994
0.4325722228663766	0.6431840137688292	25.225303649902344
0.424931049684736	0.6492397257200349	25.26530361175537
0.4204582561327536	0.6502083666910572	25.29530358314514
0.4178318039886318	0.6478054101125286	25.325303554534912
0.4155102500238669	0.6469077567649492	25.36530351638794
0.41600761922228197	0.6414735414013356	25.39530348777771
0.41519434370926067	0.6425790731125987	25.42530345916748
0.41582788376942553	0.6390645235336814	25.465303421020508
0.41576939805507585	0.6359282406405874	25.495303630828857
0.4148190058560342	0.6374175584831057	25.525303602218628
0.4111424306741093	0.6365569420533409	25.565303564071655
0.38318244308720667	0.6387529199208996	25.595303535461426
0.38391686310822926	0.6362609265704384	25.625303506851196
0.3850962659099226	0.6335412710179418	25.665303468704224
0.38553772225413396	0.6308829583131949	25.695303440093994
0.3864287600266183	0.631409974178757	25.725303649902344
0.38678089623967143	0.6288192984622575	25.76530361175537
0.3906623508273742	0.6255515798736717	25.79530358314514
0.49048649193374705	0.629635977300374	25.825303554534912
0.4919979119862427	0.6227852725860887	25.86530351638794
0.49034042898391317	0.6266816058508797	25.89530348777771
0.48945033670532234	0.6267234440046902	25.92530345916748
0.48983992391370035	0.6261396411682263	25.965303421020508
0.4892482400782975	0.6273397061515451	25.995303630828857
0.48853918987031614	0.6294750644217322	26.025303602218628
0.48651117276110084	0.6322004221336495	26.065303564071655
0.47907603596857645	0.6328423427763066	26.095303535461426
0.47579750240408314	0.641767657135799	26.125303506851196
0.48729564793393193	0.6410060928253337	26.165303468704224
0.5371780982074429	0.6254910838738418	26.325303554534912
0.5317710837308546	0.6623163562088858	26.36530351638794
0.5272597178862694	0.6491956659240439	26.39530348777771
0.5233878574782819	0.6533654964786085	26.42530345916748
0.5217770353137892	0.6505774176717221	26.465303421020508
0.5207242216024555	0.6540946900454563	26.495303630828857
0.5666496517553561	0.6368121465130713	26.525303602218628
0.5689079306834073	0.6352939411325178	26.565303564071655
0.5688927780202604	0.6346769128274496	26.595303535461426
0.5696790486532908	0.6332582817185305	26.625303506851196
0.5682835773038033	0.6322320260440254	26.665303468704224
0.5684730203993212	0.6309697379043091	26.695303440093994
0.568862144962273	0.6307931234207363	26.725303649902344
0.5652487292924976	0.6337991737777999	26.76530361175537
0.5506999281476075	0.6388198375841713	26.79530358314514
0.5495483352454952	0.6428970593930989	26.825303554534912
0.5495890230611549	0.6422191737839527	26.86530351638794
0.5488373628403086	0.6403818204469399	26.89530348777771
0.5499694334577033	0.6394422228012014	26.92530345916748
0.5521127877505393	0.6385601435663283	26.965303421020508
0.5981167388341394	0.6288695965154256	26.995303630828857
0.5988123339126628	0.6330695447203197	27.025303602218628
0.5988776283887698	0.6335676490851897	27.065303564071655
0.5982058760539343	0.636846500574821	27.095303535461426
0.5979049412647328	0.6362102846196436	27.125303506851196
0.5969683822972578	0.6424212803997391	27.165303468704224
0.6274646268140948	0.6700311182544483	27.195303440093994
0.6350973478262414	0.6423122839632394	27.225303649902344
0.6338718484304813	0.6427629044126466	27.26530361175537
0.6328249639397445	0.6484018006398126	27.29530358314514
0.6327226100161655	0.6496071541969728	27.325303554534912
0.6322036929396786	0.6501197303555795	27.36530351638794
0.633815927575563	0.6478309549264528	27.39530348777771
0.6705502494085689	0.6405051612982378	27.42530345916748
0.6713113927950064	0.6428182743909425	27.465303421020508
0.6728576811434922	0.6420289255593082	27.495303630828857
0.6748900568984041	0.6419182571114954	27.525303602218628
0.6755294254099115	0.6437880796427011	27.565303564071655
0.6813092147171175	0.6393349066976111	27.595303535461426
0.7463199940858886	0.4513767319957711	27.725303649902344
0.7390503005327455	0.6327808420764123	27.79530358314514
0.736134219331573	0.6412983603629865	27.825303554534912
0.7334804514760455	0.643662716677038	27.86530351638794
0.730837951606793	0.6431728167177605	27.89530348777771
0.7293738341025232	0.6411704831486119	27.92530345916748
0.7274182124039146	0.6424118218453	27.965303421020508
0.72733766921805	0.640577299659179	27.995303630828857
0.7251173885055594	0.6382473640741269	28.025303602218628
0.3698871957569605	0.5557473984820863	28.095303535461426
0.36591777091171235	0.558853693563807	28.125303506851196
0.36359533971944596	0.5656322876120374	28.165303468704224
0.36183824795248265	0.5649323437922166	28.195303440093994
0.35920724345607113	0.5684636218978447	28.225303649902344
0.3578537944845608	0.5714877729857957	28.26530361175537
0.3563505824617281	0.572617200810425	28.29530358314514
0.35482913766134194	0.5766050446604143	28.325303554534912
0.35442225906562336	0.5800464481968719	28.36530351638794
0.40230016694598375	0.5763327322103464	28.39530348777771
0.4092087395625192	0.5781913374943594	28.42530345916748
0.40689158390230573	0.5832752624208368	28.465303421020508
0.4112324242671038	0.5797860260775747	28.495303630828857
0.4475827185525472	0.4808516427741098	28.76530361175537
0.4342503393258991	0.526484494611047	28.79530358314514
0.4207214246815438	0.536518367501731	28.825303554534912
0.41414704659957247	0.5410726896856406	28.86530351638794
0.40993215566891633	0.5432420163932292	28.89530348777771
0.40893992119739964	0.5469797788664426	28.92530345916748
0.4705691848264832	0.5654765248331282	28.965303421020508
0.47326442616789666	0.5666366362940071	28.995303630828857
0.4727140952157643	0.5651462586152785	29.025303602218628
0.46960327041299316	0.5678708390741738	29.065303564071655
0.4675571144468381	0.5688401796156789	29.095303535461426
0.4660423889008154	0.5728510218350711	29.125303506851196
0.4651038483010978	0.5725865012101786	29.165303468704224
0.4636901575978691	0.5739080111603884	29.195303440093994
0.4647268347153654	0.5722416838977863	29.225303649902344
0.46416123907571427	0.5726646635040914	29.26530361175537
0.48150349710582335	0.5766354300806528	29.29530358314514
0.5057527589831242	0.5725304890914044	29.325303554534912
0.5041923795398894	0.57211175338311	29.36530351638794
0.503353625531282	0.5732578402331081	29.39530348777771
0.49927894798016453	0.5790142517257881	29.42530345916748
0.4286057057821246	0.577186087060575	29.465303421020508
0.42453554314845554	0.5783067211169934	29.495303630828857
0.42279516121659644	0.575890295481359	29.525303602218628
0.4232583524253833	0.577410790123854	29.565303564071655
0.4222739740142489	0.5800037138527472	29.595303535461426
0.42295787465057477	0.582176606653955	29.625303506851196
0.42256081521466216	0.5825350925327281	29.665303468704224
0.4493619294226895	0.5823343096664918	29.695303440093994
0.4491330229394303	0.5837491973930307	29.725303649902344
0.45046497127823565	0.5846478292985913	29.76530361175537
0.4498537422419676	0.5860165166351764	29.79530358314514
0.44980150888682646	0.5854253001655888	29.825303554534912
0.4507841055613183	0.5812219427274808	29.86530351638794
0.4509070742546115	0.5850975991175138	29.89530348777771
0.45019840782776294	0.5854636200117526	29.92530345916748
0.46332755178514645	0.5836403061873126	29.965303421020508
0.5083918963394668	0.5798320118048509	29.995303630828857
0.5064178301327796	0.5837616198859537	30.025303602218628
0.5062604422639476	0.5828640665934519	30.065303564071655
0.5037017398229642	0.5868775048185617	30.095303535461426
0.5032944510241586	0.5909648397917642	30.125303506851196
0.5018615850884656	0.591092849645767	30.165303468704224
0.5016226356785761	0.5935502550076918	30.195303440093994
0.5001358174750347	0.5960353466671731	30.225303649902344
0.4998316440317997	0.5942147328298454	30.26530361175537
0.5053056506875334	0.5939836171016527	30.29530358314514
0.5938402388885059	0.5762821011443819	30.325303554534912
0.5921438854360364	0.5799988358669798	30.36530351638794
0.5888009126415481	0.5830847444868705	30.39530348777771
0.5875388067331452	0.5895985508740084	30.42530345916748
0.5854730083488442	0.5945720060356636	30.465303421020508
0.5850848085495903	0.5947404316017039	30.495303630828857
0.5806241976441896	0.596939428974402	30.525303602218628
0.5530279304949468	0.6031362408687848	30.565303564071655
0.551077971623225	0.6018104306667275	30.595303535461426
0.5523042060180895	0.600698197941868	30.625303506851196
0.5533509172849023	0.5989675154803823	30.665303468704224
0.5533364301893834	0.5993286960056889	30.695303440093994
0.5530992234249819	0.5992566798427474	30.725303649902344
0.553267064545834	0.60075555966027	30.76530361175537
0.5521183395420576	0.6035733805337586	30.79530358314514
0.5523192690000127	0.6035283675057727	30.825303554534912
0.5705168888476558	0.5973064209398038	30.86530351638794
0.6274046490944504	0.585060040699037	30.89530348777771
0.625920083817106	0.5852724576886703	30.92530345916748
0.6245805271787209	0.583783304768909	30.965303421020508
0.6237175024555583	0.5845793940519751	30.995303630828857
0.6231378437888138	0.5848715258416834	31.025303602218628
0.6233596662773397	0.5869676486294304	31.065303564071655
0.6231470762639112	0.5870491372788789	31.095303535461426
0.6249844070227423	0.5891328754239357	31.125303506851196
0.6430111885553341	0.5812968020215206	31.165303468704224
0.6779571979714505	0.5985129469909723	31.36530351638794
0.6756937764311801	0.60355627484637	31.39530348777771
0.6728312975811686	0.600868583981293	31.42530345916748
0.6703908537446849	0.6027041016559205	31.465303421020508
0.6688413225961092	0.602687096719175	31.495303630828857
0.6687256899650496	0.6009956219508559	31.525303602218628
0.6669506350090763	0.6034317705525135	31.565303564071655
0.66721188819688	0.6012141037147436	31.595303535461426
0.6893589901611529	0.5877099694564868	31.625303506851196
0.6986160993657284	0.5832748350232947	31.665303468704224
0.6969573751203575	0.5833119595024966	31.695303440093994
0.3717011736107059	0.49334224231758894	31.76530361175537
0.36827226576271743	0.5010794259069671	31.79530358314514
0.361499766125813	0.5123279082522196	31.825303554534912
0.3581032372029304	0.5179074877569838	31.86530351638794
0.35801002587417285	0.5182463512616446	31.89530348777771
0.35774333592353763	0.5197064287939849	31.92530345916748
0.35865762970247844	0.5186689390562745	31.965303421020508
0.35761087947298004	0.5198947569118709	31.995303630828857
0.3469492791573602	0.5228643087514301	32.02530360221863
0.3431328669342592	0.5263769837056717	32.065303564071655
0.34324955053036305	0.5275936717269873	32.095303535461426
0.3432519708702567	0.5288280798039192	32.125303506851196
0.342647755519781	0.528943215853044	32.165303468704224
0.34364954886562016	0.5281548427087646	32.195303440093994
0.3432137347630851	0.5293938482908409	32.225303649902344
0.3629000646015612	0.5297888519269158	32.26530361175537
0.39778657900061726	0.5341106403597043	32.29530358314514
0.39727714456994545	0.5323960060012932	32.32530355453491
0.395635250821762	0.5360308698507171	32.36530351638794
0.39425850740808493	0.5347311351760604	32.39530348777771
0.39447016588874956	0.5344808149270408	32.42530345916748
0.3944508578510313	0.5340776676656219	32.46530342102051
0.395058475588213	0.5342377232229035	32.49530363082886
0.3961062169479293	0.5328302797916038	32.52530360221863
0.44603974699577115	0.5143224791716915	32.565303564071655
0.4538585496163777	0.5251754309864639	32.595303535461426
0.4534529908625937	0.5280630946811824	32.625303506851196
0.4517752904388268	0.528975073928562	32.665303468704224
0.45061817190069325	0.5311375033912852	32.695303440093994
0.4505060707326427	0.5351113381121007	32.725303649902344
0.4501672664675799	0.5357033875890711	32.76530361175537
0.4472453457116067	0.5344159081344443	32.79530358314514
0.3997877024887796	0.5320536757468578	32.82530355453491
0.40051343636407055	0.5295965659875871	32.86530351638794
0.39897141246205753	0.532408951622935	32.89530348777771
0.39844763867334193	0.5343685601449836	32.92530345916748
0.3981619823312345	0.5330881726888366	32.96530342102051
0.3957040086134266	0.5360112654734835	32.99530363082886
0.3953291392494982	0.5385804349131634	33.02530360221863
0.39522486933136397	0.5387091981633194	33.065303564071655
0.39520114217598146	0.5388099698751274	33.095303535461426
0.3969865390697373	0.5361433028646987	33.125303506851196
0.42841817506877533	0.5319339120418736	33.165303468704224
0.42681591463795643	0.5403887495730143	33.195303440093994
0.429071979601439	0.5386786094158781	33.225303649902344
0.4305196265853975	0.5378708750897991	33.26530361175537
0.43208824515074656	0.5361598787046733	33.29530358314514
0.4624365350183679	0.5384504947767539	33.32530355453491
0.46888255647075866	0.5347587583210641	33.36530351638794
0.466656922264923	0.5402630582575288	33.39530348777771
0.4650633959341049	0.5427588779249577	33.42530345916748
0.4638565317632281	0.5454025620369858	33.46530342102051
0.46293063524203015	0.5488454469970594	33.49530363082886
0.4621978596483572	0.5496727420061445	33.52530360221863
0.4627471972745497	0.5463861079617482	33.565303564071655
0.4614844258294485	0.5503388745409843	33.595303535461426
0.46152698231241596	0.552224368265147	33.625303506851196
0.46490091968257474	0.5502768551212751	33.665303468704224
0.5102428045137795	0.5437853664832601	33.695303440093994
0.5102430177706946	0.5437753253089722	33.725303649902344
0.5082381287300203	0.5438210508027118	33.76530361175537
0.5077461071495702	0.5487325944212047	33.79530358314514
0.507068440119525	0.549502175096393	33.82530355453491
0.5108905253730973	0.5510937561104763	33.86530351638794
0.534926558050738	0.43512954069035625	33.89530348777771
0.5714098363548961	0.49857513487098243	34.065303564071655
0.5679256133883788	0.5462105901701182	34.095303535461426
0.5629108131947498	0.5475195618433224	34.125303506851196
0.557824763891664	0.5469430487082555	34.165303468704224
0.5560377964611971	0.5487625142121003	34.195303440093994
0.5548611918029502	0.548588571025309	34.225303649902344
0.5915907211110658	0.5473482939049494	34.26530361175537
0.5929818911619944	0.5487073144336716	34.29530358314514
0.5856040974517434	0.5427145358893052	34.32530355453491
0.5058090275506016	0.5467726775788914	34.36530351638794
0.5041412887331623	0.5454684274757159	34.39530348777771
0.502555222228348	0.5485114735696888	34.42530345916748
0.5016221302573977	0.5498528705926501	34.46530342102051
0.5013340174338178	0.5501525905640747	34.49530363082886
0.500317267093986	0.5525498859785266	34.52530360221863
0.5027289788833931	0.5563822908104068	34.565303564071655
0.5073510601027433	0.5589724299106591	34.595303535461426
0.5120890995290839	0.5591401470034343	34.625303506851196
0.5162651090151169	0.5581163105558937	34.665303468704224
0.5111704149870474	0.5576621122517371	34.695303440093994
0.4960693705848363	0.563153345256243	34.76530361175537
0.49247625796514166	0.5615319338247909	34.79530358314514
0.49026282636057444	0.565400897467357	34.82530355453491
0.48947055538356005	0.5681478912726013	34.86530351638794
0.48895584400144865	0.5668265588597776	34.89530348777771
0.4906991889815683	0.5634158293357701	34.92530345916748
0.49075189769004046	0.5623072337522486	34.96530342102051
0.49294802236717444	0.5622378702176795	34.99530363082886
0.5050801700313775	0.5518393468579437	35.02530360221863
0.5415065893158342	0.4414431353406409	35.165303468704224
0.5324412754901394	0.5135053451274485	35.195303440093994
0.5306747947712545	0.5350490608163582	35.225303649902344
0.5276804095743406	0.5395892958315702	35.26530361175537
0.5242285921382507	0.5414067904901352	35.29530358314514
0.5210473678083268	0.5461313286178106	35.32530355453491
0.520648955976735	0.5468581709413478	35.36530351638794
0.5185435137729805	0.5474663684789801	35.39530348777771
0.5186767465940283	0.5487724632663333	35.42530345916748
0.5255491854579744	0.5438149333512989	35.46530342102051
0.5440746500484308	0.5399230993661518	35.49530363082886
0.5416483827837641	0.5434269421789248	35.52530360221863
0.5405022640436187	0.5450036329050179	35.565303564071655
0.5395211070175489	0.5456658102614451	35.595303535461426
0.5387230558683039	0.5449956372732826	35.625303506851196
0.5374470706348374	0.5492450837386879	35.665303468704224
0.5368937218751116	0.5487711491888642	35.695303440093994
0.5368962656917091	0.5489693970992147	35.725303649902344
0.5379936690046923	0.5480429574544562	35.76530361175537
0.5380176216324326	0.5455076108806396	35.79530358314514
0.5379736454639071	0.5454372629364367	35.82530355453491
0.5552160509805403	0.572769727189863	35.86530351638794
0.5992176933881551	0.5434830866138765	35.89530348777771
0.5967160562520037	0.5456691370006297	35.92530345916748
0.5958724412732291	0.5457880231714961	35.96530342102051
0.5955869304995572	0.5477164162369461	35.99530363082886
0.5953208082814372	0.5481769618243028	36.02530360221863
0.5896161472979365	0.5490419155281318	36.065303564071655
0.5811451946870781	0.5483880217445883	36.095303535461426
0.5790311706340158	0.544771649097662	36.125303506851196
0.5780921711447503	0.5467564146316907	36.165303468704224
0.5772615990586148	0.5509028335025193	36.195303440093994
0.5775984765516355	0.5527083604045439	36.225303649902344
0.5805739279446007	0.5507265283088443	36.26530361175537
0.6456873610031864	0.5410405491305622	36.29530358314514
0.6468498615104707	0.5463548032184661	36.32530355453491
0.6478751356975574	0.543511937435964	36.36530351638794
0.6493806474447805	0.5439675818408997	36.39530348777771
0.6490802816009247	0.5462592953888971	36.42530345916748
0.6496467269567395	0.544805740058875	36.46530342102051
0.6500637919720071	0.5451542163746829	36.49530363082886
0.6882766711784808	0.5389386692011009	36.52530360221863
0.6982132828279013	0.5434807558608289	36.565303564071655
0.6968619039946928	0.5454675249886658	36.595303535461426
0.6966409008019252	0.5451266787247463	36.625303506851196
0.6961978112877928	0.5476389194287155	36.665303468704224
0.6967432945674673	0.5485769081595324	36.695303440093994
0.6968337722808343	0.5479595022289775	36.725303649902344
0.7002290303104016	0.5463540255373002	36.76530361175537
0.7127460855011358	0.5450327631731923	36.79530358314514
0.7131670749971643	0.5445776780482412	36.82530355453491
0.703047116597129	0.5405965192401612	36.86530351638794
0.38728952145866846	0.47523926422863966	36.92530345916748
0.3839402606790082	0.4829213474213729	36.96530342102051
0.3814635266238018	0.49025095796530976	36.99530363082886
0.3799197864731505	0.4878865764617495	37.02530360221863
0.36769867829867925	0.4814627494110085	37.065303564071655
0.359537484519384	0.4831510457614799	37.095303535461426
0.35807364642697664	0.47934455504149764	37.125303506851196
0.35551125562173325	0.47982722437106323	37.165303468704224
0.35512915430181113	0.47957089809771436	37.195303440093994
0.35337887227325054	0.47879878804488796	37.225303649902344
0.35295949083555944	0.4784371660767486	37.26530361175537
0.35058958745014546	0.47950706695613504	37.29530358314514
0.3541551063571788	0.4800272009130681	37.32530355453491
0.41656692666539175	0.47702529252879305	37.36530351638794
0.416063266583739	0.4819401732816428	37.39530348777771
0.41406960282764776	0.4884357181486674	37.42530345916748
0.41226978034723316	0.4911088839133152	37.46530342102051
0.41001563446874645	0.4926143206193691	37.49530363082886
0.41018928247425285	0.4927403438448701	37.52530360221863
0.4101840390304008	0.4943675563570102	37.565303564071655
0.4116462610614343	0.49084864281161994	37.595303535461426
0.4685840101122386	0.4862540001294173	37.625303506851196
0.4807358927613983	0.4849589772095568	37.665303468704224
0.4783260712614565	0.48981189898676436	37.695303440093994
0.4769643812825175	0.4891600606395088	37.725303649902344
0.47790418180419064	0.486436523953203	37.76530361175537
0.4768117701871114	0.48866923761960684	37.79530358314514
0.47598539276211005	0.4897646281185041	37.82530355453491
0.4772523949272056	0.48600733144193775	37.86530351638794
0.524971527009971	0.4873921828242583	37.89530348777771
0.5261493527143568	0.48919690535864063	37.92530345916748
0.527631097501448	0.4902540481355878	37.96530342102051
0.5267270649301388	0.49021049418712476	37.99530363082886
0.526212259532829	0.4897398110107685	38.02530360221863
0.5455873677977784	0.4879578279836527	38.065303564071655
0.569643979496769	0.49241710412709927	38.095303535461426
0.5673327098563846	0.4963207064973963	38.125303506851196
0.5667360127857309	0.49631602978923367	38.165303468704224
0.5657706993612092	0.49494028226543224	38.195303440093994
0.5662153041039787	0.4948863655280686	38.225303649902344
0.5658633412865516	0.4927435581588489	38.26530361175537
0.5649813543268671	0.4957059724303472	38.29530358314514
0.6146009427808984	0.4831318507170543	38.32530355453491
0.6204622019731434	0.4841434669719193	38.36530351638794
0.6214657759652032	0.4853650965141852	38.39530348777771
0.6215504516420801	0.4855579460113907	38.42530345916748
0.6207125405421476	0.48499920604200797	38.46530342102051
0.6213264536104051	0.48600857169382133	38.49530363082886
0.624471181118877	0.48513302973963424	38.52530360221863
0.6623443103942575	0.4787559334756194	38.565303564071655
0.6632616235979234	0.47876968584729596	38.595303535461426
0.6627977878146136	0.47981390631928983	38.625303506851196
0.6613605918247704	0.48274359645330306	38.665303468704224
0.6603996296195298	0.4838903791968758	38.695303440093994
0.6598020455927187	0.4836937165319246	38.725303649902344
0.6597371239286314	0.484008203095986	38.76530361175537
0.6612198420781307	0.4847296692080451	38.79530358314514
0.6853599302973261	0.41495735213629836	38.82530355453491
0.7342691672608865	0.34091247918669015	38.99530363082886
0.7588458587454566	0.3088271197213467	39.02530360221863
0.7267638219379412	0.4703354008775541	39.095303535461426
0.7247813797653326	0.4673404781456604	39.125303506851196
0.7236139295878502	0.4735099400458258	39.165303468704224
0.7223722248172413	0.47744159106565554	39.195303440093994
0.7269004989237252	0.47669791538968875	39.225303649902344
0.7342418419232054	0.49004752368416765	39.26530361175537
0.7336419473624772	0.49231343818107115	39.29530358314514
0.36380190698757475	0.4044774522694721	39.36530351638794
0.35676876997984974	0.411222669259939	39.39530348777771
0.3507823172928643	0.41821345276002714	39.42530345916748
0.3478017967589899	0.4267457152073904	39.46530342102051
0.34580918882556616	0.43332878704929556	39.49530363082886
0.34773327207298965	0.43374431804186114	39.52530360221863
0.3737094851894498	0.43353544665441773	39.565303564071655
0.37195402091050583	0.4330575089563438	39.595303535461426
0.37125593486578834	0.435863961028522	39.625303506851196
0.36870965047736837	0.4380882319374659	39.665303468704224
0.36864261029610595	0.43813267557388896	39.695303440093994
0.368342462984027	0.43836835203608787	39.725303649902344
0.36137173408230316	0.43663072446425594	39.76530361175537
0.3562620172444183	0.4349879396969934	39.79530358314514
0.35653719423406044	0.4353174684100604	39.82530355453491
0.3556282368096619	0.43590212002442014	39.86530351638794
0.35705874683432504	0.4388781395182168	39.89530348777771
0.36750569892932256	0.44203136326593934	39.92530345916748
0.3991035292147087	0.43240145656963214	40.125303506851196
0.39473398197865694	0.44067631496142273	40.165303468704224
0.38917931188203486	0.44520417671647733	40.195303440093994
0.38543581511590275	0.44823540046293875	40.225303649902344
0.38207853674535963	0.45185203870712387	40.26530361175537
0.3797522215292077	0.4534238782729034	40.29530358314514
0.37908673214746086	0.4503973504884559	40.32530355453491
0.37989085858157057	0.4484606143816309	40.36530351638794
0.3808890216585976	0.44652514670528737	40.39530348777771
0.38045740424957913	0.44281720766611843	40.42530345916748
0.3813234530541318	0.4423437009526286	40.46530342102051
0.38630214732136003	0.44167956975777667	40.49530363082886
0.4391588175193002	0.43341709508172505	40.52530360221863
0.43733275260175053	0.4346493203975373	40.565303564071655
0.43645435473566646	0.4356967831945652	40.595303535461426
0.43498018608386174	0.4392728470658335	40.625303506851196
0.43523107828370106	0.4368155987884999	40.665303468704224
0.4346161451895544	0.4382141976872266	40.695303440093994
0.4343270049117929	0.43729959046544425	40.725303649902344
0.46272051252323526	0.4328748024962969	40.76530361175537
0.46324987409354823	0.43589692687820225	40.79530358314514
0.46507402733916414	0.43359825182716266	40.82530355453491
0.4664226704311018	0.4338541602636051	40.86530351638794
0.511937781448728	0.4259380713241458	40.89530348777771
0.5342001941266232	0.42745548352812396	40.92530345916748
0.5321559733327041	0.42802329608145584	40.96530342102051
0.5306030760134028	0.42766472997862787	40.99530363082886
0.5286969254015152	0.4278397280566237	41.02530360221863
0.5273891753673615	0.4297382028260076	41.065303564071655
0.526421285613581	0.4327558256039832	41.095303535461426
0.5270883179608589	0.4288024577014731	41.125303506851196
0.5272553208120737	0.42670813849081357	41.165303468704224
0.5267702438542607	0.42617415757943916	41.195303440093994
0.5260310301336083	0.4294119777191297	41.225303649902344
0.5267902210154712	0.4259970212658853	41.26530361175537
0.5477080175324227	0.4206285389413347	41.29530358314514
0.5713836822508391	0.42889505065563915	41.32530355453491
0.5682982257411034	0.4282028584504887	41.36530351638794
0.5678202380946541	0.432168012643342	41.39530348777771
0.5679711566981148	0.430737657058857	41.42530345916748
0.5666142653290923	0.42906119476774895	41.46530342102051
0.5667488843546958	0.42754901545464097	41.49530363082886
0.5666918110859266	0.4299280338850885	41.52530360221863
0.5722387581877979	0.42978518404146143	41.565303564071655
0.6139507680531683	0.4006419750826458	41.725303649902344
0.6120138903790294	0.4369642990458276	41.76530361175537
0.6070907687758341	0.43788341940312886	41.79530358314514
0.6018434310594779	0.4383090377892496	41.82530355453491
0.59965547898863	0.4400682754516213	41.86530351638794
0.625335759267692	0.4426651152405899	41.89530348777771
0.6272951843290959	0.44265700008883435	41.92530345916748
0.628319206244359	0.442111190283011	41.96530342102051
0.6277152078071677	0.44467164866132614	41.99530363082886
0.6287999533177899	0.44486483921250064	42.02530360221863
0.6285525076271642	0.4448516296543193	42.065303564071655
0.6282647161213032	0.4448839656817239	42.095303535461426
0.6514401447925221	0.44285936681388655	42.125303506851196
0.6746409640615482	0.4413889028236701	42.165303468704224
0.6733224376274074	0.4423101821439651	42.195303440093994
0.6718704619974556	0.44495363891690015	42.225303649902344
0.672317487921463	0.44471316877791733	42.26530361175537
0.6722751213066402	0.44511592933346633	42.29530358314514
0.6726892803612553	0.4442185492241694	42.32530355453491
0.6679346719249811	0.44515642502436015	42.36530351638794
0.6641999735403805	0.4463208660122988	42.39530348777771
0.6639387567630258	0.44862247913644054	42.42530345916748
0.6654566044677204	0.4477398781756158	42.46530342102051
0.6645275258155705	0.44622194585867847	42.49530363082886
0.6646322200123916	0.44527911280673105	42.52530360221863
0.6652949504028982	0.44664172868712365	42.565303564071655
0.677399286136235	0.441648149222975	42.595303535461426
0.7074263616169972	0.4404715885808857	42.625303506851196
0.706518223340865	0.441468330138975	42.665303468704224
0.7060831196019287	0.4429919460641049	42.695303440093994
0.7058105883073656	0.4438613579758712	42.725303649902344
0.7051825500541863	0.44273067266165306	42.76530361175537
0.7051350588206436	0.4413920376604955	42.79530358314514
0.7065390013620476	0.4398190945876614	42.82530355453491
0.7071430895419217	0.43837162817330916	42.86530351638794
0.7327092996692177	0.43952057346944057	42.89530348777771
0.7343487816203697	0.4398718175125571	42.92530345916748
0.7368939773625158	0.4396221344670236	42.96530342102051
0.7385875837714607	0.44033762145898037	42.99530363082886
0.7395436681467891	0.439584157983478	43.02530360221863
0.7390605360978584	0.4401182374181768	43.065303564071655
0.7243536804504421	0.4359004912241927	43.095303535461426
0.3674445826076922	0.3453684579637974	43.165303468704224
0.36418065047101655	0.35098568613762804	43.195303440093994
0.36178873075184637	0.35542912909904395	43.225303649902344
0.3618272915258499	0.35746118353816914	43.26530361175537
0.3608851369940495	0.35819200286904385	43.29530358314514
0.3608309178005405	0.3608210543421078	43.32530355453491
0.3590338134032868	0.3633981012979082	43.36530351638794
0.3575356904646116	0.3657144089079473	43.39530348777771
0.35698651169745055	0.36969783154900415	43.42530345916748
0.3598058816602262	0.3776778733010715	43.46530342102051
0.4327119552921258	0.7612291861115783	43.565303564071655
0.40690766157018804	0.9452275547074181	43.595303535461426
0.397565568011491	0.9424769920307503	43.625303506851196
0.3908945325457099	0.9481826389500381	43.665303468704224
0.38540666135962864	0.9471964036407116	43.695303440093994
0.3791916457484844	0.941081070346707	43.725303649902344
0.3767498499100754	0.9418964793155504	43.76530361175537
