COORDENADA X	 COORDENADA Y	 TEMPO
0.07923306045398804	0.9859988489747928	0.011581897735595703
0.07454187496397713	0.9850844904231914	0.05158185958862305
0.07059925304363109	0.9845429744412558	0.08158183097839355
0.07116423881871241	0.9828039418126647	0.11158180236816406
0.06945088210725886	0.9830034457486712	0.1515817642211914
0.06946133189124948	0.9834512854973928	0.18158173561096191
0.07014766286909338	0.9838765582715261	0.21158170700073242
0.06973653420079534	0.985329854912976	0.25158166885375977
0.06905262075303477	0.9855242797618621	0.2815818786621094
0.0716325785227449	0.9886724765912389	0.3115818500518799
0.22512433544144514	1.021353981653364	0.38158178329467773
0.22277601428226804	1.022399997581833	0.41158175468444824
0.21961802820702087	1.020983638954923	0.4515817165374756
0.1908548015941744	1.0292408193056182	0.4815816879272461
0.015325361568061325	1.0531156660778085	0.5115818977355957
0.008933611592886189	1.0517017987934805	0.551581859588623
0.003670669240987465	1.0517567949906121	0.5815818309783936
0.003468073535041174	1.0511577443738074	0.6115818023681641
0.007279986931807941	1.0489418873449508	0.6515817642211914
0.03379046039039673	1.0471264012327712	0.6815817356109619
0.03483280929473145	1.047190209414158	0.7115817070007324
0.03820988390387091	1.0475200594236591	0.7515816688537598
0.03509464158376029	1.0467763591935781	0.7815818786621094
0.16339942446985586	1.1171058127014575	0.8115818500518799
0.18427107652163247	1.130736261442728	0.8515818119049072
0.18034536251455976	1.132252279233342	0.8815817832946777
0.178669933895263	1.1339045613878458	0.9115817546844482
0.18014600601837605	1.1347247144969477	0.9515817165374756
0.30419438440381885	1.1911671406920654	0.9815816879272461
0.30400794724201124	1.192393458925812	1.0115818977355957
0.30513765221952804	1.1953773544296105	1.051581859588623
0.3040410229260656	1.1948604772822553	1.0815818309783936
0.30846579070237606	1.1960975772027698	1.111581802368164
0.3800563326040609	1.2352697493084783	1.1515817642211914
0.3802930319219493	1.2352987726081823	1.181581735610962
0.3797225042071624	1.2367022642328285	1.2115817070007324
0.41710997895396856	1.2212679219609848	1.2515816688537598
0.19647428829444338	1.0534133443283882	1.3815817832946777
0.1781214974216391	1.0530676969512056	1.4115817546844482
0.16545826153301968	1.0467205158560002	1.4515817165374756
0.1640442718951847	1.043415738110039	1.481581687927246
0.15889631442199045	1.0404943527844364	1.5115818977355957
0.1523232871420831	1.0386276868505295	1.551581859588623
0.1469296975513959	1.0382135156489554	1.5815818309783936
0.14714267386175472	1.0374208460884544	1.611581802368164
0.2857963985097647	1.0153578384120059	1.681581735610962
0.28386227823533045	1.0161409685650284	1.7115817070007324
0.2801277121616648	1.015408049855527	1.7515816688537598
0.27936332127454594	1.0140286449119995	1.7815818786621094
0.27821106914114413	1.013922576855771	1.8115818500518799
0.27667741473477964	1.0129117176739821	1.8515818119049072
0.24953801550912993	0.9638367201575571	1.8815817832946777
0.24781308957215661	0.9614497673804144	1.9115817546844482
0.24531645361717203	0.9614707048908687	1.9515817165374756
0.24401958423350234	0.9618414377553182	1.981581687927246
0.2400361048119881	0.9696355354199038	2.0115818977355957
0.20561674933449936	1.0392810015735272	2.051581859588623
0.20395386257780837	1.039196968545055	2.0815818309783936
0.20293546528232598	1.0392357346460057	2.111581802368164
0.22291788046240638	1.0918871326003934	2.181581735610962
0.22134349704824827	1.0938414029139827	2.2115817070007324
0.22108578586226932	1.0946863538778835	2.2515816688537598
0.2204192830918313	1.0956430330867668	2.2815818786621094
0.2194676552248254	1.0946363845466236	2.31158185005188
0.21869715848648896	1.0939524764980113	2.3515818119049072
0.21749228903988757	1.0948515814142217	2.3815817832946777
0.22381080204691772	1.0987076151724706	2.4115817546844482
0.2252854644149471	1.0979497842848296	2.4515817165374756
0.22596646081314703	1.0983923347709204	2.481581687927246
0.2262846604128987	1.0999119857567878	2.5115818977355957
0.2246895721430198	1.1001118012622202	2.551581859588623
0.22431857062713145	1.1011210080725733	2.5815818309783936
0.2229364223538364	1.1015025172158346	2.611581802368164
0.22186063839200715	1.1006393645698407	2.6515817642211914
0.2551927041082023	1.0885910639279703	2.681581735610962
0.25961227048977326	1.0871226765784996	2.7115817070007324
0.25926688103635187	1.0876492577266303	2.7515816688537598
0.2571429800223907	1.0882324800421184	2.7815818786621094
0.2562034455035958	1.0887554087183613	2.81158185005188
0.256948893165879	1.0891935078463115	2.8515818119049072
0.2551695096686611	1.0892713552456028	2.8815817832946777
0.2550124804488908	1.089367673601072	2.9115817546844482
0.25570990156505985	1.0900653425959632	2.9515817165374756
0.25521795678176584	1.0904143861635824	2.981581687927246
0.255313275010341	1.091289282320092	3.0115818977355957
0.254894280080821	1.090616644290141	3.051581859588623
0.2554129603945266	1.090879867289073	3.0815818309783936
0.22490695098071314	1.085765305517541	3.111581802368164
0.196655818917649	1.0819797807077758	3.1515817642211914
0.1964466904881241	1.0817847316304565	3.181581735610962
0.19296346823242616	1.0832626289771714	3.2115817070007324
0.19004090321568207	1.081914131767483	3.2515816688537598
0.18893730471543677	1.0821798788440535	3.2815818786621094
0.18656319341440125	1.0821512754172053	3.31158185005188
0.18451758820624564	1.0828071017105998	3.3515818119049072
0.18282794723777365	1.0822054065696556	3.3815817832946777
0.16095654167524198	1.0833311690274359	3.4115817546844482
0.1598896710413653	1.0823613660134395	3.4515817165374756
0.15554298958609503	1.0824438548381488	3.481581687927246
0.1549076555539929	1.0834465772970598	3.5115818977355957
0.15478325892105088	1.0838902092854794	3.551581859588623
0.15438370802274243	1.0837587670972744	3.5815818309783936
0.15469319883469942	1.0836992117687334	3.611581802368164
0.1537595018926046	1.0836276909454594	3.6515817642211914
0.15333513242979324	1.0838428572844767	3.681581735610962
0.15170320167786028	1.0844819255992	3.7115817070007324
0.15496507549221775	1.0855420364469885	3.7515816688537598
0.16274590707864042	1.0879009309352152	3.7815818786621094
0.16372375999915365	1.0908310511913495	3.81158185005188
0.16436415131479973	1.0914446343931354	3.8515818119049072
0.16557180387774417	1.0913110954324716	3.8815817832946777
0.16426992872999593	1.091579631239612	3.9115817546844482
0.16360801807404685	1.0908607566049848	3.9515817165374756
0.17936000543655745	1.0974068933687229	3.981581687927246
0.1911625450102549	1.0983651448022371	4.011581897735596
0.19103424626404675	1.09795785337048	4.051581859588623
0.18696146199610586	1.098745605604725	4.0815818309783936
0.18498961163084177	1.0994304524040486	4.111581802368164
0.18425124291835268	1.0986298888824535	4.151581764221191
0.18263272749570414	1.1000607473772774	4.181581735610962
0.18261864796461164	1.098449273271902	4.211581707000732
0.18119807208495015	1.1004003809648766	4.25158166885376
0.17710032105548304	1.09835598844094	4.281581878662109
0.14196813773391972	1.07266759112006	4.31158185005188
0.13838450777140265	1.0717638834635992	4.351581811904907
0.13532876260699708	1.0709272941690722	4.381581783294678
0.13746264604699915	1.0710859938729251	4.411581754684448
0.13654752567212505	1.0712752816542086	4.451581716537476
0.13388312815584746	1.0707981581231119	4.481581687927246
0.13370634280952248	1.0707697192760812	4.511581897735596
0.13480341458993844	1.0691048797609344	4.551581859588623
0.13278458924592257	1.0689590820058	4.5815818309783936
0.13230212543931816	1.0700129299565064	4.611581802368164
0.13253453256433811	1.068986339421179	4.651581764221191
0.11700176699814198	1.052712755435075	4.681581735610962
0.1156231602061974	1.0519893734543346	4.711581707000732
0.11308960081785913	1.0515401299057983	4.75158166885376
0.11465610878247261	1.0494436779359455	4.781581878662109
0.11400489082720917	1.0508245328964902	4.81158185005188
0.1120327788010502	1.0527192624534734	4.851581811904907
0.11001544178226015	1.052014218560355	4.881581783294678
0.11074227195734514	1.0521994368615053	4.911581754684448
0.11042427379182568	1.0510606931397908	4.951581716537476
0.10979476900335376	1.0503874577623928	4.981581687927246
0.10883784715274729	1.0499912192513972	5.011581897735596
0.10789990458218074	1.049747587543669	5.051581859588623
0.10719697607371596	1.0494389731958422	5.0815818309783936
0.10762983095109387	1.049657572280099	5.111581802368164
0.10870552510256708	1.0490542231224516	5.151581764221191
0.10930464751093949	1.0488962148010554	5.181581735610962
0.11122612189231698	1.0242714302244456	5.211581707000732
0.11116929850090679	1.0230014002944654	5.25158166885376
0.10972422171310403	1.021437199668331	5.281581878662109
0.11001909303035007	1.0209935796890641	5.31158185005188
0.11003446922128073	1.0196298656043847	5.351581811904907
0.1096249951960947	1.0071631299532575	5.381581783294678
0.11558003323600935	0.9904302734471285	5.411581754684448
0.11691092266139479	0.9898180985496061	5.451581716537476
0.11446120639693665	0.9908414151542347	5.481581687927246
0.11270758031952001	0.9914283480157984	5.511581897735596
0.11347809328840608	0.9911483423388856	5.551581859588623
0.11325880276988869	0.9906561050060206	5.5815818309783936
0.1108059862727827	0.991960882652662	5.611581802368164
0.111688883058011	0.9909041281436654	5.651581764221191
0.14064668243641124	0.9628917289546478	5.681581735610962
0.14514712560749413	0.9587341491415723	5.711581707000732
0.14768405740286134	0.954915233218627	5.75158166885376
0.14670712880468145	0.9543899973443372	5.781581878662109
0.1471174282215372	0.9526226131509227	5.81158185005188
0.1489902473995862	0.9519964846700416	5.851581811904907
0.14863886490191516	0.9514952455088581	5.881581783294678
0.1483008843919178	0.9510149715236574	5.911581754684448
0.14805801051166184	0.9495445447516466	5.951581716537476
0.1483113628818561	0.9486271196040007	5.981581687927246
0.14758830695803463	0.9497414288945675	6.011581897735596
0.1474661372500558	0.9500425423521084	6.051581859588623
0.14810677268253053	0.9499868852603564	6.0815818309783936
0.15023099860515504	0.949759401770669	6.111581802368164
0.14949585294970738	0.9499483449928795	6.151581764221191
0.1498359144798397	0.9491800567039931	6.181581735610962
0.1487605607732598	0.9498964334908967	6.211581707000732
0.14915585868435752	0.9496910959598448	6.25158166885376
0.15358281001220206	0.9517183277588568	6.281581878662109
0.1802417257480955	0.9644854772546035	6.31158185005188
0.33458045643923956	0.8053125351288798	6.381581783294678
0.21634572839088154	0.92197141176108	6.411581754684448
0.19929035986176877	0.9310834306405344	6.451581716537476
0.19571912451261003	0.928464849370174	6.481581687927246
0.1916663035185812	0.926942331521692	6.511581897735596
0.1875486619538566	0.9261319435656312	6.551581859588623
0.18568264443050606	0.9255136061438833	6.5815818309783936
0.18322229783218277	0.9252536642423224	6.611581802368164
0.18229837807312693	0.92576135854932	6.651581764221191
0.18106223406239233	0.9251242630632175	6.681581735610962
0.17997278527947574	0.9250301251656095	6.711581707000732
0.18035985746035513	0.9246603829813246	6.75158166885376
0.17941662196816874	0.9256944838989456	6.781581878662109
0.18401791048788024	0.9211915838424231	6.81158185005188
0.20928280220073814	0.8876091696782876	6.851581811904907
0.2087935067597367	0.8876297351385286	6.881581783294678
0.20936186215817168	0.8877899179269866	6.911581754684448
0.20883289865275587	0.8886474706842648	6.951581716537476
0.20998977987304396	0.8882597263577173	6.981581687927246
0.2088252384031707	0.8884216545663725	7.011581897735596
0.20837698147107087	0.8883983055494078	7.051581859588623
0.20881607631250285	0.8881202705044624	7.0815818309783936
0.2079182957058258	0.8893552764352963	7.111581802368164
0.20785453004503013	0.8897798790106569	7.151581764221191
0.20892756788588152	0.8908168961677263	7.181581735610962
0.20883973830688304	0.8906929412966138	7.211581707000732
0.20891070639309256	0.8902924963968114	7.25158166885376
0.2449819238254438	0.8632755800989622	7.281581878662109
0.25788368546718177	0.8539614514210441	7.31158185005188
0.2560129679334334	0.8546658389790309	7.351581811904907
0.2542409532486294	0.8531861003076949	7.381581783294678
0.2535429802374566	0.8521498875626061	7.411581754684448
0.2530799414033978	0.8521973721132146	7.451581716537476
0.25306977822374754	0.8506828778667239	7.481581687927246
0.2522856402451382	0.851054068093004	7.511581897735596
0.2519388495827673	0.8500491532986746	7.551581859588623
0.25200955011293963	0.8498671720234517	7.5815818309783936
0.2518233053219989	0.8497426267491398	7.611581802368164
0.25152983999541273	0.849723365289062	7.651581764221191
0.25273309151318346	0.8489150715654873	7.681581735610962
0.253340956088367	0.8485866156538132	7.711581707000732
0.2543355319200507	0.8480809233497336	7.75158166885376
0.2784580191537749	0.8219112719117107	7.781581878662109
0.28069329583568103	0.8180602058409825	7.81158185005188
0.28045036972514287	0.8174372365776766	7.851581811904907
0.2805181933480523	0.8172822560277371	7.881581783294678
0.28035816466438496	0.8174471309410282	7.911581754684448
0.27954188154575976	0.8179506799137677	7.951581716537476
0.28114657205708854	0.8172310279771575	7.981581687927246
0.2854726031915573	0.8155141096164894	8.011581897735596
0.33169044410268694	0.7918196497333295	8.051581859588623
0.33179427322639976	0.7927137903827869	8.081581830978394
0.3310346972924137	0.7930773359529293	8.111581802368164
0.3314382694582537	0.793808543336512	8.151581764221191
0.3320900715111551	0.7925420167481604	8.181581735610962
0.3307489550391996	0.7916225512624782	8.211581707000732
0.331085097028307	0.7915258734975155	8.25158166885376
0.33041264296938183	0.7929427446713502	8.28158187866211
0.32907007232820124	0.7924599120845267	8.31158185005188
0.32906131373696207	0.7926429141965271	8.351581811904907
0.3278586301693754	0.7930248953308405	8.381581783294678
0.3279214261252915	0.7938127126887647	8.411581754684448
0.34943519774848864	0.7897904174886005	8.451581716537476
0.35017103863553656	0.7901641963142343	8.481581687927246
0.3489401985756581	0.7905793345554281	8.511581897735596
0.34853462155225895	0.7924461632091585	8.551581859588623
0.3483802780849825	0.7930673943792244	8.581581830978394
0.34763178755348323	0.7930124754156517	8.611581802368164
0.37178122972870814	0.7818725917180029	8.651581764221191
0.38592162597982266	0.7782782166355509	8.681581735610962
0.38716656039094804	0.7770760702461421	8.711581707000732
0.3856179216277042	0.7784514723558457	8.75158166885376
0.3858805970540859	0.7786796677022882	8.78158187866211
0.38552342114286314	0.7798189145688309	8.81158185005188
0.3862637093376921	0.779301550703489	8.851581811904907
0.38522081771380406	0.7802129720131931	8.881581783294678
0.38383301699384254	0.7807830532841002	8.911581754684448
0.3851420262030114	0.7795562273241121	8.951581716537476
0.38404403819170796	0.7803310808701553	8.981581687927246
0.38345646086398133	0.7796465410501053	9.011581897735596
0.38322630084958975	0.7791161244482784	9.051581859588623
0.3823370947785883	0.7796235932301956	9.081581830978394
0.4026350323353003	0.7787111170231003	9.111581802368164
0.4066736484702317	0.7773736821192698	9.151581764221191
0.40764341321630987	0.7772527845500269	9.181581735610962
0.40620350116872994	0.7795333883447746	9.211581707000732
0.407184069433412	0.7765787096950549	9.25158166885376
0.4065949256650663	0.7772607329694942	9.28158187866211
0.4053653312956159	0.7794054352453293	9.31158185005188
0.40591007622448455	0.778031656405952	9.351581811904907
0.40334592652763296	0.7801741500987508	9.381581783294678
0.40890896426868173	0.7786544294174267	9.411581754684448
0.43094767520357885	0.7787204596270787	9.451581716537476
0.4303680021023201	0.7787114219780691	9.481581687927246
0.4282663048819348	0.7806321954916932	9.511581897735596
0.4283018832388895	0.7821778466454786	9.551581859588623
0.42862746063857626	0.7815014596777923	9.581581830978394
0.42794636275665177	0.7845015123104238	9.611581802368164
0.42774866819385254	0.78482813432969	9.651581764221191
0.41335144634926607	0.8262584215545024	9.681581735610962
0.40096650083005286	0.8473236430611821	9.711581707000732
0.40041323367959625	0.8482101365347737	9.75158166885376
0.3995540050766928	0.8495834202319994	9.78158187866211
0.39841320768680577	0.850422046332587	9.81158185005188
0.39765990618677904	0.8518671108539397	9.851581811904907
0.396971806332672	0.8520747659706606	9.881581783294678
0.3972028018742742	0.8518496581008161	9.911581754684448
0.3965642296189708	0.8514330080925434	9.951581716537476
0.3953617562592313	0.85169923788469	9.981581687927246
0.3965553637196867	0.8499378310640288	10.011581897735596
0.3953049608281352	0.8509064514792268	10.051581859588623
0.3946513304467213	0.8503374966740114	10.081581830978394
0.3940100739791769	0.8498021860879783	10.111581802368164
0.3934554218780163	0.8508562144217982	10.151581764221191
0.3775787532870668	0.8545310188438737	10.181581735610962
0.3769134747714272	0.8545624218076411	10.211581707000732
0.3746145053587384	0.8557681413883234	10.25158166885376
0.3746847460835028	0.8562763019098609	10.28158187866211
0.3744116208461738	0.8566484059640942	10.31158185005188
0.37312541562580714	0.8588723079024865	10.351581811904907
0.3737696294621125	0.8616412575922068	10.381581783294678
0.37299415087330234	0.8699465274256967	10.411581754684448
0.3733421450495139	0.8722196313816918	10.451581716537476
0.37327965973897753	0.8740003296825167	10.481581687927246
0.37344429219888914	0.8748845328422541	10.511581897735596
0.37301988967068606	0.8754063199103307	10.551581859588623
0.3723701665880121	0.8768433840379436	10.581581830978394
0.3731976435330926	0.8770363706390479	10.611581802368164
0.37001738273993684	0.8754985621194926	10.651581764221191
0.3445236156954514	0.8599989900102205	10.681581735610962
0.34265375173169754	0.8592050243774314	10.711581707000732
0.34002304201188327	0.8596690155492129	10.75158166885376
0.3389342013219151	0.8606172855132849	10.78158187866211
0.33866631668193636	0.8597524623005525	10.81158185005188
0.33748636986307146	0.8611062720620343	10.851581811904907
0.33684671774806174	0.8618151348688249	10.881581783294678
0.3357320109197216	0.8618245834645474	10.911581754684448
0.33438195990192704	0.8630710877561792	10.951581716537476
0.2910924674756421	0.8903478390860933	10.981581687927246
0.28725017481460324	0.8921225483574373	11.011581897735596
0.2833652274950418	0.8944042895203429	11.051581859588623
0.2817296560518152	0.89555135618752	11.081581830978394
0.2791795714108306	0.8965919678260752	11.111581802368164
0.28041192925221625	0.8965817539939618	11.151581764221191
0.28041545325872863	0.8962199350305099	11.181581735610962
0.2806174795207375	0.8965538733906104	11.211581707000732
0.2801183297750141	0.8965098636047676	11.25158166885376
0.2727718205024202	0.9052827717830891	11.28158187866211
0.24765956834130434	0.9347748585040933	11.31158185005188
0.2489154763024908	0.9347319533767899	11.351581811904907
0.24774973580726295	0.9361663020306393	11.381581783294678
0.24697939283447007	0.9375477551079485	11.411581754684448
0.24650834091509163	0.9391064709387413	11.451581716537476
0.24629822384880737	0.9390694191273578	11.481581687927246
0.24583822212811077	0.9389650988853331	11.511581897735596
0.24530131711092215	0.9388838872484829	11.551581859588623
0.24352297923726504	0.9399121070003009	11.581581830978394
0.24408740220839645	0.9394796718221884	11.611581802368164
0.24317457546087523	0.940891252114923	11.651581764221191
0.24338305936527416	0.9410684721773975	11.681581735610962
0.24252694995920718	0.9419704463325558	11.711581707000732
0.2316733835431754	0.9693412939769992	11.75158166885376
0.22823863744717054	0.9844036003846596	11.78158187866211
0.22717992717633356	0.9850400431479126	11.81158185005188
0.22647553776478072	0.9867395679110783	11.851581811904907
0.2260471559173469	0.9871628961531127	11.881581783294678
0.22618885955899906	0.9870833105070984	11.911581754684448
0.22504424257783112	0.9859634336218298	11.951581716537476
0.22566216283368212	0.9851076023341653	11.981581687927246
0.2253217020615265	0.9856247263357251	12.011581897735596
0.22447721245427532	0.9855452330572418	12.051581859588623
0.22428273314312364	0.9856313819416838	12.081581830978394
0.22563966008356273	0.9858994063494593	12.111581802368164
0.2177314043953365	0.988287910105252	12.151581764221191
0.21270229626237844	0.9898991692756708	12.181581735610962
0.20889750759192355	0.9919860451747694	12.211581707000732
0.2086243095697942	0.9919371061243718	12.25158166885376
0.209470160286141	0.9917354092621091	12.28158187866211
0.20870601779631895	0.9919535060067386	12.31158185005188
0.20905818402194085	0.9915813908054697	12.351581811904907
0.20809897911485215	0.9924351305279813	12.381581783294678
0.2068359384819578	0.9921882706301751	12.411581754684448
0.20653237476201486	0.9923831333692776	12.451581716537476
0.20606651397214987	0.9914615913994119	12.481581687927246
0.2047159194451901	0.9899474712876415	12.511581897735596
0.21018423510266757	0.9902905474557833	12.551581859588623
0.21313989227552138	0.9900037159675372	12.581581830978394
0.21279625865614357	0.9906108790953376	12.611581802368164
0.2133963515956641	0.9906731965456123	12.651581764221191
0.21371949731175516	0.9906245197944933	12.681581735610962
0.21229021396075964	0.9912559455578589	12.711581707000732
0.212750095537219	0.9921361361556278	12.75158166885376
0.21315601101838139	0.9926319154177539	12.78158187866211
0.2067305762828105	0.999076109532018	12.81158185005188
0.18947916772791795	1.0214483375836452	12.851581811904907
0.19112760992996078	1.019984463620195	12.881581783294678
0.18968505939068708	1.0205804476005622	12.911581754684448
0.18786052302222572	1.021075197718276	12.951581716537476
0.18657378579004766	1.0222035558479436	12.981581687927246
0.1884151583417854	1.0218779128307924	13.011581897735596
0.1931158962756671	1.0234829957802334	13.051581859588623
0.23853994216997657	1.0429669084248696	13.081581830978394
0.23876787616807715	1.0444515535606518	13.111581802368164
0.23617430504784712	1.0451766332153591	13.151581764221191
0.2356745011411659	1.0457375331155396	13.181581735610962
0.23543784339495516	1.0458665420745028	13.211581707000732
0.2343261955650067	1.0463714371833333	13.25158166885376
0.23352541094601287	1.0465742216205418	13.28158187866211
0.233424261101523	1.046382025084838	13.31158185005188
0.23243971175840847	1.0467857937140466	13.351581811904907
0.23261769421559997	1.0452443705322596	13.381581783294678
0.2305982525036278	1.0463265973671267	13.411581754684448
0.23097283342460076	1.0465013547858208	13.451581716537476
0.23057392604047666	1.0463570127451107	13.481581687927246
0.23673333104018926	1.0477185306111214	13.511581897735596
0.2455793670849915	1.0484654990060895	13.551581859588623
0.24812897984723006	1.0518378812978437	13.581581830978394
0.24783170085300602	1.0552427050839501	13.611581802368164
0.24791709951683638	1.0550790518315603	13.651581764221191
0.24448291431461494	1.0556733368883842	13.681581735610962
0.24266917154276843	1.05567388432685	13.711581707000732
0.243540191096182	1.0554483890057584	13.75158166885376
0.24082026449450145	1.057327103783297	13.78158187866211
0.21756909071084066	1.06787101794956	13.81158185005188
0.21602885004597044	1.0680172350116184	13.851581811904907
0.2156373731369992	1.0684189875888264	13.881581783294678
0.2171302708682805	1.0674614719525988	13.911581754684448
0.21684086687134216	1.068269360903122	13.951581716537476
0.2170708278832383	1.0672845478736088	13.981581687927246
0.21639785140488366	1.0665017417964868	14.011581897735596
0.2187101319253569	1.0682650353905854	14.051581859588623
0.26359544469682533	1.0839178699847414	14.081581830978394
0.26237104788855853	1.0824287798131869	14.111581802368164
0.2603299084311222	1.0833391639699155	14.151581764221191
0.2596568404935402	1.0836630939474823	14.181581735610962
0.2578262076163683	1.0829600675254163	14.211581707000732
0.256714008909084	1.083770990830131	14.25158166885376
0.2574452483493011	1.0834038249424525	14.28158187866211
0.25644474032515185	1.0829028726199206	14.31158185005188
0.2564226165983748	1.0585671724088597	14.351581811904907
0.25443975357297893	1.0584527204851293	14.381581783294678
0.2522578360648711	1.0576033621789511	14.411581754684448
0.2523256650740634	1.0571381498727983	14.451581716537476
0.25258843455362556	1.0553151373798302	14.481581687927246
0.251192962434768	1.0556281750513898	14.511581897735596
0.25069617798159166	1.056129044072562	14.551581859588623
0.25074145586438373	1.055641538912531	14.581581830978394
0.2518419545468152	1.053848211419709	14.611581802368164
0.2525622731853092	1.0538329224624126	14.651581764221191
0.24729990905913773	1.0476196133036624	14.681581735610962
0.24059513993996806	1.0351810670813495	14.711581707000732
0.2414376658531114	1.0346144799477925	14.75158166885376
0.24078610554962085	1.0348394631629354	14.78158187866211
0.23943130430107068	1.0353436460935346	14.81158185005188
0.24029195058279362	1.036249672246614	14.851581811904907
0.23855521952488457	1.0349747426582288	14.881581783294678
0.23680374361711481	1.0374691229218707	14.911581754684448
0.2352441083744502	1.0364865696092107	14.951581716537476
0.2310534352625624	1.0330913063926408	14.981581687927246
0.2252427085993121	1.0274206326359658	15.011581897735596
0.2228465261988705	1.0255186565861252	15.051581859588623
0.22214891743992582	1.0236013357098281	15.081581830978394
0.21942110576221796	1.0236836411339156	15.111581802368164
0.21961216058583286	1.0239849029181731	15.151581764221191
0.26485910835944826	1.0241021149894063	15.181581735610962
0.28755546281901606	1.0237163012361794	15.211581707000732
0.2870947252706305	1.023110831467553	15.25158166885376
0.2847960179127024	1.0239988646940301	15.28158187866211
0.2847987945481941	1.0250978233272605	15.31158185005188
0.28423380658557773	1.0251743916484217	15.351581811904907
0.28438265770614607	1.025598032611233	15.381581783294678
0.28338451784514934	1.0263966195106768	15.411581754684448
0.28342805157464857	1.025514545496507	15.451581716537476
0.28208471400943114	1.0255891099802088	15.481581687927246
0.2835138751180673	1.0251129005785333	15.511581897735596
0.2831175122428268	1.0248393120154726	15.551581859588623
0.284852015969519	1.024862422055414	15.581581830978394
0.28363615498899475	1.0261712138748638	15.611581802368164
0.28380658028936606	1.024834395012763	15.651581764221191
0.29612457988255764	0.9765007500033802	15.681581735610962
0.2954769032672599	0.9775917773805252	15.711581707000732
0.2931471851171938	0.9756597093934266	15.75158166885376
0.2916522198257393	0.9759380595385745	15.78158187866211
0.2907086815941559	0.9752095132274405	15.81158185005188
0.2884880974284937	0.9758364455309304	15.851581811904907
0.2884567056539725	0.9740558787586838	15.881581783294678
0.2872338233886568	0.9738881214820565	15.911581754684448
0.28497126809660756	0.9760178042047609	15.951581716537476
0.2836462698571529	0.9764395397195604	15.981581687927246
0.2848511976260549	0.9750201242305127	16.011581897735596
0.28688141625924435	0.9703719291365781	16.051581859588623
0.30767711480828686	0.940652776214299	16.081581830978394
0.30747026709115605	0.9420580185142249	16.111581802368164
0.30781129082245384	0.9423962008264057	16.15158176422119
0.3085076049353549	0.9414423443758465	16.181581735610962
0.3092711804962145	0.9418204156813652	16.211581707000732
0.3088780197866888	0.9424203525890268	16.25158166885376
0.30902551728365385	0.9418832593870311	16.28158187866211
0.30820612951682086	0.9414463230037167	16.31158185005188
0.3085171724821449	0.941279380468503	16.351581811904907
0.3087476502926812	0.9410073453541915	16.381581783294678
0.3102671756075243	0.9395969135051778	16.41158175468445
0.3110118314310564	0.940291807215472	16.451581716537476
0.31130837920570625	0.9400222935110168	16.481581687927246
0.31156444568887776	0.9406449282712581	16.511581897735596
0.31247760205366254	0.9398554553203495	16.551581859588623
0.31189002786849884	0.9409961714955547	16.581581830978394
0.3119605339366335	0.9396878539791721	16.611581802368164
0.3106398278835552	0.940068378942263	16.65158176422119
0.30993922281393105	0.9398792635869189	16.681581735610962
0.3092023694044652	0.9400272001331736	16.711581707000732
0.3065786351020629	0.9410788429881176	16.75158166885376
0.30626107767268046	0.9406341737261054	16.78158187866211
0.30505228144983365	0.9413170971324578	16.81158185005188
0.3043123242631083	0.9412578451265264	16.851581811904907
0.31379019042902684	0.934780940055018	16.881581783294678
0.316804886878039	0.930668678441585	16.91158175468445
0.3169984249634983	0.9289560195893581	16.951581716537476
0.31824547096750416	0.928113523185665	16.981581687927246
0.3179644172916836	0.9272805497758554	17.011581897735596
0.3182990471113102	0.926670127750428	17.051581859588623
0.31704281485388086	0.9285497574769503	17.081581830978394
0.31677020900459135	0.9269738398384564	17.111581802368164
0.3165526973954696	0.9248840488550314	17.15158176422119
0.3171882917154747	0.9229285595941872	17.181581735610962
0.31636222736217773	0.9238788969956211	17.211581707000732
0.31756074017759844	0.9234332505251414	17.25158166885376
0.3185359846428689	0.9241149726111717	17.28158187866211
0.3180791766583691	0.9266020007044001	17.31158185005188
0.31946001746424163	0.9275760309268485	17.351581811904907
0.3215336892385986	0.9257131713219643	17.381581783294678
0.32301995086238655	0.9239353756432644	17.41158175468445
0.3656512900487692	0.9036144580232258	17.451581716537476
0.365585849027016	0.9047647065495953	17.481581687927246
0.36400182113055496	0.9049034662536429	17.511581897735596
0.36241081718162893	0.9045719966939391	17.551581859588623
0.36214183297760766	0.9053120494306565	17.581581830978394
0.36219705730150564	0.9050542389349406	17.611581802368164
0.3606294798757862	0.9050622489357351	17.65158176422119
0.35905441694447654	0.9045451313406708	17.681581735610962
0.35858757598495966	0.9041094527314678	17.711581707000732
0.35784416411107595	0.9045555228592571	17.75158166885376
0.35840810725048067	0.9040152608264972	17.78158187866211
0.3581763034764116	0.9038587748140791	17.81158185005188
0.3584489424049042	0.9039600578507797	17.851581811904907
0.35763329822641243	0.9042955542413452	17.881581783294678
0.35822143310266025	0.9040947193315806	17.91158175468445
0.358115809497199	0.9046618184863636	17.951581716537476
0.35854586062481714	0.9034096872683846	17.981581687927246
0.35940857249150804	0.9033566048384932	18.011581897735596
0.3590524562986825	0.906045555254654	18.051581859588623
0.3682922883014376	0.9359626136894352	18.081581830978394
0.36821041355733053	0.9386661267042011	18.111581802368164
0.36786211656600176	0.9380495538707144	18.15158176422119
0.36839877751232286	0.9382116426368162	18.181581735610962
0.3694258307375999	0.9387960404781773	18.211581707000732
0.37143516014297145	0.9393580013946277	18.25158166885376
0.4950640329911216	0.8207386388775739	18.28158187866211
0.3949085755340058	0.9975367795707824	18.41158175468445
0.38967295300402277	0.9910075537315254	18.451581716537476
0.3876858253418859	0.9880895478083414	18.481581687927246
0.38377232102421377	0.9853602707736417	18.521581888198853
0.38167307207572587	0.9830824493563038	18.551581859588623
0.3797953477471724	0.9809616888630607	18.581581830978394
0.3787342868321214	0.9784457683709492	18.611581802368164
0.3785108767803465	0.9771346951949464	18.65158176422119
0.37683129641174046	0.9764941526234908	18.681581735610962
0.3746726689434133	0.981199655970658	18.711581707000732
0.3628248489044942	1.009207886893993	18.75158166885376
0.36169780435299176	1.0075792165930768	18.78158187866211
0.3601862043278684	1.007932343170532	18.81158185005188
0.35872905299237556	1.007472090932492	18.851581811904907
0.357764654589102	1.0075485263115556	18.881581783294678
0.3571991450554053	1.0072071827141056	18.91158175468445
0.35554284861239444	1.007931995886781	18.951581716537476
0.35402160837081503	1.0079909905119784	18.981581687927246
0.35397487385051346	1.0075429672978231	19.011581897735596
0.3522699862018961	1.0089184495589174	19.051581859588623
0.3524713293687859	1.008621072094807	19.081581830978394
0.34684358454871295	1.0149269006855404	19.111581802368164
0.3429294556606009	1.0159955569556895	19.15158176422119
0.3428570725844598	1.0163004267152447	19.181581735610962
0.34147750442001507	1.0184423710802935	19.22158169746399
0.3404593143253829	1.0195422140733634	19.25158166885376
0.34461471065826976	1.017903817297419	19.28158187866211
0.3961661639515593	1.0273585987226452	19.321581840515137
0.3948436557224359	1.0274044361881483	19.351581811904907
0.3926901044411313	1.0287480558527218	19.381581783294678
0.3912136392513447	1.0299783124328403	19.421581745147705
0.38994918344998636	1.0286419275472651	19.451581716537476
0.3907161648382898	1.0281784379837415	19.481581687927246
0.3916383496586276	1.0278618423873591	19.521581888198853
0.39184910790944816	1.0280984363398629	19.551581859588623
0.3928164496143003	1.0282339403369776	19.581581830978394
0.3928028962165255	1.028025276449567	19.62158179283142
0.38778864138270647	1.0307294768030801	19.65158176422119
0.34733035733343853	1.0504195206463212	19.681581735610962
0.34649255703972537	1.050491921523929	19.72158169746399
0.3437862628966849	1.049017832155502	19.75158166885376
0.34296449750425323	1.0505175014624986	19.78158187866211
0.342780236929742	1.0510894802186859	19.821581840515137
0.3017870613456836	1.0561351960946297	19.851581811904907
0.2912940792478791	1.0559482089721717	19.881581783294678
0.2886153319402421	1.0562858405826137	19.921581745147705
0.28557955886677205	1.056860155071744	19.951581716537476
0.2829486360308977	1.0566556243137817	19.981581687927246
0.2803257470928629	1.0559694257790688	20.021581888198853
0.27847316832891034	1.0552316273362592	20.051581859588623
0.27757068288751285	1.0561794687298718	20.081581830978394
0.2775161739474562	1.0554859197539561	20.12158179283142
0.2815796435168962	1.0553661653457027	20.15158176422119
0.35025117729105015	1.0528401349900187	20.181581735610962
0.35056321100965554	1.0536242754866048	20.22158169746399
0.34962947694431007	1.05282231155118	20.25158166885376
0.34938792345062286	1.053260736027698	20.28158187866211
0.39444604448768456	1.0307915455155912	20.321581840515137
0.39880208037048454	1.02448730354793	20.351581811904907
0.3982797570258655	1.024849998909885	20.381581783294678
0.3969859226758334	1.0250007425027132	20.421581745147705
0.3966632292120896	1.024290807755077	20.451581716537476
0.3960116220210398	1.0238542127255852	20.481581687927246
0.3954818493572328	1.022071828284629	20.521581888198853
0.3963757037428651	1.022080003579751	20.551581859588623
0.39566455019618135	1.0226074311030247	20.581581830978394
0.39665187940509017	1.0232509548371853	20.62158179283142
0.39847752850670015	1.0181770124071428	20.65158176422119
0.41089993596524843	0.9699606182521121	20.681581735610962
0.4110947636838353	0.9708797510207043	20.72158169746399
0.41018162244702105	0.969852352335631	20.75158166885376
0.40899064034792737	0.9705565089715493	20.78158187866211
0.4083237669023434	0.9702976440461814	20.821581840515137
0.4069831753716036	0.9684924014538763	20.851581811904907
0.4050557623014129	0.9690676409248816	20.881581783294678
0.40618752963866145	0.9683361007717391	20.921581745147705
0.40429479832635085	0.9681111664158917	20.951581716537476
0.40318826495749255	0.9700646846693414	20.981581687927246
0.40670323301219036	0.9479342793007207	21.021581888198853
0.4144762824313306	0.9104081109330566	21.051581859588623
0.4146624379780418	0.9101524778392404	21.081581830978394
0.41316054049363515	0.910855152201891	21.12158179283142
0.4112624784380777	0.9126287397254675	21.15158176422119
0.4093754309158988	0.9121014055345736	21.181581735610962
0.41010857131232387	0.912130542142948	21.22158169746399
0.40887513673076065	0.911634964173923	21.25158166885376
0.40909242305297305	0.912433191782939	21.28158187866211
0.4084957269660409	0.9108909648079337	21.321581840515137
0.40563138875136995	0.8825675573365114	21.351581811904907
0.4046983013081652	0.883706058349249	21.381581783294678
0.40309394602371834	0.8864799396859787	21.421581745147705
0.4015815669297148	0.8849035754344798	21.451581716537476
0.4023253201328506	0.8842619050841074	21.481581687927246
0.4032334023257744	0.8835862612639492	21.521581888198853
0.403171258035992	0.8824119523210323	21.551581859588623
0.40340340916614137	0.8822936590835088	21.581581830978394
0.4025967685773772	0.8829061240216941	21.62158179283142
0.40252763542299747	0.8833963860050379	21.65158176422119
0.40137265266705274	0.8845330824709638	21.681581735610962
0.40024287120167384	0.8851567437010437	21.72158169746399
0.3994538100040953	0.8846755955353546	21.75158166885376
0.4004917562753319	0.8616121451123189	21.78158187866211
0.401738049903118	0.86102049556882	21.821581840515137
0.39991307332125553	0.8609402751382027	21.851581811904907
0.39837783135704086	0.8607104517893519	21.881581783294678
0.3977609182184663	0.8602667192817289	21.921581745147705
0.39828914361271617	0.8608423829166022	21.951581716537476
0.39802639996704064	0.8614202478532234	21.981581687927246
0.398178116446476	0.8610564903691088	22.021581888198853
0.3969382677213853	0.8629431323077837	22.051581859588623
0.39778755208485994	0.8621505956951687	22.081581830978394
0.397391174282577	0.8633181813106816	22.12158179283142
0.39735826779325123	0.8643313973179851	22.15158176422119
0.3978175865510924	0.8640557673013515	22.181581735610962
0.4295552996410232	0.8665879344013571	22.22158169746399
0.43098611703523393	0.8662518538269864	22.25158166885376
0.43213490730718884	0.8684655700004809	22.28158187866211
0.4332077531847617	0.8666342468302585	22.321581840515137
0.4321343925169204	0.8680788569367407	22.351581811904907
0.43127114341531947	0.8661771061577405	22.381581783294678
0.41884183907327993	0.8295407975200787	22.421581745147705
0.4159749202280387	0.8275664087228988	22.451581716537476
0.41443515086019966	0.8270901745789417	22.481581687927246
0.41369499504618756	0.8276854843830861	22.521581888198853
0.4121659990017115	0.8267100153510387	22.551581859588623
0.41215354790240816	0.8259789901013131	22.581581830978394
0.4111990370792762	0.8271387400281449	22.62158179283142
0.4118896220903148	0.8273336973074654	22.65158176422119
0.4106447724533091	0.8283557511965086	22.681581735610962
0.4117097008598455	0.8267545909791159	22.72158169746399
0.411937822937101	0.8282294274305104	22.75158166885376
0.4443041777533196	0.8274843183479373	22.78158187866211
0.44394476895966056	0.82812546740623	22.821581840515137
0.4492339228509213	0.830237725119643	22.851581811904907
0.4837870458956777	0.7982135065028954	23.021581888198853
0.46419074366172364	0.8406099711258702	23.051581859588623
0.4620105333825815	0.8335341452336832	23.081581830978394
0.45723467989205907	0.830988314544998	23.12158179283142
0.45537429068184304	0.8271691067721515	23.15158176422119
0.4544258307944956	0.8238215807280606	23.181581735610962
0.4529266395178019	0.8220826539879021	23.22158169746399
0.4535066797748911	0.8213348175327492	23.25158166885376
0.4481899963473512	0.8673384848795883	23.28158187866211
0.4466616479224743	0.8693632691981489	23.321581840515137
0.4449490851920975	0.8689447979622245	23.351581811904907
0.44452400355781874	0.868388237135077	23.381581783294678
0.4432287232426246	0.8692734123900248	23.421581745147705
0.44396239495454914	0.8687878843530821	23.451581716537476
0.4433962663790488	0.8691927869604393	23.481581687927246
0.44535311766745445	0.8675470170545772	23.521581888198853
0.4880571779678741	0.8497621870235914	23.551581859588623
0.4887934436308355	0.8492046562013136	23.581581830978394
0.48687169583151196	0.8494368697983902	23.62158179283142
0.4884114312987393	0.8476028304792427	23.65158176422119
0.48805914567291697	0.8472061109436068	23.681581735610962
0.48835870084050176	0.847606660990563	23.72158169746399
0.4890783991848182	0.848069233268713	23.75158166885376
0.4898767014672315	0.8469643903476582	23.78158187866211
0.49167376375775923	0.8493637997267632	23.821581840515137
0.5140976819208551	0.8734960904142994	23.851581811904907
0.5139083933170514	0.873638277504156	23.881581783294678
0.5123062465368354	0.8747458184461389	23.921581745147705
0.5122380585864723	0.8729881155492605	23.951581716537476
0.5116626056965974	0.8744157910299936	23.981581687927246
0.5115673648929656	0.8739328073225564	24.021581888198853
0.5106188691862483	0.8740011401186171	24.051581859588623
0.5101732021218912	0.8756565640999991	24.081581830978394
0.5100949835749637	0.876034508938148	24.12158179283142
0.5226869599929719	0.8931818522521698	24.15158176422119
0.5213944422613056	0.8948845065574142	24.181581735610962
0.5210824444825669	0.8956722614814964	24.22158169746399
0.5205897488934682	0.8984220252358593	24.25158166885376
0.5202315968513544	0.8980716870871257	24.28158187866211
0.518285705469057	0.8997159476581623	24.321581840515137
0.5171141285469499	0.9009159861241142	24.351581811904907
0.5163797817818722	0.9018835399791567	24.381581783294678
0.5154822519758503	0.9018320208734599	24.421581745147705
0.5191568527443979	0.9036843401111099	24.451581716537476
0.5325842709451681	0.9222292322045104	24.481581687927246
0.5312754831183902	0.9237212733859018	24.521581888198853
0.531696893934364	0.9245652336063465	24.551581859588623
0.5313136275319811	0.9256262406652029	24.581581830978394
0.5316648792642656	0.9271383162186432	24.62158179283142
0.5315450128738595	0.9278141044752383	24.65158176422119
0.5306740513464457	0.9283220232698376	24.681581735610962
0.5307490802150436	0.9283369895214325	24.72158169746399
0.5312404496934074	0.9270490006174005	24.75158166885376
0.5306333374440527	0.9273444993857175	24.78158187866211
0.5304806555459353	0.9275377058978224	24.821581840515137
0.5316491231923567	0.968089710384422	24.851581811904907
0.5310009009378344	0.9739418641390387	24.881581783294678
0.5296564854463007	0.977965413661586	24.921581745147705
0.5273363654836125	0.9806193614380991	24.951581716537476
0.5259581160735904	0.9808676590811618	24.981581687927246
0.5248960248405006	0.9806287738328048	25.021581888198853
0.5245639544069356	0.9828772911814351	25.051581859588623
0.5232538521384823	0.9818756294601627	25.081581830978394
0.5221376913878062	0.9821760233374112	25.12158179283142
0.5211676495430417	0.9811597078104866	25.15158176422119
0.5216298673894723	1.0161013163233417	25.181581735610962
0.5196540052375678	1.0218603001857398	25.22158169746399
0.5184255889468761	1.0255751713195116	25.25158166885376
0.5184575808435152	1.0262071513601387	25.28158187866211
0.518059552696391	1.0274754604123577	25.321581840515137
0.5184767266938287	1.0267170539431418	25.351581811904907
0.5174280874731143	1.026980889224131	25.381581783294678
0.5180723872775106	1.0265608651479463	25.421581745147705
0.517903848500426	1.0254984812551369	25.451581716537476
0.5187092204347664	1.0244145845952812	25.481581687927246
0.51841681913822	1.023750779192515	25.521581888198853
0.5175800081102129	1.024561253409002	25.551581859588623
0.5173399153747164	1.0250691405056371	25.581581830978394
0.5181051575756928	1.0254989222851492	25.62158179283142
0.5168356073602802	1.028600949676385	25.65158176422119
0.5079924639994731	1.0659073812028594	25.681581735610962
0.5061271438772067	1.066283022825264	25.72158169746399
0.5033865725859304	1.0662327330476926	25.75158166885376
0.502157643104199	1.0675734289442518	25.78158187866211
0.5000979233459113	1.0677438505063215	25.821581840515137
0.4990646934880444	1.0673660622706083	25.851581811904907
0.49841035946796475	1.0678970534745154	25.881581783294678
0.4974240970743032	1.0680154370142476	25.921581745147705
0.49661257149690474	1.0688812230634672	25.951581716537476
0.4763144260599334	1.0846194480932645	25.981581687927246
0.46053918990652704	1.1000060436784502	26.021581888198853
0.45819407945562185	1.1014662728214806	26.051581859588623
0.45901009058470144	1.1008189751382047	26.081581830978394
0.457089001456947	1.1013287200265909	26.12158179283142
0.4579382998412161	1.1019917396240126	26.15158176422119
0.45995113879656346	1.1009913402804874	26.181581735610962
0.4594302263419094	1.1019925692384196	26.22158169746399
0.4600564046334625	1.1027381545816444	26.25158166885376
0.45823659023130053	1.101391307628288	26.28158187866211
0.46063704709210357	1.1006018535690358	26.321581840515137
0.4601463514223071	1.1011957154571097	26.351581811904907
0.46134614574391275	1.0996664750642284	26.381581783294678
0.46044552146067114	1.1018099003670134	26.421581745147705
0.46160561625424285	1.1004367370313215	26.451581716537476
0.4612514669454141	1.1020687055908198	26.481581687927246
0.4607371561671961	1.1019215380739569	26.521581888198853
0.43433295596387567	1.135890967377951	26.551581859588623
0.4302080962573964	1.1385908990597375	26.581581830978394
0.4248088499480158	1.1404109421853823	26.62158179283142
0.42126225321316113	1.142851241541349	26.65158176422119
0.41983048043891	1.14301775592546	26.681581735610962
0.4187721909114575	1.1455966486719116	26.72158169746399
0.41835820573484245	1.1442436254289607	26.75158166885376
0.41763987108919576	1.1453411952334687	26.78158187866211
0.4175077850446983	1.1445690480457995	26.821581840515137
0.4167569778307786	1.1453055709989755	26.851581811904907
0.416337534875944	1.142702487557781	26.881581783294678
0.41597893387723667	1.1424406563515301	26.921581745147705
0.415594154174469	1.1435689282173698	26.951581716537476
0.4135929432826822	1.143733043895005	26.981581687927246
0.36901310175070196	1.1506300144750383	27.021581888198853
0.36843994954547643	1.1491597122337802	27.051581859588623
0.3656106204305592	1.148751996856165	27.081581830978394
0.3629447723804222	1.147240459129001	27.12158179283142
0.36143579453003155	1.1483199587396287	27.15158176422119
0.3617358571589668	1.146840874501782	27.181581735610962
0.3624140834223022	1.147985471697838	27.22158169746399
0.361843361434889	1.1486387020299493	27.25158166885376
0.3617373691385529	1.1490595936009669	27.28158187866211
0.36174159716540766	1.1489331757991004	27.321581840515137
0.35898247396920363	1.1477451258617253	27.351581811904907
0.3284057805134345	1.1433520817257523	27.381581783294678
0.32805031432124326	1.1442949472812665	27.421581745147705
0.3256031584516583	1.1434714562959154	27.451581716537476
0.3242648929149931	1.1440412549458518	27.481581687927246
0.32263328477151343	1.1444016464916391	27.521581888198853
0.32239365355602473	1.1437915550046547	27.551581859588623
0.32011728380445265	1.1433647280410946	27.581581830978394
0.31873502379057994	1.1428648544855224	27.62158179283142
0.3191483883229417	1.1423435894994374	27.65158176422119
0.28304355736644854	1.143664528263586	27.681581735610962
0.2747218906795817	1.1412418053159932	27.72158169746399
0.27064854864783794	1.1420726227966649	27.75158166885376
0.2684989269388452	1.1410361905203252	27.78158187866211
0.26561110407841043	1.1414143831378731	27.821581840515137
0.26533804693855934	1.1430104396637273	27.851581811904907
0.26598118475934407	1.142440604586689	27.881581783294678
0.2658204829532328	1.1435121075391346	27.921581745147705
0.26440878042104127	1.1423238268547653	27.951581716537476
0.2644153652381332	1.1416377722149278	27.981581687927246
0.2635302833804069	1.1409845618501564	28.021581888198853
0.2561984169428278	1.1371348238464463	28.051581859588623
0.2517187038871066	1.1362752411678099	28.081581830978394
0.25124662140367804	1.1351723006922814	28.12158179283142
0.25187554636477594	1.1353920242682625	28.15158176422119
0.251771616425716	1.1339412804353604	28.181581735610962
0.25105010617171575	1.1318307718967104	28.22158169746399
0.24913826306671555	1.1328659365973806	28.25158166885376
0.2472842197598915	1.1322380790282693	28.28158187866211
0.2489693265167805	1.1321496944113407	28.321581840515137
0.2487918698065722	1.1328072660403097	28.351581811904907
0.24750912124445099	1.130960249126588	28.381581783294678
0.22822353135324042	1.1140441445126572	28.421581745147705
0.2274384423624654	1.1121740020318962	28.451581716537476
0.22234890082493577	1.1111376323169415	28.481581687927246
0.22313305580362094	1.1111923126541825	28.521581888198853
0.22374013176188662	1.1099795907657437	28.551581859588623
0.22319899410344554	1.1107820406025328	28.581581830978394
0.22340472913640053	1.1108237247283108	28.62158179283142
0.22211428450455264	1.1132982789687915	28.65158176422119
0.22238920980561533	1.113913283881591	28.681581735610962
0.2601253076697717	1.1010780581302742	28.72158169746399
0.26609687773860746	1.0993936201408243	28.75158166885376
0.2655657789526669	1.0984618598304363	28.78158187866211
0.26557069973743586	1.0985234212222366	28.821581840515137
0.2678612639943594	1.0972164141813316	28.851581811904907
0.3407329538294047	1.0869271563674738	28.881581783294678
0.34040489678961594	1.0861603833202236	28.921581745147705
0.33765247783593494	1.0865377293833072	28.951581716537476
0.3357705954520783	1.0860572793323202	28.981581687927246
0.3354109789338062	1.08453253903128	29.021581888198853
0.3354184360527336	1.0848365342908026	29.051581859588623
0.335028135440583	1.084524048011343	29.081581830978394
0.333906229908741	1.0838154389908803	29.12158179283142
0.3897685581480214	1.0737096890413753	29.15158176422119
0.39326071860432077	1.0748750954911794	29.181581735610962
0.39125434802773335	1.0768223115583184	29.22158169746399
0.3919315922351698	1.0756221432312227	29.25158166885376
0.3911006201666169	1.0761621758885436	29.28158187866211
0.39095953989376675	1.0750496997133494	29.321581840515137
0.39055190218084596	1.075199179755504	29.351581811904907
0.3911737166777866	1.0772759337808242	29.381581783294678
0.39188355111693235	1.0770270920497165	29.421581745147705
0.39252528570404815	1.0777294355217917	29.451581716537476
0.3926098453413811	1.0787629702785204	29.481581687927246
0.4188484100482734	1.0712216915922914	29.521581888198853
0.4226051755219263	1.06974230327172	29.551581859588623
0.42000517082289107	1.0701777145431233	29.59158182144165
0.4192978440295466	1.0692199874411592	29.62158179283142
0.4181777234153102	1.0689326376977442	29.65158176422119
0.4174329261633119	1.068443220622362	29.69158172607422
0.42515408579310365	1.064703622377556	29.72158169746399
0.44272100497287037	1.0492664093245443	29.75158166885376
0.4428138559529161	1.0491189646138797	29.791581869125366
0.44441277959350023	1.0501387898134518	29.821581840515137
0.44344702321268387	1.050873601097975	29.851581811904907
0.44137858434822813	1.0505470459981305	29.891581773757935
0.43971256155458555	1.0511946398910352	29.921581745147705
0.4386185694604693	1.0542232478517002	29.951581716537476
0.43914768780164476	1.0558391411683665	29.991581678390503
0.44710387238142146	1.0235493248289909	30.021581888198853
0.4494657011594664	1.0023992231344014	30.051581859588623
0.4499447414907873	1.0018296720630526	30.09158182144165
0.44679460771449103	1.0019504083096367	30.12158179283142
0.44663205837786096	1.002456469185376	30.15158176422119
0.4458542903959158	1.0035713788108367	30.19158172607422
0.4448361822891244	1.0034567476539027	30.22158169746399
0.4460576335556694	1.0039612483056624	30.25158166885376
0.44644305395914924	1.0037690674183526	30.291581869125366
0.44566735746373104	1.0046953571619097	30.321581840515137
0.4449010743558504	1.0059294407086765	30.351581811904907
0.4444686781445079	1.0075602416274283	30.391581773757935
0.4448031387610269	1.0075876420548675	30.421581745147705
0.4444863596620144	1.0053102728824315	30.451581716537476
0.4497243435772096	0.9755818698797407	30.491581678390503
0.44997121318040223	0.9767998400599662	30.521581888198853
0.4659731883286966	0.9794095012023064	30.551581859588623
0.4769879112386034	1.0222593861217752	30.72158169746399
0.4714843727609173	0.9970356074199013	30.75158166885376
0.4678086072231888	0.9921440572246136	30.791581869125366
0.4628627970674045	0.9872049639729485	30.821581840515137
0.45995505859890795	0.9828666837895684	30.851581811904907
0.45881321411476833	0.9804543725242579	30.891581773757935
0.4576871048785415	0.9794882222929362	30.921581745147705
0.45613198560978957	0.9782618560196756	30.951581716537476
0.45517487459553635	0.9769395685175898	30.991581678390503
0.44490192025092573	0.9327834758186474	31.021581888198853
0.44129320623939816	0.9297998655315352	31.051581859588623
0.44241362798389505	0.9247304113983824	31.09158182144165
0.44234642480418057	0.9206930357595686	31.12158179283142
0.4427858542017002	0.9181792782672688	31.15158176422119
0.44177297781863256	0.916815881869411	31.19158172607422
0.4433508793522648	0.9146545280406398	31.22158169746399
0.4420662481165542	0.9152343833157326	31.25158166885376
0.44275731132581053	0.9139706858638512	31.291581869125366
0.44247651585817677	0.9132812309941261	31.321581840515137
0.4436150236854457	0.9134079820138411	31.351581811904907
0.4385749013781346	0.9104524300111034	31.391581773757935
0.4262355720602448	0.8959200912908953	31.421581745147705
0.4252369326598816	0.8964328499280922	31.451581716537476
0.426259456701042	0.8956045487379187	31.491581678390503
0.4253705818959838	0.8960635424547784	31.521581888198853
0.4244587625831357	0.8956744081335146	31.551581859588623
0.4240978615236172	0.8950169559753475	31.59158182144165
0.4231501709742153	0.8940518077670604	31.62158179283142
0.4175180636578133	0.8918722604082936	31.65158176422119
0.399677464975271	0.874215872512652	31.69158172607422
0.39922684340429615	0.8741483096574081	31.72158169746399
0.398286638389688	0.8739271149682696	31.75158166885376
0.3966858983868335	0.8747142356761746	31.791581869125366
0.396571292929175	0.8741216067954796	31.821581840515137
0.396864193072827	0.8739991870290383	31.851581811904907
0.3976955733919932	0.8742233312609778	31.891581773757935
0.39769743170120436	0.8733393419779746	31.921581745147705
0.3984404518327293	0.8743884916629057	31.951581716537476
0.39909165006848624	0.873574668906141	31.991581678390503
0.3990349176989094	0.8737664079039769	32.02158188819885
0.39993704786705375	0.8730241658446898	32.05158185958862
0.40329607881635243	0.9190426532273366	32.09158182144165
0.40454460619631244	0.9256045600232318	32.12158179283142
0.4052411191326355	0.9278122259233051	32.15158176422119
0.40635274847998104	0.9280831708087226	32.19158172607422
0.4052316553868331	0.9295441245716374	32.22158169746399
0.4060660530087589	0.9289550677768638	32.25158166885376
0.4044235436111772	0.9296599850009362	32.291581869125366
0.40458377915996435	0.930009439884382	32.32158184051514
0.40471603101305564	0.9298220101565475	32.35158181190491
0.4037932516399084	0.9286112340176599	32.391581773757935
0.40234820104881835	0.929327505109229	32.421581745147705
0.39723786358988294	0.9362336541764527	32.451581716537476
0.3909932668886666	0.9473472581813137	32.4915816783905
0.38861891166574697	0.9489025628058103	32.52158188819885
0.38716958347667246	0.9481710633293975	32.55158185958862
0.38608629775758535	0.9478500162393181	32.59158182144165
0.38447288948592	0.947854246079147	32.62158179283142
0.38478722554280254	0.9467631572521763	32.65158176422119
0.38742737308129716	0.9501201584580419	32.69158172607422
0.404885913620482	0.9702586662890542	32.72158169746399
0.40542702494605226	0.9710692490328023	32.75158166885376
0.4049091144606972	0.9710487485483426	32.791581869125366
0.40351626334110663	0.9727163888970691	32.82158184051514
0.4040324312814262	0.9716553450784655	32.85158181190491
0.40429015385065326	0.9734461571393445	32.891581773757935
0.4047678554420866	0.9744017711739421	32.921581745147705
0.4043406292084273	0.974505290051079	32.951581716537476
0.4051517029637662	0.9743822196242612	32.9915816783905
0.40145613334108404	0.980692472450775	33.02158188819885
0.3740655490293903	1.0074768276127246	33.05158185958862
0.37279476933898054	1.007066074768663	33.09158182144165
0.36980276509499566	1.009524769082079	33.12158179283142
0.36866400747990685	1.0098355433067705	33.15158176422119
0.36782139698340216	1.0106026205235643	33.19158172607422
0.36720364963641566	1.0086937237973574	33.22158169746399
0.3638252210167713	1.0105196149946851	33.25158166885376
0.3627725945902068	1.010578090099451	33.291581869125366
0.36368719567175795	1.0093986059008297	33.32158184051514
0.3633182319695531	1.0084542434957962	33.35158181190491
0.36138621727859316	1.0097900246908778	33.391581773757935
0.35981612239656297	1.011016423359187	33.421581745147705
0.3612499751280507	1.0103685839635363	33.451581716537476
0.36065214675975077	1.010446079390498	33.4915816783905
0.3595639025329632	1.0115788561926844	33.52158188819885
0.36029181525092224	1.012596368277224	33.55158185958862
0.36186146429077004	1.0130986491782625	33.59158182144165
0.36020499577610665	1.0124757950315355	33.62158179283142
0.2118845015335636	1.058964399787512	33.65158176422119
0.12715389937072236	1.0615145170615514	33.69158172607422
0.12228671068796787	1.0618695872773252	33.72158169746399
0.11697410080911977	1.0616610627080925	33.75158166885376
0.11739652582708408	1.0607179023438578	33.791581869125366
0.1123407972104319	1.0608605235130963	33.82158184051514
0.004106845960416101	1.0492900175668884	33.85158181190491
0.006180492022773609	1.050409113442767	33.891581773757935
0.008090108804845888	1.0497989504005802	33.921581745147705
0.005426871694681615	1.047066748686914	33.951581716537476
0.0019102928825431567	1.0449358417313035	33.9915816783905
0.0011815882535434216	1.0438264853021941	34.02158188819885
0.012942008716737063	1.032525874674288	34.05158185958862
0.046800067222183314	1.021711302118851	34.09158182144165
0.3479494876021658	0.9904390672631188	34.19158172607422
0.31881199427246865	0.9963793815968017	34.22158169746399
0.30278430344018537	0.9951977822183506	34.25158166885376
0.29926559167688516	0.9945365959310897	34.291581869125366
0.2957788721801229	0.9963247980202248	34.32158184051514
0.29433616286162245	0.9985948081818867	34.35158181190491
0.2937873088901682	1.0006644303945897	34.391581773757935
0.29618547150424224	1.0057387524617722	34.421581745147705
0.2998217501641999	1.008323248559736	34.451581716537476
0.35373310211754844	0.9669374609489498	34.4915816783905
0.35553439708181167	0.9669436285880276	34.52158188819885
0.35579169094971774	0.9697857104756427	34.55158185958862
0.35478481110120585	0.9737460862303626	34.59158182144165
0.35252741658078995	0.9721928354063334	34.62158179283142
0.3525995251323278	0.9776681089304379	34.65158176422119
0.3517618797188313	0.9835449013433203	34.69158172607422
0.35170191040600424	0.9884777633705591	34.72158169746399
0.35027695628108624	0.9930771491765393	34.75158166885376
0.3222219980535089	0.9404504032677331	34.791581869125366
0.31962910914841924	0.941005185738468	34.82158184051514
0.3158569005087773	0.9490067193137458	34.85158181190491
0.3152374540225384	0.9514457224712142	34.891581773757935
0.314514171586182	0.9526588046486327	34.921581745147705
0.31352556833364453	0.9532898577845877	34.951581716537476
0.3114351006260091	0.9555542841312089	34.9915816783905
0.31052351004664214	0.9561867147100594	35.02158188819885
0.3097354561457942	0.9568308628960349	35.05158185958862
0.3089458808893117	0.9587063723692014	35.09158182144165
0.30888435428885375	0.9557227863382234	35.12158179283142
0.3266500469115367	0.8031893193600546	35.15158176422119
0.3243271142374088	0.8064539512652422	35.19158172607422
0.32412707442481326	0.8061038906022577	35.22158169746399
0.32280809107786684	0.8088657223289467	35.25158166885376
0.3225376694041874	0.8124403492528786	35.291581869125366
0.3236124439059394	0.8117937539975407	35.32158184051514
0.3219833759509908	0.8191058169720192	35.35158181190491
0.32205839310871326	0.8237418992411477	35.391581773757935
0.3437638317489731	0.8188735131130621	35.421581745147705
0.36548947816259025	0.8251572714189651	35.451581716537476
0.3655666558235997	0.8223924328455923	35.4915816783905
0.3655442302621964	0.8259641482271705	35.52158188819885
0.36632618627980856	0.8296988067140219	35.55158185958862
0.36681795965016645	0.83473892942129	35.59158182144165
0.3652276308239492	0.8395724771642512	35.62158179283142
0.369076724071886	0.8418486988404227	35.65158176422119
0.41145104250749426	0.913330765590598	35.69158172607422
0.4250708316356109	0.9974521913221155	35.72158169746399
0.4082820877531493	1.003711820763009	35.75158166885376
0.4026030969689637	1.0032721882893838	35.791581869125366
0.3968183773320429	1.0000710745623622	35.82158184051514
0.3931832300570213	1.0008610317517177	35.85158181190491
0.3906871378480636	1.0009276837139787	35.891581773757935
0.38929794855152927	0.9992054010417818	35.921581745147705
0.3927962808901134	0.9760232299932404	35.951581716537476
0.4007289373441246	0.930781330571246	35.9915816783905
0.40254720599506627	0.9084908291759215	36.02158188819885
0.4012180344016189	0.9062833455957907	36.05158185958862
0.40535359984231767	0.8824883226196846	36.09158182144165
0.4044267253869561	0.8831807561732354	36.12158179283142
0.4066654350101638	0.8764125539608695	36.15158176422119
0.4067746690112671	0.8743305994862774	36.19158172607422
0.41866665950586257	0.8553457073684911	36.22158169746399
0.4188235861222144	0.8552186291012757	36.25158166885376
0.417892829046435	0.8576746435827619	36.291581869125366
0.4165800420939783	0.8605685440695502	36.32158184051514
0.4150137203750117	0.8631851554590224	36.35158181190491
0.4146022819647002	0.8652784121623082	36.391581773757935
0.41480098671683324	0.867294553031205	36.421581745147705
0.41531920081249957	0.8705125141459898	36.451581716537476
0.4152217338848491	0.8720643694642664	36.4915816783905
0.4137560614840783	0.8763809192233345	36.52158188819885
0.4129878807294343	0.8807507821268586	36.55158185958862
0.4112236470401264	0.8835399895419922	36.59158182144165
0.4096282007393063	0.8889836399130913	36.62158179283142
0.40809548511891586	0.8977757779443925	36.65158176422119
0.40933699073499763	0.8998700053695045	36.69158172607422
0.42430710316502	1.0011928766670612	36.891581773757935
0.40691720514775714	1.0263462913823322	36.921581745147705
0.40006014185755634	1.0065191006760674	36.951581716537476
0.3955439828329802	1.004145764986024	36.9915816783905
0.38860641757291875	1.0036087453673883	37.02158188819885
0.3837123556420897	0.9994423987176165	37.05158185958862
0.38060591841641833	0.9957444721118197	37.09158182144165
0.37959419302410485	0.9914632476850422	37.12158179283142
0.3764676389040013	0.9885255483165386	37.15158176422119
0.16016397380940672	1.0855795197227354	37.22158169746399
0.1578488274287679	1.0733965637848482	37.25158166885376
0.1564369931117041	1.070729814245958	37.291581869125366
0.15943729345959465	1.054796469395088	37.32158184051514
0.15755778524129815	1.0510385780841562	37.35158181190491
0.15661591291230167	1.04710063496583	37.391581773757935
0.158078724861773	1.042674326865488	37.421581745147705
0.15728145764653945	1.038035522761907	37.451581716537476
0.16302776189833415	1.0354330076298548	37.4915816783905
0.40783028527549664	1.0788301009632153	37.55158185958862
0.4038695788038659	1.0783671236842656	37.59158182144165
0.398162594507424	1.0773064450580465	37.62158179283142
0.39446063119575037	1.0751608965485226	37.65158176422119
0.39250799519378315	1.0740392905518663	37.69158172607422
0.39078122871815546	1.0745788132071599	37.72158169746399
0.390616456796268	1.0707617412947084	37.75158166885376
0.40057854903222895	0.9028690055893066	37.791581869125366
0.39811014721759874	0.9025498937604579	37.82158184051514
0.3973872509377546	0.902147211168087	37.85158181190491
0.3973459956450302	0.9002639426675185	37.891581773757935
0.3979387918523398	0.8990280318474754	37.921581745147705
0.39730729525600395	0.8994407574924703	37.951581716537476
0.39638817503669793	0.8986673674415773	37.9915816783905
0.38270061122078336	0.8708252838929654	38.02158188819885
0.38396517218857923	0.8710673433379064	38.05158185958862
0.38298337746935	0.8746901690104697	38.09158182144165
0.38202160622816145	0.8793959744210106	38.12158179283142
0.3821085508411525	0.8855335305264198	38.15158176422119
0.38163826944641815	0.8904602228200655	38.19158172607422
0.3806833429110116	0.8951382691669254	38.22158169746399
0.3810552259543324	0.8979172557788923	38.25158166885376
0.37982918136236726	0.8997099290768688	38.291581869125366
0.379108198698538	0.9006262929905051	38.32158184051514
0.37514519080096875	0.9067661995198513	38.35158181190491
0.252026310237515	1.027920724352859	38.391581773757935
0.23735931613096703	1.0330461285932038	38.421581745147705
0.23616081101528197	1.0345891543160235	38.451581716537476
0.232398432399748	1.0372728135855434	38.4915816783905
0.2309904467233475	1.0390050107960362	38.52158188819885
0.22918287404726517	1.0411206805800164	38.55158185958862
0.40439091662787086	1.1312656425846705	38.62158179283142
0.4053481824286265	1.132673206048183	38.65158176422119
0.4010466846569222	1.1326895929150769	38.69158172607422
0.39928966919857195	1.132972939185162	38.72158169746399
0.39856430280048993	1.1343887563932022	38.75158166885376
0.472010044733942	1.1560103474537826	38.791581869125366
0.497340660122221	1.1668691208698554	38.82158184051514
0.49714525437301266	1.1687980165397343	38.85158181190491
0.49603013448518596	1.1693592659747314	38.891581773757935
0.4952157668269046	1.1711551186847897	38.921581745147705
0.4946146771099319	1.1730104728838715	38.951581716537476
0.34141477154738065	0.9405789651229765	39.02158188819885
0.32375577135665906	0.9387455419162607	39.05158185958862
0.32263293149990563	0.9388552458598652	39.09158182144165
0.3180688929460295	0.9404183656650402	39.12158179283142
0.3148443275562085	0.9427835046439477	39.15158176422119
0.13449811063907546	1.0632466181067364	39.22158169746399
0.12931266740207134	1.0639279137098772	39.25158166885376
0.12412784466427591	1.064982979913212	39.291581869125366
0.11760386464427323	1.067777213151677	39.32158184051514
0.11501356891067739	1.0700645070994301	39.35158181190491
0.11177434869158588	1.0710334207981393	39.391581773757935
0.1087465959981593	1.0731730059105815	39.421581745147705
0.10762776421211287	1.0747116578576483	39.451581716537476
0.17792120248034962	1.0650950248994975	39.4915816783905
0.21459256694777598	1.0668128963734085	39.52158188819885
0.21163632947709254	1.0702064690904565	39.55158185958862
0.2093171843755423	1.0711318648055868	39.59158182144165
0.20948993469144755	1.0723483908718048	39.62158179283142
0.2112648329586377	1.0754875130419346	39.65158176422119
0.43561846235297974	1.2839928579690645	39.85158181190491
0.4287300344311996	1.260482895302059	39.891581773757935
0.4240483214169781	1.2469124454491292	39.921581745147705
0.4163040459329285	1.2411671877200026	39.951581716537476
